9 0.5 0.5 1 1
11 1 0.309821140625 0.048746166015625 0.21664189453125 0.040569134765625 0.323852390625 1 0.4082248984375 1 0.309821140625
0 0.9967791467446478 0.3568070160375979 0.006441706510704304 0.09618041193163096
3 0.9306944256990597 0.3503752389469589 0.0963521707272057 0.10313072848964455
7 0.8184275861710972 0.3376700410971706 0.09232075879014423 0.10110941964226872
1 0.7063484895487273 0.3278945307473823 0.09672765653839077 0.10899010348964455
10 0.588222275020765 0.3152916086686578 0.10063390653839077 0.10905828733702039
6 0.46631497242986425 0.30470999543730914 0.10454015653839088 0.10912647118439622
8 0.34733735733896354 0.2940772443204286 0.10258703153839077 0.10909237926070836
5 0.22158638571659361 0.28454037743645577 0.10271219347545246 0.11104550426070833
4 0.09863993965716202 0.2729992476669511 0.10711909122369909 0.1189261881080842