9 0.5 0.5 1 1
11 0 0.819829013671875 0.674742724609375 0.55075049609375 0.971425263671875 0.4372470234375 0.9264728828125 0.387799603515625 0.44998346484375 0.564235615234375 0 0.728549623046875 0 0.819829013671875
2 0.056640625 0.7509765625 0.0810546875 0.0498046875
0 0.189453125 0.7001953125 0.0771484375 0.0537109375
3 0.3154296875 0.654296875 0.0634765625 0.0537109375
7 0.419921875 0.6123046875 0.05859375 0.052734375
1 0.5234375 0.57421875 0.0517578125 0.0546875
10 0.6123046875 0.5400390625 0.048828125 0.052734375
6 0.705078125 0.505859375 0.0478515625 0.0517578125
8 0.7822265625 0.4755859375 0.0439453125 0.046875
5 0.8564453125 0.4462890625 0.0439453125 0.041015625
4 0.92578125 0.419921875 0.0439453125 0.0400390625