9 0.5 0.5 1 1
11 0 0.365946837890625 0.264811611328125 0.315961373046875 0.57827641796875 0.254198275390625 0.9941625546875 0.17015187109375 0.999891685546875 0.07178648828125 0.891915837890625 0.093287234375 0.89044062890625 0.0925771171875 0.8089380703125 0.10892433984375 0.8090411875 0.1123701015625 0.77278808203125 0.120150025390625 0.691171150390625 0.133253240234375 0.689286525390625 0.136964423828125 0.66188965625 0.143745962890625 0.655695708984375 0.14331283984375 0.6517219296875 0.14121475390625 0.577657849609375 0.157475166015625 0.575214267578125 0.1629674765625 0.54483127734375 0.16893324609375 0.541624703125 0.166686265625 0.46739808203125 0.183137853515625 0.467082541015625 0.185947380859375 0.44017425390625 0.192156125 0.434527552734375 0.19014293359375 0.36431063671875 0.205459111328125 0.36428592578125 0.208491513671875 0.337703181640625 0.21431860546875 0.33157915234375 0.212676453125 0.265767146484375 0.227896234375 0.2645688125 0.230239611328125 0.237358443359375 0.236427232421875 0.232154619140625 0.232017837890625 0.16623827734375 0.246420822265625 0.165446400390625 0.24960145703125 0.139305279296875 0.25566197265625 0.13526283203125 0.25214328515625 0.07125336328125 0.2650612734375 0.071111318359375 0.27010823046875 0.04530752734375 0.275584708984375 0.040427498046875 0.27342325 0 0.282113939453125 0 0.365946837890625
5 0.018006079083898868 0.32215627336179176 0.036012158167797736 0.07009379672358351
8 0.10196338185943848 0.30325299907920733 0.06246147362105359 0.07050352413731509
6 0.19736285222724076 0.28148832519891137 0.0623477170439638 0.06855039913731509
10 0.2983941844408634 0.264039628732347 0.06268898677523316 0.07440977413731509
1 0.40045895744303095 0.24568265766807118 0.06636772362105359 0.0707766757464694
7 0.5059084442535577 0.21971805031066116 0.06659523677523316 0.0746829257464694
3 0.6171604277755396 0.1951397328669826 0.07072899992941295 0.07886232735562371
0 0.7322617830089766 0.17181112953245836 0.07050148677523316 0.07495607735562371
2 0.8532793915309584 0.14791569111166566 0.07474900650650262 0.08108860396477807