9 0.5 0.5 1 1
11 0 0.769854451171875 0.842776455078125 0.56985019921875 0.9831944453125 0.535123015625 0.971384259765625 0.480922619140625 0 0.687785166015625 0 0.769854451171875
2 0.009765625 0.736328125 0.01953125 0.060546875
0 0.1201171875 0.7021484375 0.083984375 0.0595703125
3 0.255859375 0.6708984375 0.0712890625 0.0595703125
7 0.376953125 0.64453125 0.0732421875 0.056640625
1 0.4892578125 0.6181640625 0.0673828125 0.0537109375
10 0.5927734375 0.5947265625 0.0595703125 0.0537109375
6 0.69140625 0.5712890625 0.05859375 0.0517578125
8 0.7822265625 0.552734375 0.0517578125 0.0517578125
5 0.8681640625 0.5322265625 0.048828125 0.048828125
4 0.951171875 0.5146484375 0.0400390625 0.048828125