9 0.5 0.5 1 1
11 0.6292565625 0 0 0.751145447265625 0 0.874787205078125 0.72347266796875 0 0.6292565625 0
0 0.6412362535622396 0.047076466074275757 0.048557001092100815 0.07609199772903606
3 0.5620421390583332 0.14126466285748093 0.050510126092100815 0.07625142992607925
7 0.48282529480993897 0.23642942214068613 0.05237233211414938 0.07250461212312242
1 0.4035402613280813 0.3345238689238913 0.05041920711414938 0.07234517992607925
10 0.31944060457968715 0.4300872086997044 0.05432545711414938 0.0726640443201656
6 0.2392244680868051 0.5263082465814312 0.05446183558107642 0.0785234193201656
8 0.15791812037148384 0.6274918130616796 0.05051012609210076 0.07625142992607925
5 0.07272825240065042 0.7280176814360142 0.05246325109210076 0.07641086212312231
4 0.005851618126714075 0.8311743422340035 0.01170323625342815 0.0715879575763454