10 0 0.859158134765625 0.009051099609375 0.999710283203125 0.062523302734375 0.99939919140625 0.155137107421875 0.032439119140625 0.071336509765625 0.041694814453125 0.029222740234375 0.486437171875 0 0.735925390625 0 0.859158134765625
2 0.03877075095140213 0.8160085467902667 0.07754150190280426 0.0707897438516798
0 0.0460278698684444 0.7153828389692934 0.08286355608350462 0.0688252559028304
3 0.05684299463059387 0.6176868186483201 0.08278397233826164 0.0668721309028304
7 0.06847551440225735 0.523891366852922 0.09043730484777565 0.06301133269822845
1 0.07596303293819189 0.43597801595522295 0.08246563735728968 0.059059630902830396
9 0.0853240927288834 0.35000642710867436 0.0803533448668037 0.05514201795398088
6 0.09358921440171046 0.26697020723655057 0.0803533448668037 0.05514201795398088
4 0.1018543360745375 0.18393398736442676 0.0765266786120467 0.057072417056281854
5 0.11000008212950008 0.10382745499230295 0.08019417737631773 0.05123576795398088
4 0.11446009510465423 0.042292654543453434 0.07102875370718689 0.0179871911585828