9 0.5 0.5 1 1
11 0.5791484921875 0 0.457415337890625 0.29136824609375 0.16272661328125 0.97094686328125 0.255982115234375 0.96876902734375 0.434061626953125 0.52442377734375 0.63599405859375 0.02678667578125 0.607003896484375 0 0.5791484921875 0
2 0.22587754679539182 0.9319623016025842 0.055573840010340436 0.08031584595570584
0 0.2829599734444267 0.7976395202214708 0.05954827001113583 0.08647121888111342
3 0.3351823142603934 0.6656398612471168 0.05938918334261323 0.07279934388111342
7 0.3827831992460759 0.5564711371795223 0.05932100334181778 0.06693996888111342
1 0.4264891975652243 0.44857497353733544 0.05925282334102233 0.06108059388111342
10 0.4664593958863612 0.355623245320556 0.0572542450071587 0.05702634491840963
6 0.5044310158736345 0.25891326606648046 0.057254245007158866 0.05702634491840963
8 0.5396661250298282 0.1790268477564605 0.05134941667329507 0.05267609803029827
5 0.5719942733529536 0.10131555289049625 0.04546731500636336 0.05027897614218693
4 0.6024261133434086 0.02863506948723577 0.04351419000636314 0.05013097717948316