9 0.5 0.5 1 1
11 0.957923451171875 1 0.95901117578125 0.99438201171875 0.7982711484375 0.7653351015625 0.27695958984375 0.014514837890625 0.1722989375 0.0090298046875 0.5575612578125 0.592202283203125 0.83252024609375 1 0.957923451171875 1
2 0.917978900390726 0.994202807693516 0.08131018415851465 0.011594384612968023
0 0.8157444038027986 0.8839258854855345 0.09264913804829877 0.11973816853213637
3 0.7185729861752423 0.7366904285375299 0.09655538804829877 0.11994288641996076
7 0.6228900356445902 0.5982952135614813 0.08495039462538867 0.12128185775648759
1 0.5346686837879321 0.4710004423891254 0.08415409858576006 0.10760998275648759
10 0.4514439010083638 0.34591469357655 0.08242848673993963 0.11141387381257539
6 0.36454038138297506 0.22453047687615027 0.07852223673993963 0.11120915592475106
8 0.2917068847774008 0.11069871028313581 0.0758865722774007 0.09938804698083883
5 0.2139144341938083 0.028735249886428692 0.06845386838761658 0.03863645409301446