9 0.5 0.5 1 1
11 0.302315052734375 0.549446837890625 0.2820952578125 0.355177240234375 0.255119955078125 0.102062771484375 0.2458792265625 0.023502416015625 0.130550802734375 0.05634865625 0.156787666015625 0.25704478125 0.18769778125 0.4969403046875 0.211116951171875 0.68456690234375 0.228832818359375 0.826820439453125 0.245515345703125 0.976982541015625 0.34577327734375 0.96938544921875 0.325498611328125 0.7693762265625 0.302315052734375 0.549446837890625
2 0.29226642855199847 0.9413556226573753 0.1111758420439638 0.0725930679487079
0 0.2812389383293992 0.8469104888403574 0.1081796446606823 0.08792207002330032
3 0.26871334941515923 0.7448008539860433 0.10852091439195166 0.09378144502330032
7 0.2556662243092785 0.6349527186130811 0.11047403939195166 0.09392944398600411
1 0.24554878670339775 0.5248825847960632 0.11678844070031091 0.10218594087411548
10 0.23100356290587623 0.4073699483858048 0.11874156570031097 0.10233393983681927
6 0.21565241147398945 0.2870016239568983 0.13102909858575995 0.11298755861304197
8 0.20156221398482715 0.16167648754663988 0.12700909200867017 0.11073843568763436
5 0.19138789809040152 0.052582916229622 0.11819204600433508 0.05951318879952301