10 0.380701822265625 1 0.758700421875 0.083954064453125 0.679622169921875 0.066148033203125 0.3155665625 1 0.380701822265625 1
2 0.7206728332459245 0.08543499768134186 0.07057935944055682 0.03367754279715779
0 0.6715172652972166 0.19022847200304716 0.08567294709789275 0.10461585248246608
3 0.6194611483333594 0.3203499903562217 0.08102670228437381 0.0945999036083427
7 0.5698761527389657 0.4437607331464578 0.08073070435896623 0.0906936536083427
1 0.5261359629021465 0.5547890682793482 0.07442733247085492 0.08445879279715784
9 0.4838163324534385 0.6600206093807692 0.07368733765733604 0.07469316779715784
6 0.44381982441149004 0.7604944999192519 0.07188221162003994 0.07652113086009615
8 0.40749299868306055 0.8513905083633272 0.06978108765733615 0.07444284392303446
5 0.37229073441733473 0.9403959727759332 0.067235966806521 0.06650518198597277
4 0.3424747097786468 0.9973794749561651 0.05480636047785292 0.005241050087669841