10 0.3736760625 0 0.372681216796875 0.5784930546875 0.368449046875 1 0.463218482421875 1 0.462175263671875 0.896230654296875 0.463215609375 0.1677157734375 0.457855064453125 0 0.3736760625 0
4 0.416015625 0.0185546875 0.080078125 0.037109375
5 0.4169921875 0.111328125 0.080078125 0.0576171875
8 0.41796875 0.2119140625 0.08203125 0.0576171875
6 0.41796875 0.3125 0.078125 0.0595703125
9 0.4169921875 0.41796875 0.08203125 0.05859375
1 0.41796875 0.521484375 0.08203125 0.064453125
7 0.4169921875 0.62890625 0.08203125 0.06640625
3 0.416015625 0.740234375 0.0830078125 0.0693359375
0 0.4169921875 0.8515625 0.0849609375 0.072265625
2 0.416015625 0.9638671875 0.0908203125 0.072265625