9 0.5 0.5 1 1
11 1 0.728398384765625 0.177374337890625 0.752395337890625 0 0.758718349609375 0 0.825345966796875 1 0.796074541015625 1 0.728398384765625
2 0.0146484375 0.7900390625 0.0283203125 0.05859375
0 0.1162109375 0.787109375 0.083984375 0.0625
3 0.240234375 0.7822265625 0.0830078125 0.060546875
7 0.3681640625 0.7783203125 0.08203125 0.0634765625
1 0.494140625 0.7744140625 0.08203125 0.0634765625
10 0.62109375 0.7724609375 0.0830078125 0.0634765625
6 0.7490234375 0.7685546875 0.08203125 0.0634765625
8 0.87890625 0.765625 0.0830078125 0.064453125
5 0.9833984375 0.7626953125 0.0322265625 0.0654296875