9 0.5 0.5 1 1
11 0.099047330078125 1 0.0326501328125 0.042195931640625 0 0.043188689453125 0 0.98208456640625 0.001274236328125 1 0.099047330078125 1
0 0.05078125 0.9716796875 0.0927734375 0.056640625
3 0.0458984375 0.869140625 0.091796875 0.0771484375
7 0.04296875 0.7587890625 0.0859375 0.0712890625
1 0.0390625 0.650390625 0.0771484375 0.0732421875
10 0.0341796875 0.5400390625 0.068359375 0.072265625
6 0.029296875 0.427734375 0.05859375 0.0703125
8 0.025390625 0.3173828125 0.0498046875 0.0732421875
5 0.0205078125 0.2001953125 0.041015625 0.0732421875
4 0.0166015625 0.0849609375 0.033203125 0.072265625