9 0.5 0.5 1 1
11 0.00010066796875 0.008651369140625 0.005868798828125 0.50436341796875 0.020287421875 0.99989933203125 0.1020790703125 0.998947599609375 0.09586337109375 0.005864958984375 0.00010066796875 0.008651369140625
5 0.04880608251113585 0.08147444666017076 0.0964758316756814 0.06751985667965849
8 0.05003332252545337 0.18694319666017076 0.0964758316756814 0.06751985667965849
6 0.0522484883732368 0.2933771458267048 0.0984062300087496 0.06558945834659036
10 0.05253325588795203 0.4017869466601708 0.09652128500954502 0.07142610667965843
1 0.053794585902667266 0.5101853841601708 0.09654401167647683 0.07337923167965843
7 0.05803105675124611 0.622455981659773 0.10045026167647682 0.07342468501352206
3 0.05740744176675676 0.7367365208267049 0.09270594167727225 0.0791931533457948
0 0.060678713448801505 0.849995044159773 0.09268321501034044 0.0772400283457948
2 0.06003237179738035 0.9623224583267048 0.08680111334340863 0.07521872334499946