9 0.5 0.5 1 1
11 1 0.760195828125 0.587638615234375 0.59355520703125 0.039320029296875 0.374333427734375 0.012887291015625 0.363728935546875 0.01380176953125 0.4423508671875 0.349821919921875 0.576333515625 0.698605 0.717091197265625 1 0.837689732421875 1 0.760195828125
2 0.05326251872148473 0.418748899677844 0.06018499373179384 0.057758268317365635
0 0.17402280251991775 0.46816906659920043 0.06403441359851547 0.056009861205190026
3 0.291739738551794 0.5138365219364252 0.05627874373179376 0.057553550429541245
7 0.4114950447835879 0.5623313058297377 0.05828869886507215 0.05960903437345344
1 0.5252773157488251 0.6072269165547868 0.06024182386507215 0.05971139331736586
10 0.6430510819139796 0.6548474968920115 0.06012816359851536 0.05580514331736586
6 0.757838330445856 0.7006684906451044 0.05616508346523719 0.05364730042954147
8 0.8765886591110106 0.7482378915103731 0.06598753859851536 0.05611222014910222
5 0.9806559129218146 0.7950866272354221 0.038688174156370714 0.05765590937345344