9 0.5 0.5 1 1
11 0.158487642578125 0.153785533203125 0.15456233984375 0.15834761328125 0.155846734375 0.162867181640625 0.95557006640625 0.976355822265625 0.9655314609375 0.876477060546875 0.237952482421875 0.13991196875 0.226630169921875 0.13165258203125 0.219142734375 0.131336177734375 0.158487642578125 0.153785533203125
0 0.9460890440504031 0.9232991688405241 0.03377129167329507 0.05114991367781174
3 0.8641948382300616 0.8217915721459944 0.06706532334102233 0.06128420235562371
7 0.7636891282423905 0.7238693178079816 0.07097157334102233 0.06155735396477802
1 0.6680321407543218 0.6292181904814118 0.07292469834102233 0.06169392976935528
10 0.5772579657662531 0.5349085026662849 0.06706532334102233 0.06128420235562371
6 0.48449657577778665 0.4433919265465808 0.07487782334102244 0.06183050557393244
8 0.39951359578892254 0.35535134114518535 0.06704259667409063 0.05933107735562371
5 0.309693256633922 0.263063066232347 0.0631136200071587 0.0571048007464694
4 0.2227230616446601 0.1778155925263744 0.07085794000636336 0.05179172896477807