9 0.5 0.5 1 1
11 0.657908734375 0 0.702514939453125 0.291208623046875 0.7578381328125 0.633978732421875 0.814022302734375 0.97157371484375 0.920485859375 0.96785592578125 0.907229388671875 0.887473529296875 0.903474013671875 0.8875422265625 0.896382384765625 0.84789178515625 0.8852201328125 0.7586824765625 0.88125137109375 0.756579205078125 0.874909947265625 0.726603462890625 0.875617013671875 0.71985147265625 0.8780523359375 0.715542814453125 0.863165599609375 0.634533416015625 0.857278951171875 0.6317976875 0.851939212890625 0.598574505859375 0.854507462890625 0.59510474609375 0.8394187734375 0.5139155859375 0.83637199609375 0.51353562109375 0.830635603515625 0.4841001953125 0.833042111328125 0.477965330078125 0.819037091796875 0.40116512109375 0.81573660546875 0.401099615234375 0.81040334765625 0.372024201171875 0.812424046875 0.365363861328125 0.798356486328125 0.293370564453125 0.795850779296875 0.2920334140625 0.79014887109375 0.2622686875 0.795147322265625 0.256647453125 0.781972986328125 0.184550712890625 0.7785402890625 0.183646353515625 0.772936109375 0.155049779296875 0.776920666015625 0.150684263671875 0.765290560546875 0.080686765625 0.759801263671875 0.080467638671875 0.75482010546875 0.052246509765625 0.757358876953125 0.046949953125 0.748944470703125 0 0.657908734375 0
5 0.7041015625 0.023039079690736354 0.076171875 0.04607815938147271
8 0.72265625 0.11343616267197919 0.080078125 0.07310888974445637
6 0.7431640625 0.21916532657888668 0.076171875 0.0749256054886292
10 0.7578125 0.32900535436953493 0.083984375 0.07715154900028354
1 0.7744140625 0.4397537400322696 0.080078125 0.0789682647444564
7 0.7978515625 0.5551462219973067 0.0859375 0.08112600362819711
3 0.8212890625 0.6773746414623438 0.087890625 0.08314733325611057
0 0.841796875 0.8026350553692514 0.0859375 0.08503225362819711
2 0.86328125 0.9327441794622021 0.08984375 0.07735616288402425