9 0.5 0.5 1 1
11 0.634930751953125 0.2217918203125 0.398780158203125 0.167702556640625 0.062614064453125 0.091223212890625 0.04730973046875 0.08788741796875 0.02560408984375 0.194050009765625 0.377083693359375 0.268815208984375 0.58575446484375 0.313306271484375 0.813679162109375 0.36481076171875 0.9738698671875 0.40193725 0.98060889453125 0.296776185546875 0.960233552734375 0.29239770703125 0.634930751953125 0.2217918203125
4 0.9712359905177178 0.3516381340355932 0.017476199104836 0.08991192769309708
5 0.8916206652939267 0.3296487589128484 0.08413277297895938 0.09420451795398088
8 0.7819196454757282 0.3049058219972711 0.08841450879014423 0.10008661885168002
6 0.6721560446889989 0.2811394475816939 0.08608589797895938 0.0942158809028304
10 0.5603141569652079 0.2593375611149662 0.08866483266426739 0.10399286885167991
1 0.44768344964700935 0.23461166862266325 0.09244592072720592 0.10206246974937894
7 0.33517790426587246 0.2079326511303603 0.09244592072720592 0.10206246974937894
3 0.21589900235326642 0.18031684145903065 0.10063390653839077 0.1079672965447771
0 0.10131517003506789 0.15560231191557725 0.09647733266426753 0.10403832064707802