9 0.5 0.5 1 1
11 0.811941529296875 0.02965503125 0.332310439453125 0.981919046875 0.40806540625 0.99173238671875 0.912150505859375 0.042636158203125 0.811941529296875 0.02965503125
2 0.8578961958951115 0.06030140321653946 0.07033730920949344 0.057436058342613214
0 0.7799819913830319 0.1949427157264822 0.08153523139567853 0.0985653166772722
3 0.7074156271616007 0.3441642857356295 0.07129217400028343 0.08477980834261323
7 0.6364055647774347 0.4767729299113109 0.07701513974445628 0.08094173834340856
1 0.5727429746026205 0.594653593252731 0.07108756011654283 0.078920433342613
10 0.5151784756255038 0.7056301390933557 0.07276786660488854 0.07113066000954493
6 0.45862464146234394 0.8156187591005144 0.0687252073490614 0.06717895667568152
8 0.4063521827527086 0.9148197382738096 0.06656746846532069 0.061296855008749596
5 0.3609962707757337 0.9836790999463093 0.053143602767481424 0.0123323700071587