9 0.5 0.5 1 1
11 1 0.068090033203125 0.998144841796875 0.06700446484375 0 0.877798634765625 0 0.979978703125 0.570088625 0.5057529765625 1 0.153282943359375 1 0.068090033203125
2 0.3251953125 0.662109375 0.064453125 0.0439453125
0 0.4111328125 0.591796875 0.0654296875 0.0400390625
3 0.4951171875 0.5224609375 0.0634765625 0.0400390625
7 0.576171875 0.4560546875 0.0634765625 0.037109375
1 0.654296875 0.39453125 0.0634765625 0.03515625
10 0.724609375 0.33203125 0.0556640625 0.037109375
6 0.7978515625 0.2724609375 0.05859375 0.0341796875
8 0.8671875 0.2158203125 0.0556640625 0.03515625
5 0.9365234375 0.1611328125 0.0537109375 0.03125
4 0.9892578125 0.1064453125 0.021484375 0.0283203125