9 0.5 0.5 1 1
11 1 0.028050970703125 0.945411984375 0.07380404296875 0.678910453125 0.30929459765625 0.269219125 0.67787566796875 0.07019453125 0.8599184765625 0.07821437109375 0.958165587890625 0.11928290625 0.960784037109375 0.3422366015625 0.7576365625 1 0.152028283203125 1 0.028050970703125
2 0.9311019369383204 0.1515083324259107 0.0652899022758131 0.0833950346692709
0 0.8277653911082199 0.2400142935530375 0.0652899022758131 0.0833950346692709
3 0.7368850094825546 0.3252950805018223 0.0652899022758131 0.0833950346692709
7 0.6391686903568893 0.41073497566202205 0.0652899022758131 0.0833950346692709
1 0.5418509517238319 0.5010576833222218 0.0652899022758131 0.0833950346692709
10 0.4389927024848609 0.5954230194493486 0.0652899022758131 0.0833950346692709
6 0.330434510442933 0.6918778590434025 0.0652899022758131 0.0833950346692709
8 0.22765597730248352 0.7872197576705293 0.07617155265511527 0.09729420711414916
5 0.11289957654872831 0.8916462054759983 0.07617155265511527 0.09729420711414938