10 0.704231728515625 0 0.066475390625 0.800949349609375 0.07943246484375 0.893379783203125 0.801381205078125 0 0.704231728515625 0
2 0.15834410051836872 0.7452738461724826 0.06495661465389257 0.04832970364722211
0 0.22070717223383718 0.6665797860473088 0.06876050570998038 0.04646749762517377
3 0.2849210100053935 0.5858871414331595 0.06876050570998027 0.04646749762517377
7 0.3501114102769498 0.5051717670745223 0.06701209859780466 0.05032828813619794
1 0.41720375607655 0.42343437072690937 0.06680738070998027 0.04642203813619794
9 0.4822406179322381 0.3397893088682722 0.06701209859780477 0.05032828813619794
6 0.5483052217598823 0.2570980797651471 0.07091834859780466 0.05041920711414938
8 0.6172483336155703 0.17336209892855853 0.06876050570998027 0.04646749762517366
5 0.6850101650834339 0.08574259783645777 0.06886286465389269 0.04842062262517366
4 0.7587849099671657 0.010121952295008377 0.06835106993433149 0.020243904590016754