9 0.5 0.5 1 1
11 0.83525308203125 0.0414114921875 0.79547548046875 0.098120529296875 0.7953227421875 0.101920927734375 0.776901634765625 0.12822828125 0.77272294140625 0.12985248828125 0.731613689453125 0.187411873046875 0.732958865234375 0.190580923828125 0.716285970703125 0.21433800390625 0.7119030234375 0.214564421875 0.67294379296875 0.2700042109375 0.673279142578125 0.273517197265625 0.655626068359375 0.2990337421875 0.65162125390625 0.300638869140625 0.617535697265625 0.349722072265625 0.61790920703125 0.35228478515625 0.600756833984375 0.373964177734375 0.597273439453125 0.3755142265625 0.56294757421875 0.424788548828125 0.549577625 0.44590266015625 0.546616275390625 0.44739827734375 0.51279072265625 0.491889244140625 0.513647388671875 0.495346455078125 0.49879440234375 0.51583671484375 0.495383744140625 0.516670109375 0.463912669921875 0.55935559765625 0.465079140625 0.563726330078125 0.4534422109375 0.5796201953125 0.449716923828125 0.58072267578125 0.420673015625 0.621397408203125 0.419858833984375 0.625504236328125 0.40804309765625 0.6425990859375 0.403159970703125 0.646662599609375 0.377340298828125 0.6832833125 0.375694369140625 0.6865317578125 0.209996921875 0.9174223125 0.210705578125 0.9234966171875 0.23153437890625 0.9730940390625 0.23626108203125 0.97401411328125 0.451581689453125 0.681789279296875 0.65208277734375 0.41112985546875 0.8838676171875 0.10091259765625 0.94306230859375 0.02124961328125 0.9423626328125 0.016449 0.858792736328125 0.014990283203125 0.839075388671875 0.03935251953125 0.83525308203125 0.0414114921875
4 0.911291920711415 0.022739819900417 0.04914634142282992 0.014524173092198125
5 0.8388915502704428 0.09956932680027586 0.05028282864722211 0.06335229809219811
8 0.7736226040078127 0.18921346793304245 0.048284244158246725 0.061365081168510194
6 0.7130546322892797 0.27113033887502885 0.046240200180295066 0.057424739244822276
10 0.6535314123042104 0.3559939432788592 0.042379409669270895 0.05930968039744644
1 0.5966196633963111 0.42723681056822144 0.04228849069131946 0.05540343039744644
7 0.5465665817328997 0.4995755620904915 0.04228849069131946 0.05540343039744644
3 0.4954005591025612 0.5660378926509175 0.04033536569131946 0.05536933847375858
0 0.45102501448324706 0.6306664199442513 0.038473159669270895 0.059241496550070494
2 0.4065585508859815 0.691388697237585 0.03452145018029518 0.05722018770269477