10 0.801041736328125 1 0.877447955078125 0.986758712890625 0.483974595703125 0.1872469296875 0.417052556640625 0.0542738125 0.367176330078125 0.075076884765625 0.7974316484375 1 0.801041736328125 1
2 0.8423099825662999 0.9821036582050899 0.06269317013044184 0.03579268358982013
0 0.7833191804576254 0.8790535189509752 0.0786817844936265 0.10162308350815108
3 0.7205641652095701 0.7502201151631023 0.07469599385168002 0.0876552105827435
7 0.6665243532939928 0.6347480192073965 0.07276559474937905 0.09141346162003994
1 0.6143865331085927 0.5282129847143945 0.06881389295398099 0.08330496369463236
9 0.5670860736277946 0.4298604476281519 0.06681531615858272 0.07534446473192857
6 0.5207337692748726 0.3364647225232611 0.06289770320973331 0.073095341806521
8 0.4811776321009773 0.25042293128783366 0.06286361436318466 0.067235966806521
5 0.441598769029383 0.16828739005240617 0.058934638465485634 0.06303371888111342
4 0.40493254903451437 0.08930353476103434 0.056924698721237954 0.05312009491840963