9 0.5 0.5 1 1
11 1 0.498822779296875 0.997359154296875 0.480646220703125 0.8605674375 0.459409736328125 0.00194476953125 0.33427736328125 0.002442083984375 0.419758455078125 1 0.5419081640625 1 0.498822779296875
0 0.06373921252565681 0.38408368173323393 0.09809940500513137 0.08128982219560954
3 0.2142093781676035 0.40563719541447263 0.08638065500513137 0.08067566853213637
7 0.3480609368862758 0.4233909705724576 0.08635792910743234 0.07676941853213637
1 0.4731234331049482 0.4406841304828377 0.08242895320973331 0.07265845064431198
10 0.5874323788747711 0.45546119120170087 0.07265196526088369 0.070193530924751
6 0.6978464375934434 0.4719866590327396 0.07068747731203429 0.0681380469808388
8 0.7984721454144168 0.48409408214421734 0.06482810231203429 0.06783097014910222
5 0.8942264036842396 0.4978987328959147 0.058934638465485634 0.061664518317365635
4 0.9797598678990227 0.5073365184000072 0.04048026420195461 0.05889252176606824