10 0.129245041015625 0.82462280078125 0.1154933203125 0.9614330078125 0.20478216796875 0.97963287109375 0.316444275390625 0.025831119140625 0.186688955078125 0.01523928515625 0.171967359375 0.228831009765625 0.129245041015625 0.82462280078125
2 0.24398233330156252 0.05500555853187456 0.13249591660312504 0.08099445720189234
0 0.23328805482947063 0.1818192206525724 0.12908972098185767 0.10215996780780601
3 0.2216172138573787 0.30855316667474864 0.11905133904800358 0.08964405682259025
7 0.21162674095143263 0.423727794893968 0.11305558558107642 0.08330638523146061
1 0.20236280335612022 0.528239951711709 0.1090584166031251 0.07908127083737426
9 0.19487015280490502 0.6250990407264931 0.10497032864722228 0.07094990644328791
6 0.1843796255202263 0.7187892939457126 0.1029262846692709 0.06688422424624485
8 0.17659148829066906 0.8029530704604967 0.09892911569131951 0.0626591098521585
5 0.16864424284969692 0.8802809094752808 0.09688507171336812 0.05859342765511544
4 0.1606288081752612 0.954679060990065 0.0907983992684896 0.0483495060639858