9 0.5 0.5 1 1
11 0.49262738671875 0 0.349855158203125 0.25112648828125 0 0.865775388671875 0 1 0.056415841796875 1 0.31488756640625 0.533853669921875 0.6090332421875 0 0.49262738671875 0
5 0.548828125 0.01953125 0.0830078125 0.0380859375
8 0.4833984375 0.1171875 0.0830078125 0.0625
6 0.419921875 0.2333984375 0.0830078125 0.0625
10 0.35546875 0.345703125 0.0830078125 0.0625
1 0.2880859375 0.4638671875 0.0830078125 0.0625
7 0.2197265625 0.583984375 0.0888671875 0.06640625
3 0.1513671875 0.7080078125 0.0830078125 0.064453125
0 0.0810546875 0.8330078125 0.091796875 0.0654296875
2 0.0263671875 0.96484375 0.052734375 0.0654296875