9 0.5 0.5 1 1
11 0 1 0.065104578125 1 0.820515810546875 0.373573232421875 0.9846728828125 0.239004607421875 0.991167056640625 0.07957740625 0.5455356875 0.46085559375 0 0.93772869921875 0 1
2 0.981711352033126 0.137165476684057 0.021312828854490373 0.09884024170163025
0 0.8656343455795638 0.2607874717539972 0.07070973673993963 0.11230584076922476
3 0.7355345627999954 0.3725572871036591 0.07840848016284996 0.11094471162003994
7 0.6106588622516966 0.47883772486008036 0.0630109933170293 0.11366696991840963
1 0.49519788537739173 0.5750419704486687 0.0661209472774007 0.10029109284381721
10 0.3847334775801766 0.6696630884440165 0.062328453854490595 0.10194821991840963
6 0.27151001714859624 0.7611325204953086 0.060602842008670166 0.10570647095570584
8 0.17419594815974038 0.848903131748231 0.05992030254613134 0.09398772095570584
5 0.07314626403651923 0.9334480575757457 0.054060927546131315 0.09354372406759448
4 0.0021186846702716945 0.9839164338694633 0.004237369340543389 0.03216713226107348