10 1 0.617819419921875 0.123984015625 0.353945212890625 0.1139046953125 0.389638611328125 1 0.657226115234375 1 0.617819419921875
2 0.8443220835197621 0.59089765094791 0.06244172303029827 0.053852018317365635
0 0.7646430944113725 0.5662954806914224 0.06244172303029827 0.053852018317365635
3 0.6881157912470385 0.5447765363508031 0.06244172303029827 0.053852018317365635
7 0.6112924901572969 0.5193513420101838 0.06244172303029827 0.053852018317365635
1 0.5337886244929628 0.49778121819760845 0.06244172303029827 0.053852018317365635
9 0.45726132132862884 0.4762622738569891 0.06244172303029827 0.053852018317365746
6 0.3786328942015911 0.45268784557245756 0.06244172303029827 0.053852018317365635
8 0.30083303061184946 0.42721147175988217 0.06244172303029827 0.053852018317365635
5 0.2231811659848117 0.4036882229473068 0.06244172303029827 0.053852018317365635
4 0.14252561437642197 0.3790348732188631 0.06244172303029827 0.053852018317365635