10 0.895411103515625 1 0.8873471171875 0.779611865234375 0.866925080078125 0.176656 0.866114384765625 0.037649068359375 0.776338435546875 0.031909978515625 0.766485537109375 1 0.895411103515625 1
2 0.8357516595512002 0.9652881163396496 0.12670772728117763 0.06942376732070077
0 0.8319349630210836 0.8357435245108458 0.12248314230020552 0.0854978881299795
3 0.8305886858350462 0.7069509347774023 0.11419313982874746 0.07355181759686591
7 0.827766786120467 0.5898202649106807 0.11012772233826151 0.06953190733030934
1 0.8263591595047239 0.48346019761059833 0.10606230484777557 0.06551199706375255
9 0.8233565347425745 0.38583236267723753 0.10183771986680368 0.05758583679719598
6 0.8243397437256681 0.29027131301043335 0.09972542737631773 0.05362275666391758
8 0.822830975807598 0.2053672056437117 0.09761313488583179 0.049659676530639185
5 0.821560959125257 0.12632247327699006 0.09550084239534584 0.045696596397360845
4 0.8223634430607804 0.05026425854354677 0.08932313241437373 0.03771360599752582