10 0.519076505859375 0.585372224609375 0.67054585546875 0.482597615234375 0.845190267578125 0.36514737890625 0.9009369140625 0.3274422109375 0.901723908203125 0.324123923828125 0.8894715078125 0.287237546875 0.88699796484375 0.286816498046875 0.852410423828125 0.31094999609375 0.85276592578125 0.31335819140625 0.832280490234375 0.326008423828125 0.829924734375 0.326389689453125 0.79935788671875 0.348312384765625 0.7986260546875 0.3502197734375 0.78446270703125 0.3603952578125 0.781994796875 0.360493125 0.750584412109375 0.38261634375 0.750745666015625 0.3844636484375 0.73793565625 0.39364616015625 0.735600466796875 0.3929970703125 0.705680076171875 0.4144165546875 0.705253259765625 0.416262794921875 0.691627943359375 0.426169767578125 0.689254404296875 0.42628824609375 0.662977693359375 0.44532275 0.662733853515625 0.446692048828125 0.65002898046875 0.454733607421875 0.64793807421875 0.454914982421875 0.621502681640625 0.474004841796875 0.61087648046875 0.4824183203125 0.609068427734375 0.48266303125 0.583715556640625 0.4994058828125 0.5835714453125 0.5013146484375 0.572275232421875 0.509152033203125 0.5703453515625 0.508981384765625 0.54653571875 0.525216013671875 0.546397244140625 0.52764369140625 0.53757434765625 0.533702798828125 0.535433474609375 0.533614224609375 0.513240373046875 0.549248833984375 0.51210943359375 0.551196818359375 0.502986876953125 0.55783592578125 0.499731529296875 0.559052314453125 0.47992300390625 0.57318608203125 0.47850351171875 0.5745521953125 0.352089591796875 0.663157587890625 0.351419068359375 0.666372384765625 0.35382541796875 0.695244716796875 0.356144078125 0.696537201171875 0.519076505859375 0.585372224609375
4 0.8769531663963872 0.3176964642842559 0.03052455830244427 0.03549715000397713
5 0.8207000714546586 0.3560885276097677 0.03052455830244427 0.03549715000397713
8 0.7720889649431462 0.3896886851030066 0.03052455830244405 0.03549715000397713
6 0.72633934130372 0.4213698075966433 0.02843502404661713 0.03156817333704531
9 0.6806238199782506 0.45402749259027997 0.02655010367453059 0.0334985716701135
1 0.6386099347690407 0.48087125591778024 0.02648189904661713 0.0315454466701135
7 0.5995939416877443 0.5097022342456782 0.02648189904661713 0.0315454466701135
3 0.5623605620366638 0.5336731267405079 0.02648189904661713 0.0315454466701135
0 0.5281250745134971 0.5596312342357355 0.02459697867453059 0.03347584500318179
2 0.4937872800484599 0.582659654230963 0.02250744441870356 0.029546868336249865