10 0.458219787109375 0.32911965625 0.204380767578125 0.013638896484375 0.1570229140625 0.038919853515625 0.73717359765625 0.749036224609375 0.77890030078125 0.7312418359375 0.458219787109375 0.32911965625
4 0.7461684794218323 0.725528769478297 0.036429589923887784 0.03411977954677692
5 0.709992551807664 0.6817626973206389 0.04236854866913076 0.03655120113790655
8 0.6747931866934958 0.6379169090644592 0.04416250617864481 0.032804383334949616
6 0.6395938215793275 0.5940711208082794 0.04416250617864481 0.032804383334949616
9 0.6016239364556453 0.5465582308476643 0.04603604743340184 0.0310106905319929
1 0.5645112382140984 0.5018953122885277 0.04611563117864481 0.0329638155319929
7 0.5265811449630378 0.45340585982791265 0.04432167366913076 0.03671063333494973
3 0.48673771858459847 0.4040992770643408 0.048148339923887784 0.035076372729035965
0 0.44595752157878066 0.3538958478992905 0.04806875617864481 0.033123247729035965
2 0.4033037833182058 0.30189872593128336 0.04822792366913076 0.037029497729036076