10 0.7640373750000001 0.624295607421875 0.34057813809092863 0.10071620806829137 0.30572265429687495 0.1289065390625 0.7291818912059465 0.6524859384160836
4 0.357421875 0.11523437500000004 0.318359375 0.11523437500000003 0.318359375 0.14843750000000006 0.357421875 0.14843750000000006
5 0.392578125 0.16015625000000006 0.353515625 0.16015625000000006 0.353515625 0.19140625000000006 0.392578125 0.19140625000000006
8 0.427734375 0.20117187500000006 0.38671875 0.20117187500000006 0.38671875 0.23242187500000006 0.427734375 0.23242187500000006
6 0.458984375 0.24218750000000006 0.41796875 0.24218750000000006 0.41796875 0.27343750000000006 0.458984375 0.2734375000000001
9 0.494140625 0.28515625000000006 0.44921875 0.28515625 0.44921875 0.31445312500000006 0.494140625 0.3144531250000001
1 0.5234375 0.3242187500000001 0.484375 0.3242187500000001 0.484375 0.3554687500000001 0.5234375 0.3554687500000001
7 0.556640625 0.3652343750000001 0.515625 0.3652343750000001 0.515625 0.3945312500000001 0.556640625 0.3945312500000001
3 0.587890625 0.4042968750000001 0.55078125 0.4042968750000001 0.55078125 0.4375000000000001 0.587890625 0.4375000000000001
0 0.62109375 0.4472656250000001 0.583984375 0.4472656250000001 0.583984375 0.4785156250000001 0.62109375 0.4785156250000001
2 0.65234375 0.4863281250000001 0.619140625 0.4863281250000001 0.619140625 0.51953125 0.65234375 0.51953125