10 0.9391445473213579 0.8142046237254708 9.020562075079397e-17 0.7371626132812499 -0.004073339992762409 0.7868167568002407 0.9350712073285954 0.8638587672444615
2 0.857421875 0.80859375 0.796875 0.80859375 0.796875 0.857421875 0.857421875 0.857421875
0 0.775390625 0.80078125 0.71484375 0.80078125 0.71484375 0.849609375 0.775390625 0.849609375
3 0.6953125 0.79296875 0.630859375 0.79296875 0.630859375 0.845703125 0.6953125 0.845703125
7 0.607421875 0.783203125 0.54296875 0.783203125 0.54296875 0.837890625 0.607421875 0.837890625
1 0.517578125 0.775390625 0.4531250000000001 0.775390625 0.4531250000000001 0.830078125 0.517578125 0.830078125
9 0.4257812500000001 0.767578125 0.3613281250000001 0.767578125 0.3613281250000001 0.822265625 0.4257812500000001 0.822265625
6 0.3320312500000001 0.7578125 0.2636718750000001 0.7578125 0.2636718750000001 0.8125 0.3320312500000001 0.8125
8 0.2343750000000001 0.75 0.1621093750000001 0.75 0.1621093750000001 0.806640625 0.2343750000000001 0.806640625
5 0.1289062500000001 0.7421875 0.0585937500000001 0.7421875 0.0585937500000001 0.796875 0.1289062500000001 0.796875
4 0.019531250000000094 0.732421875 8.969581048442528e-17 0.732421875 9.316404848982305e-17 0.7890625 0.019531250000000097 0.7890625