10 0 0.390950158203125 0.300556537109375 0.40443815234375 0.49947869921875 0.41143698046875 0.965926845703125 0.42721841796875 0.971129328125 0.38620200390625 0.636547205078125 0.37495119140625 0.003807994140625 0.346471486328125 0 0.360076837890625 0 0.390950158203125
2 0.7794988947319329 0.40128984905209 0.05704175570998027 0.047787925429541356
0 0.6988024635356256 0.39870180772444586 0.05899488070998027 0.04789028437345355
3 0.6200591573393182 0.39601140745288954 0.05899488070998027 0.04789028437345344
7 0.5374607806149669 0.3925491625691576 0.05508863070998027 0.04768556648562916
1 0.4568155288906157 0.3889845587415135 0.061050364653892464 0.049945768317365635
9 0.3742683316382206 0.3845457513577816 0.059097239653892575 0.04984340937345344
6 0.2896656504419133 0.38216242791796184 0.057144114653892575 0.049741050429541245
8 0.20413758621756203 0.3788537214500982 0.05724647359780477 0.051694175429541245
5 0.11773531843712298 0.37364306945419057 0.06115272359780477 0.051898893317365635
4 0.030440835241815106 0.3695625183741513 0.06088167048363021 0.052103611205190026