10 0.2793343404703877 0.9408464803889794 0.1927045789809753 0.0053620828368314 0.1430726040123347 0.009958210965779847 0.2297023655017471 0.9454426085179279
2 0.201171875 0.1328125 0.162109375 0.1328125 0.162109375 0.185546875 0.201171875 0.185546875
0 0.21289062500000003 0.22265625 0.171875 0.22265625 0.17187500000000003 0.271484375 0.21289062500000006 0.271484375
3 0.21875000000000006 0.306640625 0.17968750000000006 0.306640625 0.17968750000000006 0.359375 0.21875000000000006 0.359375
7 0.22851562500000006 0.392578125 0.18554687500000006 0.392578125 0.18554687500000006 0.4453125 0.22851562500000006 0.4453125
1 0.23437500000000006 0.474609375 0.19531250000000006 0.474609375 0.19531250000000006 0.529296875 0.23437500000000006 0.529296875
9 0.24414062500000006 0.560546875 0.20312500000000006 0.560546875 0.20312500000000006 0.607421875 0.24414062500000006 0.607421875
6 0.2519531250000001 0.64453125 0.21093750000000006 0.64453125 0.21093750000000008 0.69140625 0.2519531250000001 0.69140625
8 0.2558593750000001 0.724609375 0.2167968750000001 0.724609375 0.2167968750000001 0.771484375 0.2558593750000001 0.771484375
5 0.2617187500000001 0.810546875 0.2246093750000001 0.810546875 0.2246093750000001 0.8515625 0.2617187500000001 0.8515625
4 0.2714843750000001 0.89453125 0.2304687500000001 0.89453125 0.2304687500000001 0.93359375 0.2714843750000001 0.93359375