10 0.64859471484375 0.892530763671875 0.71132780078125 0.89062678515625 0.71449053125 0.034329455078125 0.6528953984375 0.0342069453125 0.64859471484375 0.892530763671875
2 0.6833323510294396 0.21804026759425704 0.06495661465389269 0.04760225334181778
0 0.6824747576046886 0.29033998259465477 0.06495661465389246 0.04760225334181789
3 0.6826449061518935 0.36167449842851834 0.06300348965389269 0.047579526674885964
7 0.6817873127271425 0.43397421342891607 0.06505897359780466 0.04955537834181778
1 0.6819574612743478 0.5053087292627797 0.06310584859780466 0.049532651674885964
9 0.680225664293509 0.5756439559297115 0.06505897359780466 0.04955537834181767
6 0.6813211958687578 0.6479663975970409 0.06505897359780466 0.04955537834181767
8 0.6815425238879189 0.7183243509309045 0.06505897359780466 0.04955537834181767
5 0.6815591340192557 0.7925885542647683 0.06701209859780466 0.049578105008749596
4 0.6826034861225487 0.8658875584320977 0.06505897359780466 0.04955537834181767