10 0.878696666015625 0.1316255332031251 0.8460393895489484 0.09666726324970332 0.25265232226562506 0.6509969121093752 0.28530959873230166 0.6859551820627969
2 0.775390625 0.1953125000000001 0.732421875 0.1953125000000001 0.732421875 0.2363281250000001 0.775390625 0.2363281250000001
0 0.724609375 0.2421875000000001 0.681640625 0.2421875000000001 0.681640625 0.2851562500000001 0.724609375 0.2851562500000001
3 0.671875 0.2949218750000001 0.62890625 0.2949218750000001 0.62890625 0.3359375000000001 0.671875 0.3359375000000001
7 0.623046875 0.3437500000000001 0.57421875 0.3437500000000001 0.57421875 0.3828125000000001 0.623046875 0.3828125000000001
1 0.568359375 0.3886718750000001 0.5234375 0.3886718750000001 0.5234375 0.4316406250000001 0.568359375 0.4316406250000001
9 0.517578125 0.4394531250000001 0.47265625 0.4394531250000001 0.47265625000000006 0.4765625000000001 0.517578125 0.4765625000000001
6 0.4667968750000001 0.48437500000000006 0.4238281250000001 0.484375 0.4238281250000001 0.525390625 0.4667968750000001 0.525390625
8 0.4160156250000001 0.53125 0.3710937500000001 0.53125 0.3710937500000001 0.5703125 0.4160156250000001 0.5703125
5 0.3652343750000001 0.580078125 0.3222656250000001 0.580078125 0.3222656250000001 0.6171875 0.3652343750000001 0.6171875
4 0.3125000000000001 0.62890625 0.2656250000000001 0.62890625 0.2656250000000001 0.666015625 0.3125000000000001 0.666015625