2 0.13671875000000006 0.455078125 0.07031250000000006 0.455078125 0.07031250000000006 0.505859375 0.13671875000000006 0.505859375
0 0.22656250000000006 0.4296875 0.16015625000000006 0.4296875 0.16015625000000006 0.482421875 0.22656250000000006 0.482421875
3 0.31250000000000006 0.404296875 0.24609375000000006 0.404296875 0.24609375000000006 0.45703125 0.3125000000000001 0.45703125
7 0.396484375 0.37890625 0.330078125 0.37890625 0.330078125 0.431640625 0.396484375 0.431640625
1 0.4765625 0.35546875000000006 0.41015625 0.35546875 0.41015625 0.40820312500000006 0.4765625 0.4082031250000001
9 0.556640625 0.3320312500000001 0.494140625 0.3320312500000001 0.494140625 0.3828125000000001 0.556640625 0.3828125000000001
6 0.640625 0.3066406250000001 0.576171875 0.3066406250000001 0.576171875 0.3593750000000001 0.640625 0.3593750000000001
8 0.716796875 0.2851562500000001 0.662109375 0.2851562500000001 0.662109375 0.3339843750000001 0.716796875 0.3339843750000001
5 0.798828125 0.2617187500000001 0.7421875 0.2617187500000001 0.7421875 0.3085937500000001 0.798828125 0.3085937500000001
4 0.880859375 0.2343750000000001 0.826171875 0.2343750000000001 0.826171875 0.2832031250000001 0.880859375 0.2832031250000001
10 0.8903616293787171 0.27447551648339175 0.8775875572942596 0.23059134738791162 0.023797781431167578 0.47911769223264483 0.03657185351562499 0.523001861328125