10 0.8840576171875001 0.616528701171875 0.0449902740563691 0.5693640640437531 0.0411823366010451 0.6371079534914501 0.8802496797321762 0.684272590619572
2 0.71875 0.599609375 0.66015625 0.599609375 0.66015625 0.673828125 0.71875 0.673828125
0 0.642578125 0.595703125 0.58203125 0.595703125 0.58203125 0.666015625 0.642578125 0.666015625
3 0.568359375 0.58984375 0.509765625 0.58984375 0.509765625 0.6640625 0.568359375 0.6640625
7 0.4960937500000001 0.5859375 0.4394531250000001 0.5859375 0.4394531250000001 0.658203125 0.4960937500000001 0.658203125
1 0.4257812500000001 0.58203125 0.3710937500000001 0.58203125 0.3710937500000001 0.654296875 0.4257812500000001 0.654296875
9 0.3593750000000001 0.580078125 0.3046875000000001 0.580078125 0.3046875000000001 0.65234375 0.3593750000000001 0.65234375
6 0.2890625000000001 0.576171875 0.23437500000000006 0.576171875 0.23437500000000006 0.646484375 0.2890625000000001 0.646484375
8 0.22460937500000006 0.57421875 0.17382812500000006 0.57421875 0.17382812500000006 0.642578125 0.22460937500000006 0.642578125
5 0.15625000000000006 0.5703125 0.09960937500000008 0.5703125 0.09960937500000008 0.642578125 0.15625000000000006 0.642578125
4 0.09375000000000008 0.5703125 0.04296875000000007 0.5703125 0.042968750000000076 0.634765625 0.09375000000000008 0.634765625