10 0.20073854101562508 0.99276892578125 0.1175892922810596 0.07985881732400792 0.03623362960544488 0.0872688154926249 0.11938287834001035 1.000178923949867
2 0.1835937500000001 0.78515625 0.10351562500000008 0.78515625 0.1035156250000001 0.857421875 0.1835937500000001 0.857421875
0 0.1738281250000001 0.697265625 0.09765625000000008 0.697265625 0.09765625000000008 0.763671875 0.1738281250000001 0.763671875
3 0.16601562500000006 0.607421875 0.09179687500000008 0.607421875 0.09179687500000008 0.6796875 0.16601562500000006 0.6796875
1 0.15234375000000006 0.4453125 0.07812500000000006 0.4453125 0.07812500000000006 0.513671875 0.15234375000000006 0.513671875
9 0.14648437500000006 0.369140625 0.07421875000000006 0.369140625 0.07421875000000006 0.43359375 0.14648437500000006 0.43359375
6 0.13671875000000006 0.29296875 0.06640625000000003 0.29296875 0.06640625000000004 0.35546875 0.13671875000000006 0.35546875
8 0.12890625000000003 0.224609375 0.06250000000000003 0.224609375 0.06250000000000003 0.279296875 0.12890625000000006 0.279296875
5 0.12304687500000003 0.15234375 0.054687500000000014 0.15234375 0.05468750000000002 0.20703125 0.12304687500000003 0.20703125
4 0.11523437500000001 0.08203125000000001 0.046875000000000014 0.08203125 0.046875000000000014 0.138671875 0.11523437500000003 0.138671875
7 0.16210937500000006 0.525390625 0.08203125000000006 0.525390625 0.08203125000000007 0.59375 0.16210937500000006 0.59375