10 0 0.660708884765625 0.572716810546875 0.628365736328125 0.986108662109375 0.608464591796875 0.988317646484375 0.513557607421875 0.886031431640625 0.520541001953125 0.158059943359375 0.561864587890625 0 0.576132109375 0 0.660708884765625
4 0.016732225376084826 0.6174829466701135 0.03346445075216965 0.08253123667249973
5 0.10395797219509498 0.6117265258493743 0.0664078830259549 0.0847343550087496
8 0.2047484773954856 0.6041078866963623 0.06645334251493062 0.0866874800087496
6 0.3045169606069006 0.5984310092098843 0.0663624235369793 0.0827812300087496
9 0.41012208907382763 0.5937988742242019 0.06645334251493062 0.0866874800087496
1 0.5138422817742183 0.5862143250715877 0.07231271751493068 0.08675566000954493
7 0.6214005352411454 0.581604916752837 0.07426584251493074 0.08677838667647686
3 0.7319112059525603 0.576053035934484 0.07817209251493074 0.08682384001034049
0 0.8434438986529509 0.5685593934495969 0.08021613649288195 0.0907528166772722
2 0.9520014443643658 0.5629847859643122 0.072540014959809 0.09652128500954493