10 0.919108501898588 0.4604038738125995 0.8983384489749564 0.40496713915941973 0.012283497857618564 0.7369384997218205 0.03305355078125011 0.7923752343750002
2 0.3417968750000001 0.642578125 0.2851562500000001 0.642578125 0.2851562500000001 0.677734375 0.3417968750000001 0.677734375
0 0.4257812500000001 0.609375 0.3750000000000001 0.609375 0.3750000000000001 0.646484375 0.4257812500000001 0.646484375
3 0.50390625 0.583984375 0.4589843750000001 0.583984375 0.4589843750000001 0.619140625 0.50390625 0.619140625
7 0.57421875 0.5546875 0.533203125 0.5546875 0.533203125 0.59375 0.57421875 0.59375
1 0.638671875 0.53125 0.599609375 0.53125 0.599609375 0.564453125 0.638671875 0.564453125
9 0.697265625 0.509765625 0.66015625 0.509765625 0.66015625 0.544921875 0.697265625 0.544921875
6 0.7578125 0.4882812500000001 0.72265625 0.4882812500000001 0.72265625 0.521484375 0.7578125 0.521484375
8 0.80859375 0.4687500000000001 0.779296875 0.4687500000000001 0.779296875 0.50390625 0.80859375 0.50390625
5 0.861328125 0.4511718750000001 0.830078125 0.4511718750000001 0.830078125 0.4824218750000001 0.861328125 0.4824218750000001
4 0.91015625 0.4335937500000001 0.87890625 0.4335937500000001 0.87890625 0.4648437500000001 0.91015625 0.4648437500000001