10 0.39720328125 0.81696541015625 0.459261673828125 0.6071832421875 0.50769304296875 0.446016802734375 0.521606583984375 0.3963253125 0.468027052734375 0.383534220703125 0.426143134765625 0.543597357421875 0.324437505859375 0.920963201171875 0.36426202734375 0.930349455078125 0.39720328125 0.81696541015625
2 0.3701401897378802 0.8334134716144342 0.04748865462638263 0.03570169000636336
0 0.3825407782116387 0.7942146116128435 0.049475871550070605 0.03767754167329507
3 0.39298824168539714 0.7550384782781844 0.05341621347375858 0.0396761200071587
7 0.4064506224683755 0.7109454424431276 0.05345030539744644 0.0416292450071587
1 0.41794283228950985 0.6678516957750027 0.05345030539744644 0.0416292450071587
9 0.43147339691986397 0.619852409939946 0.0554375223211343 0.043605096674090627
6 0.4440103530883742 0.5728410499383552 0.05941195616851025 0.04755680000795426
8 0.45855157214241626 0.5228772757698325 0.05941195616851025 0.04755680000795426
5 0.4751311460056782 0.46800796243437803 0.05944604809219811 0.04950992500795426
4 0.490768249292628 0.41119688743238947 0.061433265015886085 0.051485776674885964