10 0.973146533203125 0.46528301953125 0.05320314990233474 0.3854792936876692 0.046984862774200054 0.45716106090495917 0.9669282460749904 0.53696478674854
4 0.10742187500000006 0.384765625 0.04687500000000004 0.384765625 0.04687500000000005 0.4609375 0.10742187500000006 0.4609375
5 0.18945312500000006 0.392578125 0.12890625000000006 0.392578125 0.12890625000000006 0.46875 0.18945312500000006 0.46875
8 0.27343750000000006 0.3984375 0.21093750000000006 0.3984375 0.21093750000000006 0.474609375 0.2734375000000001 0.474609375
6 0.35156250000000006 0.40625 0.291015625 0.40625 0.29101562500000006 0.482421875 0.3515625000000001 0.482421875
9 0.43164062500000006 0.412109375 0.369140625 0.412109375 0.36914062500000006 0.48828125 0.4316406250000001 0.48828125
1 0.51171875 0.41992187500000006 0.451171875 0.419921875 0.45117187500000006 0.49609375000000006 0.51171875 0.4960937500000001
7 0.58984375 0.4277343750000001 0.529296875 0.4277343750000001 0.529296875 0.50390625 0.58984375 0.50390625
3 0.673828125 0.4355468750000001 0.61328125 0.4355468750000001 0.61328125 0.51171875 0.673828125 0.51171875
0 0.755859375 0.4414062500000001 0.6953125 0.4414062500000001 0.6953125 0.517578125 0.755859375 0.517578125
2 0.8359375 0.4492187500000001 0.775390625 0.4492187500000001 0.775390625 0.525390625 0.8359375 0.525390625