10 1.005734984564589 0.6722140246053961 0.30480347203075076 0.5107738409944995 0.29873779996616173 0.5371094199047286 0.9996693125 0.6985496035156251
2 0.833984375 0.6328125 0.8046875 0.6328125 0.8046875 0.650390625 0.833984375 0.650390625
0 0.7734375 0.619140625 0.7421875 0.619140625 0.7421875 0.63671875 0.7734375 0.63671875
3 0.716796875 0.60546875 0.68359375 0.60546875 0.68359375 0.619140625 0.716796875 0.619140625
7 0.66015625 0.59375 0.625 0.59375 0.625 0.607421875 0.66015625 0.607421875
1 0.6015625 0.580078125 0.57421875 0.580078125 0.57421875 0.59375 0.6015625 0.59375
9 0.548828125 0.568359375 0.51953125 0.568359375 0.51953125 0.58203125 0.548828125 0.58203125
6 0.4960937500000001 0.55859375 0.4667968750000001 0.55859375 0.4667968750000001 0.5703125 0.4960937500000001 0.5703125
8 0.4433593750000001 0.544921875 0.4160156250000001 0.544921875 0.4160156250000001 0.556640625 0.4433593750000001 0.556640625
5 0.3906250000000001 0.533203125 0.3652343750000001 0.533203125 0.3652343750000001 0.544921875 0.3906250000000001 0.544921875
4 0.3378906250000001 0.521484375 0.3125000000000001 0.521484375 0.3125000000000001 0.53125 0.3378906250000001 0.53125