10 0.151630953125 0 0.151630953125 0.139233134765625 0.1347328046875 0.74208730078125 0.12680071875 1 0.2572943125 1 0.241333986328125 0 0.151630953125 0
2 0.1875 0.943359375 0.1220703125 0.0859375
0 0.1904296875 0.8017578125 0.1181640625 0.0771484375
3 0.19140625 0.6728515625 0.1103515625 0.06640625
7 0.193359375 0.5556640625 0.1064453125 0.0634765625
1 0.1943359375 0.44921875 0.1015625 0.0576171875
9 0.1962890625 0.3515625 0.09765625 0.0498046875
6 0.1953125 0.255859375 0.095703125 0.046875
8 0.1962890625 0.1708984375 0.09375 0.0439453125
5 0.1962890625 0.091796875 0.091796875 0.0380859375
4 0.1953125 0.015625 0.0859375 0.03125