10 0.55330918359375 0 0.41128537109375 0.97476220703125 0.455976271484375 0.971898283203125 0.629286603515625 0 0.55330918359375 0
2 0.5571151871938984 0.21555573431155267 0.05005543425276526 0.07344154842654127
0 0.5377104195388618 0.3360731406192308 0.049850882710637645 0.06172279842654127
3 0.5229498209180097 0.44260576708425486 0.04978269886326192 0.05781654842654127
7 0.507042200178718 0.5394353495178097 0.04378695616851025 0.04962856261535631
1 0.49091298193545485 0.6235696194513646 0.04378695616851025 0.04962856261535631
9 0.47766231330665976 0.7045864589793269 0.0437187723211343 0.04572231261535631
6 0.465268885444957 0.7787047800387585 0.03974433847375847 0.04156573874123293
8 0.4537838362358783 0.8488542701296593 0.041663371550070605 0.03973777567829462
5 0.4450921068320479 0.9110035173149675 0.04162927962638263 0.03778465067829462
4 0.4342938387716219 0.9644888639373375 0.041322452313191316 0.020206525678294618