10 1 0.674586865234375 0.469363654296875 0.553391478515625 0.1297309140625 0.477008046875 0.126051921875 0.51146268359375 0.793481671875 0.661183439453125 1 0.708641470703125 1 0.674586865234375
2 0.7692194844961255 0.6382973609809014 0.05145652567829462 0.04528753239872674
0 0.7002342998108173 0.6225510656226838 0.04950340067829462 0.0451166561027776
3 0.6332022401255091 0.6069756465604155 0.05145652567829462 0.04528753239872696
7 0.5662327614087316 0.5923767899981471 0.05145652567829462 0.04528753239872674
1 0.49724757672342335 0.5766304946399297 0.05145652567829462 0.04528753239872674
9 0.43125466050664585 0.5621170762256358 0.05133136374123293 0.04333440739872674
6 0.3622694758213376 0.5463707808674183 0.05328448874123304 0.04350528369467588
8 0.2933468721045602 0.5316010480092008 0.05328448874123304 0.04350528369467588
5 0.22240856241925194 0.5156838763550344 0.04950340067829467 0.0451166561027776
4 0.15336079676541287 0.49896101849681695 0.05145652567829473 0.04528753239872674