10 0.6157865957031251 9.71445146547012e-17 0.555066448408929 -0.012846859154690096 0.348669276533929 0.962680818579685 0.40938942382812504 0.9755276777343752
2 0.587890625 0.08007812500000007 0.5546875 0.08007812500000006 0.5546875 0.13281250000000006 0.587890625 0.13281250000000006
0 0.57421875 0.15234375000000006 0.53125 0.15234375000000006 0.53125 0.20898437500000006 0.57421875 0.20898437500000006
3 0.55859375 0.22851562500000006 0.513671875 0.22851562500000006 0.513671875 0.2832031250000001 0.55859375 0.2832031250000001
7 0.541015625 0.3105468750000001 0.49609375 0.3105468750000001 0.49609375 0.3671875000000001 0.541015625 0.3671875000000001
1 0.5234375 0.3945312500000001 0.474609375 0.3945312500000001 0.474609375 0.4492187500000001 0.5234375 0.4492187500000001
9 0.50390625 0.4804687500000001 0.4570312500000001 0.4804687500000001 0.4570312500000001 0.5390625 0.50390625 0.5390625
6 0.4843750000000001 0.5703125 0.4375000000000001 0.5703125 0.4375000000000001 0.634765625 0.4843750000000001 0.634765625
8 0.4648437500000001 0.671875 0.4140625000000001 0.671875 0.4140625000000001 0.728515625 0.4648437500000001 0.728515625
5 0.4433593750000001 0.77734375 0.3886718750000001 0.77734375 0.3886718750000001 0.828125 0.4433593750000001 0.828125
4 0.4121093750000001 0.880859375 0.3671875000000001 0.880859375 0.3671875000000001 0.962890625 0.4121093750000001 0.962890625