10 0.8109066176596107 0.2671083229402904 0.162535236328125 0.19094360546875 0.15697741965388035 0.23825592269245216 0.805348800985366 0.3144206401639926
4 0.802734375 0.2656250000000001 0.775390625 0.2656250000000001 0.775390625 0.3066406250000001 0.802734375 0.3066406250000001
5 0.75 0.2578125000000001 0.720703125 0.2578125000000001 0.720703125 0.3027343750000001 0.75 0.3027343750000001
8 0.69921875 0.2519531250000001 0.66796875 0.2519531250000001 0.66796875 0.2968750000000001 0.69921875 0.2968750000000001
6 0.646484375 0.2500000000000001 0.619140625 0.2500000000000001 0.619140625 0.2910156250000001 0.646484375 0.2910156250000001
9 0.595703125 0.24414062500000006 0.568359375 0.24414062500000006 0.568359375 0.2851562500000001 0.595703125 0.2851562500000001
1 0.546875 0.23828125000000006 0.517578125 0.23828125000000006 0.517578125 0.2792968750000001 0.546875 0.2792968750000001
7 0.498046875 0.23242187500000006 0.46875 0.23242187500000006 0.46875 0.2734375000000001 0.498046875 0.2734375000000001
3 0.44921875 0.22656250000000006 0.419921875 0.22656250000000006 0.419921875 0.267578125 0.44921875 0.267578125
0 0.404296875 0.22460937500000006 0.375 0.22460937500000006 0.375 0.26171875 0.404296875 0.26171875
2 0.35546875 0.21484375000000006 0.326171875 0.21484375000000006 0.326171875 0.255859375 0.35546875 0.255859375