10 0.1085149375 0.441065609375 0.11685360546875 0.47221969140625 0.259193208984375 0.446378267578125 0.990078177734375 0.3129731328125 0.98899076171875 0.28640001171875 0.72714645703125 0.333785404296875 0.1085149375 0.441065609375
2 0.7502692991128435 0.3436978265309243 0.03745027500397713 0.031891815286966274
0 0.6906308066120479 0.3537227635705279 0.03745027500397713 0.031891815286966274
3 0.6299816616108549 0.36674567601242014 0.0413337983370452 0.030211841896120584
7 0.5674134816100594 0.37697547675888954 0.04135652500397713 0.032164966896120584
1 0.5018928874423322 0.3893632662122247 0.04330965000397713 0.03230154270069763
9 0.4354298207750027 0.39888965606784843 0.045285501670908834 0.03439124350527489
6 0.3669568124403436 0.41343543422804935 0.04916902500397713 0.0327112701144292
8 0.29557684327261646 0.42623295109511605 0.053098001670908834 0.03493754672358351
5 0.2212785499383551 0.43825876916904843 0.04919175167090889 0.0346643951144292
4 0.13915639327062787 0.45180745296128955 0.053120728337840706 0.03689067172358351