10 1.0140624466315236 0.5588826943305951 0.007294361328125026 0.313395486328125 -0.006768085303398744 0.37106701465378 0.9999999999999999 0.6165542226562502
2 0.15429687500000006 0.34765625 0.09570312500000006 0.34765625 0.09570312500000006 0.396484375 0.15429687500000006 0.396484375
0 0.25390625 0.37109375 0.19921875000000006 0.37109375 0.19921875000000006 0.423828125 0.25390625 0.423828125
3 0.3515625 0.396484375 0.30078125 0.396484375 0.30078125 0.447265625 0.3515625 0.447265625
7 0.45507812500000006 0.41992187500000006 0.396484375 0.419921875 0.39648437500000006 0.47070312500000006 0.4550781250000001 0.4707031250000001
1 0.55078125 0.4433593750000001 0.498046875 0.4433593750000001 0.49804687500000006 0.4941406250000001 0.55078125 0.4941406250000001
9 0.6484375 0.4707031250000001 0.595703125 0.4707031250000001 0.595703125 0.517578125 0.6484375 0.517578125
6 0.744140625 0.4921875000000001 0.693359375 0.4921875000000001 0.693359375 0.54296875 0.744140625 0.54296875
8 0.845703125 0.517578125 0.791015625 0.517578125 0.791015625 0.56640625 0.845703125 0.56640625
5 0.947265625 0.5410156250000001 0.890625 0.541015625 0.890625 0.5937500000000001 0.947265625 0.5937500000000002
4 1 0.5664062500000002 0.990234375 0.5664062500000002 0.990234375 0.6171875000000002 1 0.6171875000000002