10 0.8252745898437501 0.0351084062500001 0.7855621854467978 0.032198957860021554 0.7198920072795763 0.9285615402586224 0.7596044116765286 0.9314709886486009
2 0.814453125 0.1816406250000001 0.771484375 0.1816406250000001 0.771484375 0.2363281250000001 0.814453125 0.2363281250000001
0 0.80859375 0.2656250000000001 0.765625 0.2656250000000001 0.765625 0.3183593750000001 0.80859375 0.3183593750000001
3 0.802734375 0.3398437500000001 0.7578125 0.3398437500000001 0.7578125 0.3925781250000001 0.802734375 0.3925781250000001
7 0.796875 0.4179687500000001 0.75390625 0.4179687500000001 0.75390625 0.4726562500000001 0.796875 0.4726562500000001
1 0.791015625 0.4960937500000001 0.748046875 0.4960937500000001 0.748046875 0.55078125 0.791015625 0.55078125
9 0.78515625 0.5703125 0.744140625 0.5703125 0.744140625 0.625 0.78515625 0.625
6 0.779296875 0.6484375 0.73828125 0.6484375 0.73828125 0.703125 0.779296875 0.703125
8 0.775390625 0.72265625 0.732421875 0.72265625 0.732421875 0.77734375 0.775390625 0.77734375
5 0.76953125 0.796875 0.7265625 0.796875 0.7265625 0.85546875 0.76953125 0.85546875
4 0.7636718750000001 0.876953125 0.72265625 0.876953125 0.7226562500000001 0.9296875 0.7636718750000002 0.9296875