10 0.3592086640625 0.18411383984375 0.308001322265625 0.184678572265625 0.243547619140625 0.921129216796875 0.3019768515625 0.92399652734375 0.3592086640625 0.18411383984375
2 0.28515625 0.755859375 0.05078125 0.041015625
0 0.2919921875 0.6904296875 0.0517578125 0.0400390625
3 0.296875 0.6240234375 0.0498046875 0.0380859375
7 0.302734375 0.5595703125 0.0517578125 0.037109375
1 0.30859375 0.498046875 0.0517578125 0.0380859375
9 0.3125 0.4384765625 0.0478515625 0.0361328125
6 0.318359375 0.3798828125 0.05078125 0.0341796875
8 0.322265625 0.3212890625 0.0478515625 0.0341796875
5 0.3271484375 0.2626953125 0.044921875 0.0341796875
4 0.33203125 0.2041015625 0.0439453125 0.0341796875