10 1.0465899235227025 0.8593306748025579 0.36134951953125 0.21848875000000006 0.31460498663354736 0.2684718134786922 0.9998453906249999 0.90931373828125
2 0.8203125 0.63671875 0.783203125 0.63671875 0.783203125 0.701171875 0.8203125 0.701171875
0 0.75390625 0.578125 0.716796875 0.578125 0.716796875 0.63671875 0.75390625 0.63671875
3 0.6953125 0.5234375 0.658203125 0.5234375 0.658203125 0.578125 0.6953125 0.578125
7 0.634765625 0.4726562500000001 0.599609375 0.4726562500000001 0.599609375 0.51953125 0.634765625 0.51953125
1 0.583984375 0.4238281250000001 0.55078125 0.4238281250000001 0.55078125 0.4687500000000001 0.583984375 0.4687500000000001
9 0.53515625 0.3828125000000001 0.505859375 0.3828125000000001 0.505859375 0.4257812500000001 0.53515625 0.4257812500000001
6 0.490234375 0.3378906250000001 0.462890625 0.3378906250000001 0.462890625 0.3828125000000001 0.490234375 0.3828125000000001
8 0.44921875 0.298828125 0.42578125 0.298828125 0.42578125 0.34765625 0.44921875 0.34765625
5 0.41015625 0.265625 0.38671875 0.265625 0.38671875 0.306640625 0.41015625 0.306640625
4 0.375 0.23242187500000006 0.3515625 0.23242187500000006 0.3515625 0.271484375 0.375 0.271484375