10 0.9994930152162278 0.6207173029843079 0.9993841900894191 0.5866782159283286 0.07399104206069138 0.5896367566940207 0.0740998671875 0.6236758437500001
4 0.12109375000000008 0.591796875 0.07617187500000008 0.591796875 0.07617187500000008 0.62109375 0.12109375000000008 0.62109375
5 0.19140625000000006 0.591796875 0.14843750000000006 0.591796875 0.14843750000000006 0.623046875 0.19140625000000006 0.623046875
8 0.2636718750000001 0.58984375 0.21875000000000006 0.58984375 0.21875000000000006 0.62109375 0.2636718750000001 0.62109375
6 0.3320312500000001 0.58984375 0.2851562500000001 0.58984375 0.2851562500000001 0.62109375 0.3320312500000001 0.62109375
9 0.3984375000000001 0.58984375 0.3554687500000001 0.58984375 0.3554687500000001 0.62109375 0.3984375000000001 0.62109375
1 0.4667968750000001 0.58984375 0.4218750000000001 0.58984375 0.4218750000000001 0.62109375 0.4667968750000001 0.62109375
7 0.533203125 0.587890625 0.4902343750000001 0.587890625 0.4902343750000001 0.62109375 0.533203125 0.62109375
3 0.603515625 0.58984375 0.55859375 0.58984375 0.55859375 0.62109375 0.603515625 0.62109375
0 0.669921875 0.587890625 0.625 0.587890625 0.625 0.62109375 0.669921875 0.62109375
2 0.73828125 0.58984375 0.693359375 0.58984375 0.693359375 0.619140625 0.73828125 0.619140625