10 0.9212154453068492 0.5096127751727382 0.04133872265625007 0.460698220703125 0.03820439258336388 0.517078660066005 0.918081115233963 0.5659932145356182
2 0.689453125 0.4960937500000001 0.6484375 0.4960937500000001 0.6484375 0.548828125 0.689453125 0.548828125
0 0.623046875 0.4921875000000001 0.58203125 0.4921875000000001 0.58203125 0.546875 0.623046875 0.546875
3 0.560546875 0.4882812500000001 0.517578125 0.4882812500000001 0.517578125 0.544921875 0.560546875 0.544921875
7 0.4960937500000001 0.48437500000000006 0.4511718750000001 0.484375 0.4511718750000001 0.541015625 0.4960937500000001 0.541015625
1 0.4316406250000001 0.48046875 0.3886718750000001 0.48046875 0.3886718750000001 0.537109375 0.4316406250000001 0.537109375
9 0.3632812500000001 0.4765625 0.3222656250000001 0.4765625 0.3222656250000001 0.533203125 0.3632812500000001 0.533203125
6 0.2968750000000001 0.47265625 0.2519531250000001 0.47265625 0.2519531250000001 0.529296875 0.2968750000000001 0.529296875
8 0.23046875000000006 0.46875 0.18359375000000006 0.46875 0.18359375000000006 0.525390625 0.23046875000000006 0.525390625
5 0.15820312500000006 0.46484375 0.11523437500000006 0.46484375 0.11523437500000006 0.5234375 0.15820312500000006 0.5234375
4 0.08593750000000006 0.4609375 0.044921875000000056 0.4609375 0.04492187500000006 0.51953125 0.08593750000000006 0.51953125