10 0.8544401836342238 0.6553658672111148 0.8418462058315861 0.5901750367122787 0.062252133525487294 0.740781960516789 0.074846111328125 0.8059727910156251
2 0.2773437500000001 0.70703125 0.2187500000000001 0.70703125 0.2187500000000001 0.775390625 0.2773437500000001 0.775390625
0 0.3535156250000001 0.693359375 0.2929687500000001 0.693359375 0.2929687500000001 0.7578125 0.3535156250000001 0.7578125
3 0.4218750000000001 0.6796875 0.3671875000000001 0.6796875 0.3671875000000001 0.744140625 0.4218750000000001 0.744140625
7 0.4902343750000001 0.666015625 0.4375000000000001 0.666015625 0.4375000000000001 0.73046875 0.4902343750000001 0.73046875
1 0.556640625 0.65625 0.501953125 0.65625 0.501953125 0.71484375 0.556640625 0.71484375
9 0.615234375 0.64453125 0.56640625 0.64453125 0.56640625 0.703125 0.615234375 0.703125
6 0.6796875 0.6328125 0.630859375 0.6328125 0.630859375 0.693359375 0.6796875 0.693359375
8 0.736328125 0.62109375 0.689453125 0.62109375 0.689453125 0.677734375 0.736328125 0.677734375
5 0.791015625 0.611328125 0.74609375 0.611328125 0.74609375 0.671875 0.791015625 0.671875
4 0.8515625 0.60546875 0.8046875 0.60546875 0.8046875 0.658203125 0.8515625 0.658203125