10 0.8082771346692676 0.6941378175427091 0.7970897982686548 0.6310595275841937 0.061420396021262105 0.7615351807446096 0.07260773242187503 0.8246134707031251
4 0.80078125 0.6484375 0.765625 0.6484375 0.765625 0.693359375 0.80078125 0.693359375
5 0.74609375 0.658203125 0.71484375 0.658203125 0.71484375 0.703125 0.74609375 0.703125
8 0.6953125 0.6640625 0.658203125 0.6640625 0.658203125 0.71484375 0.6953125 0.71484375
6 0.642578125 0.669921875 0.603515625 0.669921875 0.603515625 0.724609375 0.642578125 0.724609375
9 0.583984375 0.681640625 0.544921875 0.681640625 0.544921875 0.732421875 0.583984375 0.732421875
1 0.529296875 0.689453125 0.4843750000000001 0.689453125 0.4843750000000001 0.744140625 0.529296875 0.744140625
7 0.4687500000000001 0.697265625 0.4238281250000001 0.697265625 0.4238281250000001 0.75390625 0.4687500000000001 0.75390625
3 0.4062500000000001 0.708984375 0.3574218750000001 0.708984375 0.3574218750000001 0.767578125 0.4062500000000001 0.767578125
0 0.3398437500000001 0.72265625 0.2910156250000001 0.72265625 0.2910156250000001 0.779296875 0.3398437500000001 0.779296875
2 0.2675781250000001 0.732421875 0.2187500000000001 0.732421875 0.2187500000000001 0.79296875 0.2675781250000001 0.79296875