10 0.8810916914062501 0.4227515703125 0.8698507001926655 0.3875894626150367 -0.01124099121358449 0.6692660915212868 5.551115123125783e-17 0.7044281992187501
2 0.24414062500000006 0.599609375 0.20312500000000006 0.599609375 0.20312500000000006 0.626953125 0.24414062500000006 0.626953125
0 0.3144531250000001 0.576171875 0.2714843750000001 0.576171875 0.2714843750000001 0.603515625 0.3144531250000001 0.603515625
3 0.3828125000000001 0.5546875 0.3398437500000001 0.5546875 0.3398437500000001 0.578125 0.3828125000000001 0.578125
7 0.4511718750000001 0.533203125 0.4121093750000001 0.533203125 0.4121093750000001 0.55859375 0.4511718750000001 0.55859375
1 0.51953125 0.51171875 0.4804687500000001 0.51171875 0.4804687500000001 0.537109375 0.51953125 0.537109375
9 0.587890625 0.4902343750000001 0.548828125 0.4902343750000001 0.548828125 0.51171875 0.587890625 0.51171875
6 0.658203125 0.4687500000000001 0.6171875 0.4687500000000001 0.6171875 0.4921875000000001 0.658203125 0.4921875000000001
8 0.728515625 0.4453125000000001 0.685546875 0.4453125000000001 0.685546875 0.4707031250000001 0.728515625 0.4707031250000001
5 0.794921875 0.4257812500000001 0.755859375 0.4257812500000001 0.755859375 0.4453125000000001 0.794921875 0.4453125000000001
4 0.869140625 0.4003906250000001 0.830078125 0.4003906250000001 0.830078125 0.4257812500000001 0.869140625 0.4257812500000001