10 0.9950700041137206 0.698155813160863 0.06579525585937505 0.5391934492187499 0.06001542784229037 0.5729816245599627 0.9892901760966359 0.7319439885020758
4 0.11328125000000007 0.5390625 0.06250000000000006 0.5390625 0.06250000000000007 0.578125 0.11328125000000008 0.578125
5 0.18554687500000006 0.552734375 0.13476562500000006 0.552734375 0.13476562500000006 0.591796875 0.18554687500000006 0.591796875
8 0.2558593750000001 0.564453125 0.20507812500000006 0.564453125 0.20507812500000006 0.603515625 0.2558593750000001 0.603515625
6 0.3261718750000001 0.576171875 0.2753906250000001 0.576171875 0.2753906250000001 0.615234375 0.3261718750000001 0.615234375
9 0.3925781250000001 0.587890625 0.3457031250000001 0.587890625 0.3457031250000001 0.626953125 0.3925781250000001 0.626953125
1 0.4628906250000001 0.599609375 0.4101562500000001 0.599609375 0.4101562500000001 0.640625 0.4628906250000001 0.640625
7 0.529296875 0.611328125 0.4804687500000001 0.611328125 0.4804687500000001 0.650390625 0.529296875 0.650390625
3 0.59765625 0.623046875 0.55078125 0.623046875 0.55078125 0.662109375 0.59765625 0.662109375
0 0.666015625 0.634765625 0.6171875 0.634765625 0.6171875 0.673828125 0.666015625 0.673828125
2 0.736328125 0.6484375 0.685546875 0.6484375 0.685546875 0.685546875 0.736328125 0.685546875