10 0.9864269479871295 0.5053988917134351 0.980803992390479 0.4694406890241419 -0.005033670440400567 0.6236008246544568 0.000589285156249994 0.65955902734375
2 0.24414062500000006 0.59375 0.18359375000000006 0.59375 0.18359375000000006 0.6171875 0.24414062500000006 0.6171875
0 0.3320312500000001 0.578125 0.2812500000000001 0.578125 0.2812500000000001 0.599609375 0.3320312500000001 0.599609375
3 0.4218750000000001 0.560546875 0.3710937500000001 0.560546875 0.3710937500000001 0.5859375 0.4218750000000001 0.5859375
7 0.505859375 0.548828125 0.4609375000000001 0.548828125 0.4609375000000001 0.5703125 0.505859375 0.5703125
1 0.587890625 0.5390625 0.544921875 0.5390625 0.544921875 0.560546875 0.587890625 0.560546875
9 0.6640625 0.52734375 0.626953125 0.52734375 0.626953125 0.548828125 0.6640625 0.548828125
6 0.740234375 0.513671875 0.708984375 0.513671875 0.708984375 0.5390625 0.740234375 0.5390625
8 0.814453125 0.501953125 0.787109375 0.501953125 0.787109375 0.525390625 0.814453125 0.525390625
5 0.888671875 0.4941406250000001 0.859375 0.4941406250000001 0.859375 0.515625 0.888671875 0.515625
4 0.958984375 0.4824218750000001 0.935546875 0.4824218750000001 0.935546875 0.5058593750000002 0.958984375 0.5058593750000002