10 0.94249603125 0.5264414687500001 0.0013720961232941507 0.5114455634270736 0.0007976191406250666 0.5474990078125 0.9419215542673309 0.5624949131354265
2 0.16992187500000006 0.51953125 0.12695312500000006 0.51953125 0.12695312500000006 0.548828125 0.16992187500000006 0.548828125
0 0.2519531250000001 0.51953125 0.21093750000000006 0.51953125 0.21093750000000006 0.548828125 0.2519531250000001 0.548828125
3 0.3378906250000001 0.521484375 0.2949218750000001 0.521484375 0.2949218750000001 0.548828125 0.3378906250000001 0.548828125
7 0.4218750000000001 0.521484375 0.3730468750000001 0.521484375 0.3730468750000001 0.55078125 0.4218750000000001 0.55078125
1 0.505859375 0.5234375 0.4550781250000001 0.5234375 0.4550781250000001 0.552734375 0.505859375 0.552734375
9 0.587890625 0.5234375 0.5390625 0.5234375 0.5390625 0.55078125 0.587890625 0.55078125
6 0.673828125 0.52734375 0.62109375 0.52734375 0.62109375 0.552734375 0.673828125 0.552734375
8 0.755859375 0.52734375 0.708984375 0.52734375 0.708984375 0.556640625 0.755859375 0.556640625
5 0.841796875 0.52734375 0.796875 0.52734375 0.796875 0.55859375 0.841796875 0.55859375
4 0.93359375 0.5312500000000001 0.888671875 0.53125 0.888671875 0.5605468750000001 0.93359375 0.5605468750000002