10 0.3312764296875 0.920407478515625 0.39044797265625 0.96148890234375 0.539565423828125 0.32713031640625 0.50972301953125 0.30536801171875 0.3312764296875 0.920407478515625
2 0.419261759307451 0.7258727575489181 0.04029801894086338 0.03949430667170439
0 0.43622228600946167 0.6587513017186339 0.03475750833494973 0.043332376670909056
3 0.4540596897952098 0.6023720333883498 0.03216665454677703 0.03549715000397713
7 0.4682299918765226 0.5488769992242019 0.024194722349733855 0.033453118336249865
1 0.4801880513445297 0.5041369375596563 0.025669550758604442 0.027616470003181792
9 0.48742273050957996 0.46129318422778126 0.021444436364518094 0.02366476666931805
6 0.49684968297019505 0.421401845062838 0.021125571970431745 0.01975851666931805
8 0.5058580856204612 0.38833508006442885 0.01901301477338846 0.017782665002386233
5 0.5177961757707272 0.3553024050664174 0.021444436364518094 0.02366476666931805
4 0.5213437839136013 0.3270502725672128 0.01901301477338846 0.017782665002386233