10 0.3559388222656251 0.23534548632812508 0.3060864065111056 0.2273143283973946 0.19761970898437511 0.90060788671875 0.24747212473889466 0.9086390446494805
2 0.2890625000000001 0.62109375 0.24804687500000006 0.62109375 0.24804687500000006 0.65234375 0.2890625000000001 0.65234375
0 0.2968750000000001 0.5703125 0.2578125000000001 0.5703125 0.2578125000000001 0.599609375 0.2968750000000001 0.599609375
3 0.3046875000000001 0.5234375 0.2675781250000001 0.5234375 0.2675781250000001 0.552734375 0.3046875000000001 0.552734375
7 0.3144531250000001 0.478515625 0.2753906250000001 0.478515625 0.2753906250000001 0.505859375 0.3144531250000001 0.505859375
1 0.32031250000000006 0.435546875 0.283203125 0.435546875 0.28320312500000006 0.4609375 0.3203125000000001 0.4609375
9 0.328125 0.39453125 0.2890625 0.39453125 0.2890625 0.41796875 0.328125 0.41796875
6 0.333984375 0.3515625 0.296875 0.3515625 0.296875 0.375 0.333984375 0.375
4 0.33984375 0.310546875 0.3046875 0.310546875 0.3046875 0.3359375 0.33984375 0.3359375
5 0.345703125 0.2734375 0.310546875 0.2734375 0.310546875 0.294921875 0.345703125 0.294921875
4 0.3515625 0.23632812500000006 0.31640625 0.23632812500000006 0.31640625 0.255859375 0.3515625 0.255859375