10 1.01251706863883 0.814672401807016 0.09829627016046505 0.42841176964125305 0.07839965234375007 0.4755040703125001 0.9926204508221151 0.8617647024782629
2 0.830078125 0.732421875 0.77734375 0.732421875 0.77734375 0.775390625 0.830078125 0.775390625
0 0.748046875 0.69921875 0.69921875 0.69921875 0.69921875 0.740234375 0.748046875 0.740234375
3 0.666015625 0.66796875 0.619140625 0.66796875 0.619140625 0.70703125 0.666015625 0.70703125
7 0.58203125 0.6328125 0.5390625 0.6328125 0.5390625 0.671875 0.58203125 0.671875
1 0.5078125 0.599609375 0.4609375000000001 0.599609375 0.4609375000000001 0.640625 0.5078125 0.640625
9 0.4316406250000001 0.568359375 0.3867187500000001 0.568359375 0.3867187500000001 0.60546875 0.4316406250000001 0.60546875
6 0.3535156250000001 0.537109375 0.3125000000000001 0.537109375 0.3125000000000001 0.57421875 0.3535156250000001 0.57421875
8 0.2832031250000001 0.5078125 0.24023437500000006 0.5078125 0.24023437500000006 0.544921875 0.2832031250000001 0.544921875
5 0.20703125000000006 0.4765625 0.16796875000000006 0.4765625 0.16796875000000006 0.513671875 0.20703125000000006 0.513671875
4 0.13476562500000006 0.447265625 0.09375000000000006 0.447265625 0.09375000000000006 0.484375 0.13476562500000006 0.484375