10 0.47267592578125 0.998407490234375 0.527586640625 0.999751984375 0.538716931640625 0.599378224609375 0.54836342578125 0.209253720703125 0.4904847890625 0.208140625 0.486774470703125 0.403481150390625 0.47267592578125 0.998407490234375
4 0.51953125 0.2314453125 0.0546875 0.0419921875
5 0.5185546875 0.30078125 0.0546875 0.041015625
8 0.5166015625 0.3662109375 0.052734375 0.0419921875
6 0.5146484375 0.4306640625 0.0546875 0.0390625
9 0.513671875 0.49609375 0.0517578125 0.037109375
1 0.51171875 0.5595703125 0.05078125 0.0390625
7 0.5087890625 0.623046875 0.052734375 0.0380859375
3 0.5078125 0.6884765625 0.0498046875 0.0380859375
0 0.5068359375 0.75 0.0517578125 0.041015625
2 0.5048828125 0.8154296875 0.052734375 0.041015625