10 0.43416046235713546 0.00003521755859654807 0.3935228058651092 -0.002087611859253345 0.3436333613281251 0.9529538496093751 0.3842710178201514 0.955076679027225
4 0.3867187500000001 0.8984375 0.3437500000000001 0.8984375 0.3437500000000001 0.951171875 0.3867187500000001 0.951171875
5 0.3906250000000001 0.814453125 0.3476562500000001 0.814453125 0.3476562500000001 0.8671875 0.3906250000000001 0.8671875
8 0.3945312500000001 0.73046875 0.3535156250000001 0.73046875 0.3535156250000001 0.783203125 0.3945312500000001 0.783203125
6 0.4003906250000001 0.654296875 0.3593750000000001 0.654296875 0.3593750000000001 0.705078125 0.4003906250000001 0.705078125
9 0.4042968750000001 0.57421875 0.3632812500000001 0.57421875 0.3632812500000001 0.623046875 0.4042968750000001 0.623046875
1 0.4082031250000001 0.490234375 0.3652343750000001 0.490234375 0.3652343750000001 0.54296875 0.4082031250000001 0.54296875
7 0.41406250000000006 0.412109375 0.37109375 0.412109375 0.37109375000000006 0.46484375 0.4140625000000001 0.46484375
3 0.416015625 0.33203125 0.375 0.33203125 0.375 0.384765625 0.416015625 0.384765625
0 0.421875 0.251953125 0.37890625 0.251953125 0.37890625 0.3046875 0.421875 0.3046875
2 0.423828125 0.17187500000000006 0.384765625 0.17187500000000006 0.384765625 0.22265625000000006 0.423828125 0.22265625000000006