10 0.202764845703125 0.12774513671875 0.474997828125 0.135117201171875 0.85697506640625 0.139932201171875 0.97018550390625 0.141520796875 0.967366849609375 0.072261673828125 0.1978645625 0.0656090859375 0.202764845703125 0.12774513671875
2 0.8907595607350928 0.10407249430922104 0.0528271347980207 0.07267767473094036
0 0.8096196280351753 0.10322699906560469 0.05288396493129888 0.07463079973094036
3 0.7343390703352577 0.1026544085986353 0.05294079506457727 0.07658392473094036
7 0.6570485575020618 0.10394397487278359 0.0528271347980207 0.07267767473094039
1 0.5827729773687835 0.10244030603525536 0.05288396493129888 0.07463079973094039
9 0.5113702546022267 0.10302621458605062 0.0528271347980207 0.07267767473094036
6 0.43807123696894845 0.10156802987796355 0.048750394398185515 0.0666363632131757
8 0.36962661676903086 0.10131382831708229 0.05271347453146391 0.06877142473094036
5 0.2953794517023917 0.09883359697955406 0.050703519398185626 0.06672733147205803
4 0.22793980906911337 0.09764831704811397 0.048750394398185626 0.06663636321317573