10 0.5297514339407325 0.3543467234576907 0.4695110240119488 0.3478501514847445 0.39918090660952243 0.9999964095889741 0.4594213165383062 1.0064929815619204
2 0.4550781250000001 0.94921875 0.4062500000000001 0.94921875 0.4062500000000001 0.990234375 0.4550781250000001 0.990234375
0 0.4609375000000001 0.876953125 0.4140625000000001 0.876953125 0.4140625000000001 0.91796875 0.4609375000000001 0.91796875
3 0.4707031250000001 0.80859375 0.4218750000000001 0.80859375 0.4218750000000001 0.849609375 0.4707031250000001 0.849609375
7 0.4785156250000001 0.73828125 0.4296875000000001 0.73828125 0.4296875000000001 0.779296875 0.4785156250000001 0.779296875
1 0.4843750000000001 0.671875 0.4355468750000001 0.671875 0.4355468750000001 0.712890625 0.4843750000000001 0.712890625
9 0.4941406250000001 0.611328125 0.4492187500000001 0.611328125 0.4492187500000001 0.6484375 0.4941406250000001 0.6484375
6 0.4980468750000001 0.544921875 0.4550781250000001 0.544921875 0.4550781250000001 0.58203125 0.4980468750000001 0.58203125
8 0.5078125 0.4824218750000001 0.4609375000000001 0.4824218750000001 0.4609375000000001 0.51953125 0.5078125 0.51953125
5 0.51171875 0.4199218750000001 0.466796875 0.4199218750000001 0.46679687500000006 0.4570312500000001 0.51171875 0.4570312500000001
4 0.51953125 0.3554687500000001 0.47265625 0.3554687500000001 0.47265625 0.3964843750000001 0.51953125 0.3964843750000001