10 0.71119469140625 0.979077556640625 0.490100455078125 0.14826071484375 0.434421025390625 0.15824258984375 0.654269771484375 0.9906441875 0.71119469140625 0.979077556640625
4 0.4687680290500996 0.17801649541806136 0.06229372406759448 0.049169013465485634
5 0.4874718687820282 0.24434320477611468 0.061997726142186904 0.04526276346548569
8 0.5040745845512529 0.3087281520830175 0.06034059906759448 0.04915765051663623
6 0.5215798633391258 0.3721308554154956 0.06424684906759448 0.04918037641433526
9 0.5391591416083505 0.4365101212479737 0.0622937240675947 0.049169013465485634
1 0.5547112953962233 0.49992418752930134 0.06424684906759448 0.04918037641433526
7 0.5731931366840962 0.5633212093873547 0.06424684906759448 0.04918037641433526
3 0.5886712909906171 0.6257587131686824 0.0603405990675947 0.04915765051663623
0 0.6051260077971381 0.6881905354755853 0.06439484803029827 0.051133501414335036
2 0.621654724085011 0.7515989202824881 0.06439484803029827 0.05113350141433526