10 0.430504298828125 0.99328769921875 0.480340939453125 0.9920947421875 0.47822023828125 0.746317708984375 0.475039021484375 0.17284325390625 0.422021494140625 0.17324082421875 0.426792990234375 0.591209078125 0.430504298828125 0.99328769921875
4 0.4482421875 0.1943359375 0.052734375 0.041015625
5 0.4501953125 0.2568359375 0.05078125 0.0380859375
8 0.4501953125 0.3173828125 0.05078125 0.0390625
6 0.4501953125 0.376953125 0.05078125 0.0390625
9 0.451171875 0.435546875 0.0498046875 0.0380859375
7 0.4521484375 0.5517578125 0.0498046875 0.037109375
3 0.4521484375 0.611328125 0.05078125 0.0380859375
0 0.453125 0.66796875 0.05078125 0.0380859375
2 0.4541015625 0.7255859375 0.0498046875 0.037109375
1 0.4521484375 0.494140625 0.0498046875 0.037109375