10 0.9132267968749999 0.35148147460937507 0.9065969094502793 0.3195944299557958 0.03579335538695766 0.5006500779535279 0.042423242811678266 0.5325371226071072
4 0.912109375 0.3183593750000001 0.86328125 0.3183593750000001 0.86328125 0.3632812500000001 0.912109375 0.3632812500000001
5 0.84765625 0.3320312500000001 0.798828125 0.3320312500000001 0.798828125 0.3769531250000001 0.84765625 0.3769531250000001
8 0.787109375 0.3457031250000001 0.740234375 0.3457031250000001 0.740234375 0.3886718750000001 0.787109375 0.3886718750000001
6 0.724609375 0.3574218750000001 0.67578125 0.3574218750000001 0.67578125 0.4023437500000001 0.724609375 0.4023437500000001
9 0.662109375 0.3710937500000001 0.615234375 0.3710937500000001 0.615234375 0.4140625000000001 0.662109375 0.4140625000000001
1 0.603515625 0.3847656250000001 0.5546875 0.3847656250000001 0.5546875 0.4277343750000001 0.603515625 0.4277343750000001
7 0.541015625 0.3964843750000001 0.49609375 0.3964843750000001 0.49609375 0.4414062500000001 0.541015625 0.4414062500000001
3 0.482421875 0.40820312500000006 0.43359375 0.408203125 0.43359375 0.45312500000000006 0.482421875 0.4531250000000001
0 0.41992187500000006 0.421875 0.373046875 0.421875 0.37304687500000006 0.46484375 0.4199218750000001 0.46484375
2 0.35742187500000006 0.43359375 0.310546875 0.43359375 0.31054687500000006 0.478515625 0.3574218750000001 0.478515625