10 0.9560606327015877 0.39296427760013164 0.9420787494165763 0.3464605366031829 0.18124145265248862 0.5752149992374264 0.1952233359375 0.6217187402343751
2 0.4550781250000001 0.49804687500000006 0.4101562500000001 0.498046875 0.4101562500000001 0.552734375 0.4550781250000001 0.552734375
0 0.509765625 0.4824218750000001 0.4648437500000001 0.4824218750000001 0.4648437500000001 0.537109375 0.509765625 0.537109375
3 0.564453125 0.4609375000000001 0.517578125 0.4609375000000001 0.517578125 0.521484375 0.564453125 0.521484375
7 0.62109375 0.4453125000000001 0.57421875 0.4453125000000001 0.57421875 0.501953125 0.62109375 0.501953125
1 0.673828125 0.4296875000000001 0.626953125 0.4296875000000001 0.626953125 0.4863281250000001 0.673828125 0.4863281250000001
9 0.73046875 0.4140625000000001 0.68359375 0.4140625000000001 0.68359375 0.4707031250000001 0.73046875 0.4707031250000001
6 0.783203125 0.3964843750000001 0.736328125 0.3964843750000001 0.736328125 0.4531250000000001 0.783203125 0.4531250000000001
8 0.83984375 0.3808593750000001 0.79296875 0.3808593750000001 0.79296875 0.4375000000000001 0.83984375 0.4375000000000001
5 0.896484375 0.3652343750000001 0.849609375 0.3652343750000001 0.849609375 0.4218750000000001 0.896484375 0.4218750000000001
4 0.953125 0.3476562500000001 0.90625 0.3476562500000001 0.90625 0.4042968750000001 0.953125 0.4042968750000001