10 0.09803312890625 0.47076551953125 0.104002939453125 0.53109508984375 0.98640907421875 0.48453552734375 0.978760509765625 0.42071921875 0.09803312890625 0.47076551953125
2 0.7626339624667868 0.4642731765883936 0.04755995450758732 0.05690197282353893
0 0.6915723206139925 0.4687412414553861 0.04755995450758732 0.05690197282353904
3 0.621396273002316 0.47126186279680327 0.04755995450758732 0.05690197282353893
7 0.5512657095200807 0.4747590466382205 0.04755995450758732 0.05690197282353904
1 0.4811806301672865 0.4792327929796377 0.04969501602535198 0.06081958577238855
9 0.41207211331449234 0.4837122207954797 0.04969501602535198 0.06081958577238855
6 0.3409195032028158 0.4862271606624721 0.04755995450758732 0.05690197282353904
8 0.26892678297946276 0.49166610655503973 0.04969501602535198 0.06081958577238855
5 0.19777417286778626 0.4941810464220322 0.04987695254311664 0.06472583577238855
4 0.12573596851499205 0.49864342981459986 0.04978598428423431 0.06277271077238855