10 0.9324286656145687 0.4760137529595896 0.12647119316264988 0.2717052378774358 0.11124967785234625 0.3317511640173595 0.9172071503042651 0.5360596790995132
2 0.31640625 0.31640625 0.26953125 0.31640625 0.26953125 0.376953125 0.31640625 0.376953125
0 0.390625 0.333984375 0.341796875 0.333984375 0.341796875 0.392578125 0.390625 0.392578125
3 0.458984375 0.35156250000000006 0.412109375 0.3515625 0.412109375 0.41210937500000006 0.458984375 0.4121093750000001
7 0.529296875 0.3691406250000001 0.482421875 0.3691406250000001 0.482421875 0.4296875000000001 0.529296875 0.4296875000000001
1 0.595703125 0.3886718750000001 0.548828125 0.3886718750000001 0.548828125 0.4453125000000001 0.595703125 0.4453125000000001
9 0.66015625 0.4062500000000001 0.615234375 0.4062500000000001 0.615234375 0.4609375000000001 0.66015625 0.4609375000000001
6 0.724609375 0.4199218750000001 0.681640625 0.4199218750000001 0.681640625 0.4746093750000001 0.724609375 0.4746093750000001
8 0.7890625 0.4335937500000001 0.74609375 0.4335937500000001 0.74609375 0.4902343750000001 0.7890625 0.4902343750000001
5 0.853515625 0.4511718750000001 0.8125 0.4511718750000001 0.8125 0.5078125 0.853515625 0.5078125
4 0.919921875 0.4648437500000001 0.876953125 0.4648437500000001 0.876953125 0.5234375000000001 0.919921875 0.5234375000000002