10 0.3211340592231412 0.08103359734419645 0.27488312091507383 0.0797036549749292 0.2484200664062502 1.0000000000000002 0.29467100471431756 1.0013299423692674
2 0.2890625000000001 0.8828125 0.2519531250000001 0.8828125 0.2519531250000001 0.927734375 0.2890625000000001 0.927734375
0 0.2929687500000001 0.796875 0.2558593750000001 0.796875 0.2558593750000001 0.845703125 0.2929687500000001 0.845703125
3 0.2968750000000001 0.71484375 0.2617187500000001 0.71484375 0.2617187500000001 0.763671875 0.2968750000000001 0.763671875
7 0.3007812500000001 0.62890625 0.2636718750000001 0.62890625 0.2636718750000001 0.677734375 0.3007812500000001 0.677734375
1 0.3046875000000001 0.541015625 0.2675781250000001 0.541015625 0.2675781250000001 0.59375 0.3046875000000001 0.59375
9 0.3085937500000001 0.45703125 0.2695312500000001 0.45703125 0.2695312500000001 0.5078125 0.3085937500000001 0.5078125
6 0.310546875 0.3671875 0.2734375 0.3671875 0.2734375 0.419921875 0.310546875 0.419921875
8 0.3125 0.27734375 0.2734375 0.27734375 0.2734375 0.33203125 0.3125 0.33203125
5 0.318359375 0.18164062500000006 0.27734375 0.18164062500000006 0.27734375 0.23828125000000006 0.318359375 0.23828125000000006
4 0.31640625 0.08398437500000003 0.27734375 0.08398437500000003 0.27734375 0.14453125000000006 0.31640625 0.14453125000000006