10 0.117249509765625 0.13824269140625 0.052759291015625 0.1569216171875 0.264094681640625 0.945288697265625 0.3211972421875 0.932284751953125 0.117249509765625 0.13824269140625
2 0.12958104822846875 0.32706954795911225 0.07084621888111342 0.0589800902608838
0 0.14971771005248455 0.39655320379415604 0.07279934388111342 0.05899145320973331
3 0.16880380989514848 0.467007740654775 0.06664397095570584 0.05505111436318466
7 0.18706134620051618 0.5355034710409694 0.07069821991840963 0.05702696526088369
1 0.20449031896858766 0.6020403949527389 0.07069821991840963 0.05702696526088369
9 0.22109072819936293 0.6666185123900836 0.06634797303029827 0.05114486436318488
6 0.237839136392842 0.7292435048274284 0.06830109803029827 0.051156227312034286
8 0.253610982086321 0.7918628157903482 0.06634797303029827 0.05114486436318488
5 0.27028539079844816 0.855464370727693 0.06244172303029827 0.051122138465485634
4 0.2871077984732791 0.9171128006650378 0.06244172303029827 0.051122138465485634