10 0.83005516796875 0.21296341796875 0.028881640625 0.65110610546875 0.05139841796875 0.70213021875 0.8489720546875 0.267730419921875 0.83005516796875 0.21296341796875
2 0.654039906448768 0.3416606025978234 0.033544013465485634 0.060527611810526794
0 0.5864582423439013 0.37976489200742186 0.03353265051663623 0.058574486810526794
3 0.5179000157390347 0.4179260597055653 0.03353265051663623 0.058574486810526794
7 0.4522885210574423 0.452986905038074 0.03353265051663623 0.058574486810526794
1 0.3847182199014252 0.48913806944767246 0.033521287567786606 0.05662136181052668
9 0.3191010437454081 0.5251754772801811 0.041299698721238065 0.051217013118886046
6 0.25348386758939095 0.5612128851126899 0.041299698721238065 0.051217013118886046
8 0.18982549790779862 0.5961599738681087 0.03350992461893709 0.05466823681052668
5 0.12617280970063102 0.6301305001235276 0.03546304961893709 0.05478199338761658
4 0.06153219604461391 0.6661110296674913 0.03350992461893709 0.05466823681052668