10 0.5085504296875 1 0.44078080078125 0.0316373984375 0.373747841796875 0.03671272265625 0.442716826171875 1 0.5085504296875 1
4 0.4744759840045498 0.9958258202865455 0.06927434189612058 0.008348359426908925
5 0.4688553891761937 0.9403566278493001 0.07427319833273793 0.061146454734219535
8 0.4638493854684348 0.857636987195461 0.07204692172358351 0.057115042797157844
6 0.4587068059560987 0.7768704715416219 0.07245664913731509 0.06297441779715784
9 0.45342765063918544 0.6980570808877827 0.07232007333273793 0.061021292797157844
1 0.4472402207245608 0.6182045467654129 0.07218349752816078 0.059068167797157844
7 0.4430059158099361 0.5384771745801046 0.07218349752816078 0.059068167797157844
3 0.43675019799302284 0.45960120295773466 0.06827724752816078 0.05881784392303446
0 0.4306310559806868 0.37877210633536473 0.07232007333273793 0.061021292797157844
2 0.4251470369569078 0.30288840318152566 0.07232007333273782 0.061021292797157844