10 1.0062520597228835 0.8342982232677789 0.16716662304687505 0.70300382421875 0.16091456332399168 0.7429599251697211 1 0.8742543242187502
2 0.9609375 0.8203125000000001 0.904296875 0.8203125 0.904296875 0.8671875000000001 0.9609375 0.8671875000000002
0 0.875 0.8046875 0.814453125 0.8046875 0.814453125 0.85546875 0.875 0.85546875
3 0.7890625 0.791015625 0.73046875 0.791015625 0.73046875 0.841796875 0.7890625 0.841796875
7 0.70703125 0.77734375 0.646484375 0.77734375 0.646484375 0.828125 0.70703125 0.828125
1 0.625 0.765625 0.564453125 0.765625 0.564453125 0.81640625 0.625 0.81640625
9 0.54296875 0.751953125 0.4824218750000001 0.751953125 0.4824218750000001 0.80078125 0.54296875 0.80078125
6 0.4609375000000001 0.740234375 0.4023437500000001 0.740234375 0.4023437500000001 0.7890625 0.4609375000000001 0.7890625
8 0.3808593750000001 0.728515625 0.3203125000000001 0.728515625 0.3203125000000001 0.775390625 0.3808593750000001 0.775390625
5 0.2988281250000001 0.716796875 0.2421875000000001 0.716796875 0.2421875000000001 0.76171875 0.2988281250000001 0.76171875
4 0.2167968750000001 0.705078125 0.1621093750000001 0.705078125 0.1621093750000001 0.75 0.2167968750000001 0.75