2 0.7363281250000001 0.865234375 0.693359375 0.865234375 0.6933593750000001 0.91796875 0.7363281250000002 0.91796875
0 0.74609375 0.79296875 0.703125 0.79296875 0.703125 0.84375 0.74609375 0.84375
3 0.755859375 0.716796875 0.71484375 0.716796875 0.71484375 0.767578125 0.755859375 0.767578125
7 0.765625 0.640625 0.72265625 0.640625 0.72265625 0.69140625 0.765625 0.69140625
1 0.77734375 0.56640625 0.734375 0.56640625 0.734375 0.6171875 0.77734375 0.6171875
9 0.787109375 0.4882812500000001 0.74609375 0.4882812500000001 0.74609375 0.541015625 0.787109375 0.541015625
6 0.798828125 0.4160156250000001 0.755859375 0.4160156250000001 0.755859375 0.4667968750000001 0.798828125 0.4667968750000001
8 0.810546875 0.3378906250000001 0.767578125 0.3378906250000001 0.767578125 0.3886718750000001 0.810546875 0.3886718750000001
5 0.822265625 0.2597656250000001 0.77734375 0.2597656250000001 0.77734375 0.3125000000000001 0.822265625 0.3125000000000001
4 0.833984375 0.1816406250000001 0.7890625 0.1816406250000001 0.7890625 0.2343750000000001 0.833984375 0.2343750000000001
10 0.8352843159425761 0.1838757472325523 0.794843602185018 0.178073978758475 0.6769384333114058 0.9999215251159013 0.7173791470689639 1.0057232935899785