10 0.9483647617187501 0.5603596445312501 0.15322274226035956 0.42164542432096547 0.14240151171875004 0.4836752226562501 0.9375435311771405 0.6223894428665347
4 0.20703125000000006 0.423828125 0.14257812500000006 0.423828125 0.14257812500000006 0.490234375 0.20703125000000006 0.490234375
5 0.28320312500000006 0.4375 0.22070312500000006 0.4375 0.22070312500000006 0.505859375 0.2832031250000001 0.505859375
8 0.35156250000000006 0.451171875 0.29296875 0.451171875 0.29296875000000006 0.517578125 0.3515625000000001 0.517578125
6 0.4218750000000001 0.462890625 0.3613281250000001 0.462890625 0.3613281250000001 0.529296875 0.4218750000000001 0.529296875
9 0.4882812500000001 0.47460937500000006 0.4316406250000001 0.474609375 0.4316406250000001 0.5390625 0.4882812500000001 0.5390625
1 0.5546875 0.4863281250000001 0.4980468750000001 0.4863281250000001 0.4980468750000001 0.55078125 0.5546875 0.55078125
7 0.62109375 0.4980468750000001 0.5625 0.4980468750000001 0.5625 0.5625 0.62109375 0.5625
3 0.68359375 0.509765625 0.626953125 0.509765625 0.626953125 0.57421875 0.68359375 0.57421875
0 0.748046875 0.51953125 0.693359375 0.51953125 0.693359375 0.583984375 0.748046875 0.583984375
2 0.80859375 0.53125 0.755859375 0.53125 0.755859375 0.59375 0.80859375 0.59375