10 0.9478662937234748 0.27830785322398 0.9250919563459703 0.22925454340675844 -0.022129165502504322 0.6690277917452786 0.0006451718750000168 0.7180811015625002
2 0.15429687500000006 0.611328125 0.10546875000000008 0.611328125 0.10546875000000008 0.646484375 0.15429687500000006 0.646484375
0 0.24218750000000006 0.568359375 0.19726562500000006 0.568359375 0.19726562500000006 0.607421875 0.24218750000000006 0.607421875
3 0.3242187500000001 0.52734375 0.2851562500000001 0.52734375 0.2851562500000001 0.568359375 0.3242187500000001 0.568359375
7 0.4121093750000001 0.490234375 0.3671875000000001 0.490234375 0.3671875000000001 0.52734375 0.4121093750000001 0.52734375
1 0.49609375000000006 0.44921875000000006 0.453125 0.44921875 0.45312500000000006 0.48828125000000006 0.4960937500000001 0.4882812500000001
9 0.580078125 0.4121093750000001 0.5390625 0.4121093750000001 0.5390625 0.4492187500000001 0.580078125 0.4492187500000001
6 0.6640625 0.3710937500000001 0.623046875 0.3710937500000001 0.623046875 0.4082031250000001 0.6640625 0.4082031250000001
8 0.75 0.3320312500000001 0.70703125 0.3320312500000001 0.70703125 0.3691406250000001 0.75 0.3691406250000001
5 0.837890625 0.2910156250000001 0.79296875 0.2910156250000001 0.79296875 0.3300781250000001 0.837890625 0.3300781250000001
4 0.923828125 0.2500000000000001 0.880859375 0.2500000000000001 0.880859375 0.2890625000000001 0.923828125 0.2890625000000001