10 0.09616673828125 0.494108333984375 0.103627697265625 0.5442893515625 0.929167955078125 0.37257996484375 0.921275837890625 0.322492390625 0.09616673828125 0.494108333984375
2 0.3743039749830279 0.46313461805509293 0.05149853371425195 0.058004548198680395
0 0.43401375036233014 0.4511676470534435 0.04938597651720866 0.055994593065402
3 0.4917704007416323 0.43914384591851574 0.05165796591129512 0.059957673198680395
7 0.550583329719456 0.4261718973502271 0.05149853371425195 0.058004548198680395
1 0.6074431336972799 0.41314311864866005 0.05149853371425195 0.058004548198680395
9 0.6660169143795389 0.40310085758037145 0.05149853371425195 0.058004548198680395
6 0.724750127258841 0.3911054715120828 0.05329222651720866 0.05610825333195879
8 0.7836427723351864 0.3771569604437942 0.053292226517208885 0.05610825333195879
5 0.8453056727144885 0.36524681957542304 0.049385976517208885 0.055994593065402
4 0.9050154480937908 0.3532798485737736 0.05361109091129501 0.06001450333195879