10 0.8784524345488701 0.5800300880256956 0.8719736996066263 0.5438904880947707 0.06574771037025612 0.6884223727253252 0.0722264453125 0.7245619726562501
2 0.2714843750000001 0.65625 0.22265625000000006 0.65625 0.22265625000000008 0.693359375 0.2714843750000001 0.693359375
0 0.3398437500000001 0.64453125 0.2910156250000001 0.64453125 0.2910156250000001 0.681640625 0.3398437500000001 0.681640625
3 0.4082031250000001 0.630859375 0.3593750000000001 0.630859375 0.3593750000000001 0.66796875 0.4082031250000001 0.66796875
7 0.4765625000000001 0.619140625 0.4296875000000001 0.619140625 0.4296875000000001 0.65625 0.4765625000000001 0.65625
1 0.541015625 0.60546875 0.4921875000000001 0.60546875 0.4921875000000001 0.642578125 0.541015625 0.642578125
9 0.607421875 0.595703125 0.55859375 0.595703125 0.55859375 0.6328125 0.607421875 0.6328125
6 0.673828125 0.583984375 0.625 0.583984375 0.625 0.62109375 0.673828125 0.62109375
8 0.73828125 0.572265625 0.69140625 0.572265625 0.69140625 0.609375 0.73828125 0.609375
5 0.80859375 0.560546875 0.759765625 0.560546875 0.759765625 0.59765625 0.80859375 0.59765625
4 0.873046875 0.548828125 0.82421875 0.548828125 0.82421875 0.5859375 0.873046875 0.5859375