10 0.7002875859375 1 0.83798445703125 0.290429427734375 0.777827517578125 0.282684396484375 0.68766281640625 0.75114481640625 0.640844185546875 1 0.7002875859375 1
2 0.6876547434131576 0.9094953150826732 0.05964451148947969 0.05017394073560455
0 0.7015507123361922 0.8456109729681223 0.05964451148947969 0.05017394073560455
3 0.7126421556962883 0.7796028709879366 0.061472474552418 0.048334572312694224
7 0.7257493050249152 0.7127319630848408 0.06355076148947969 0.05040145388978412
1 0.7367155864479498 0.6486769861046551 0.06355076148947969 0.05040145388978412
9 0.7488461732765768 0.5817491999130143 0.06355076148947969 0.05040145388978412
6 0.7629298851052037 0.5149351702984634 0.06355076148947969 0.05040145388978412
8 0.7760370344338307 0.44806426239536756 0.06159763648947969 0.050287697312694335
5 0.7901833272309884 0.3802736702808166 0.06562904842654138 0.052468335466874017
4 0.8035408004337388 0.30949651237772074 0.06159763648947969 0.050287697312694335