10 0.8993472226562499 0.3548539179687501 0.8795997173575896 0.29109217788681907 -0.019089767017410303 0.5694232794493191 0.0006577382812500698 0.6331850195312502
2 0.2832031250000001 0.505859375 0.22656250000000006 0.505859375 0.22656250000000006 0.54296875 0.2832031250000001 0.54296875
0 0.3789062500000001 0.478515625 0.3320312500000001 0.478515625 0.3320312500000001 0.513671875 0.3789062500000001 0.513671875
3 0.46289062500000006 0.45312500000000006 0.419921875 0.453125 0.41992187500000006 0.49023437500000006 0.4628906250000001 0.4902343750000001
7 0.541015625 0.4316406250000001 0.50390625 0.4316406250000001 0.50390625 0.4648437500000001 0.541015625 0.4648437500000001
1 0.609375 0.4101562500000001 0.572265625 0.4101562500000001 0.572265625 0.4433593750000001 0.609375 0.4433593750000001
9 0.673828125 0.3886718750000001 0.640625 0.3886718750000001 0.640625 0.4238281250000001 0.673828125 0.4238281250000001
6 0.732421875 0.3730468750000001 0.703125 0.3730468750000001 0.703125 0.4042968750000001 0.732421875 0.4042968750000001
8 0.7890625 0.3554687500000001 0.76171875 0.3554687500000001 0.76171875 0.3886718750000001 0.7890625 0.3886718750000001
5 0.83984375 0.3417968750000001 0.814453125 0.3417968750000001 0.814453125 0.3730468750000001 0.83984375 0.3730468750000001
4 0.88671875 0.3281250000000001 0.865234375 0.3281250000000001 0.865234375 0.3593750000000001 0.88671875 0.3593750000000001