2 0.1533203125 0.0032166786787050272 0.099609375 0.0064333573574100545
0 0.228515625 0.08655969336447125 0.099609375 0.06751224103343562
3 0.2939453125 0.1894062789111361 0.0859375 0.05679058540139542
7 0.353515625 0.28094384187153243 0.0859375 0.05288433540139548
1 0.3994140625 0.36171868546396896 0.078125 0.05233803218308675
9 0.451171875 0.432318176642674 0.080078125 0.0388027329876639
6 0.494140625 0.5045088214419763 0.068359375 0.03993640316020097
8 0.5361328125 0.5650490041435672 0.060546875 0.03157759994189213
5 0.5771484375 0.6266340372474466 0.0546875 0.04093349752816078
4 0.607421875 0.6772514872765005 0.044921875 0.030484993505274893
10 0.10107118359375 0 0.580499677734375 0.705304255859375 0.587598775390625 0.7079023671875 0.596792794921875 0.705018814453125 0.645868904296875 0.683056220703125 0.6507146328125 0.676844875 0.651070419921875 0.670031197265625 0.242113435546875 0 0.10107118359375 0