10 0.0087261640625 0.25918774609375 0.171811458984375 0.316526474609375 0.334910806640625 0.3725487578125 0.535248220703125 0.441162751953125 0.708778431640625 0.500207029296875 0.93935505078125 0.579523486328125 0.94348033984375 0.571244787109375 0.95422343359375 0.558360705078125 0.956816931640625 0.55608273046875 0.959332388671875 0.539995408203125 0.739630951171875 0.46299356640625 0.56683103125 0.402358607421875 0.491506123046875 0.37693001953125 0.25511914453125 0.29286241015625 0.027731537109375 0.21276266796875 0.019750416015625 0.215527380859375 0.014093720703125 0.22486016796875 0.0087261640625 0.25918774609375
2 0.7478090421484991 0.4906329926805754 0.04491356993433149 0.04011404270069774
0 0.6733260897230502 0.463732886559085 0.04491356993433149 0.04011404270069774
3 0.6014657479658647 0.4424872917307288 0.0447088520465071 0.03620779270069774
7 0.525080850012372 0.41474719891381556 0.044811210990419514 0.03816091770069774
1 0.4496213350869231 0.38791538069461373 0.05056822704650721 0.0366175201144292
9 0.37416182016147426 0.3610835624754119 0.052623710990419514 0.03870722091900636
6 0.29289410970798146 0.3336849091699416 0.0507729449343316 0.0405237701144292
8 0.21172875819840087 0.3043331308644712 0.052828428878243794 0.04261347091900647
5 0.1304610477449081 0.2769344775590009 0.048922178878243794 0.04234031930985205
4 0.03870704715119579 0.245404178678705 0.05858544493433161 0.04107007333273793