10 0.7958691101915064 0.3394388453652355 0.7893550869186101 0.2946943830451216 0.05132592399272873 0.4021387212736361 0.057839947265625004 0.44688318359375
2 0.294921875 0.380859375 0.25390625 0.380859375 0.25390625 0.4140625 0.294921875 0.4140625
0 0.3671875 0.369140625 0.330078125 0.369140625 0.330078125 0.40234375 0.3671875 0.40234375
3 0.43359375 0.359375 0.3984375 0.359375 0.3984375 0.392578125 0.43359375 0.392578125
7 0.494140625 0.3515625000000001 0.462890625 0.3515625000000001 0.462890625 0.3828125000000001 0.494140625 0.3828125000000001
1 0.55078125 0.3417968750000001 0.521484375 0.3417968750000001 0.521484375 0.3730468750000001 0.55078125 0.3730468750000001
9 0.60546875 0.3359375000000001 0.576171875 0.3359375000000001 0.576171875 0.3632812500000001 0.60546875 0.3632812500000001
6 0.65625 0.3281250000000001 0.630859375 0.3281250000000001 0.630859375 0.3554687500000001 0.65625 0.3554687500000001
8 0.705078125 0.3203125000000001 0.6796875 0.3203125000000001 0.6796875 0.3496093750000001 0.705078125 0.3496093750000001
5 0.74609375 0.3144531250000001 0.72265625 0.3144531250000001 0.72265625 0.3417968750000001 0.74609375 0.3417968750000001
4 0.791015625 0.3085937500000001 0.76953125 0.3085937500000001 0.76953125 0.3339843750000001 0.791015625 0.3339843750000001