4 0.19483286826918556 0.48892301236099917 0.06602283662003983 0.07437996846532069
5 0.28736973808270444 0.5018942548729369 0.05791433869463225 0.0702008999536663
8 0.3692384198775752 0.51546693443135 0.053712090769224785 0.06615824069783915
6 0.44322060219109416 0.5277902329781089 0.04755671784381721 0.062047376814098554
9 0.5121719730419092 0.5379898949550839 0.04560359284381721 0.06197917218618487
1 0.5763145308740762 0.5489956078622749 0.04560359284381721 0.06197917218618487
7 0.6373054027621876 0.5569693263275957 0.04140134491840963 0.05793651293035795
3 0.694390024650299 0.5648066355370891 0.039152221993002057 0.05396205830244427
0 0.7477903949824659 0.5754372229907554 0.037199096993002057 0.05389385367453059
2 0.7969885173892254 0.5820251511885948 0.037199096993002057 0.05389385367453059
10 1 0.59252150390625 0.9979551796875 0.59024466015625 0.16822365234375 0.444330259765625 0.1629748203125 0.44768391796875 0.16240499609375 0.518023744140625 0.164709546875 0.52190355078125 0.166496673828125 0.52345852734375 0.229474224609375 0.53199880859375 0.23264883203125 0.530919130859375 0.998917232421875 0.640092447265625 1 0.63952526953125 1 0.59252150390625