10 0.835889140625 0.6090150039062501 0.1682880621905091 0.4023178676248537 0.15775702148437504 0.43633156640625 0.8253580999188659 0.6430287026876462
2 0.32617187500000006 0.451171875 0.29296875 0.451171875 0.29296875000000006 0.478515625 0.3261718750000001 0.478515625
0 0.3808593750000001 0.466796875 0.3476562500000001 0.466796875 0.3476562500000001 0.49609375 0.3808593750000001 0.49609375
3 0.4335937500000001 0.484375 0.4003906250000001 0.484375 0.4003906250000001 0.51171875 0.4335937500000001 0.51171875
7 0.4902343750000001 0.501953125 0.4570312500000001 0.501953125 0.4570312500000001 0.529296875 0.4902343750000001 0.529296875
1 0.541015625 0.515625 0.509765625 0.515625 0.509765625 0.544921875 0.541015625 0.544921875
9 0.595703125 0.533203125 0.56640625 0.533203125 0.56640625 0.560546875 0.595703125 0.560546875
6 0.654296875 0.55078125 0.619140625 0.55078125 0.619140625 0.578125 0.654296875 0.578125
8 0.708984375 0.56640625 0.67578125 0.56640625 0.67578125 0.595703125 0.708984375 0.595703125
5 0.767578125 0.583984375 0.732421875 0.583984375 0.732421875 0.61328125 0.767578125 0.61328125
4 0.82421875 0.603515625 0.791015625 0.603515625 0.791015625 0.630859375 0.82421875 0.630859375