10 0.363626908203125 1 0.3532142734375 0.064319873046875 0.30689101953125 0.062159697265625 0.3153901875 1 0.363626908203125 1
2 0.3379009610258085 0.9323767498248964 0.04356273624870499 0.05803557613790655
0 0.3382702191932776 0.8402610104308101 0.04160961124870499 0.05787614394086349
3 0.3375719466018644 0.750018679938202 0.04560682950758732 0.060148133334949616
7 0.33607904802821587 0.6557903833470726 0.04551586124870499 0.058195008334949616
1 0.33640282206624383 0.5646512064529863 0.04365370450758732 0.05998870113790655
9 0.3357500336042718 0.4734323134603784 0.04365370450758732 0.05998870113790655
6 0.33509724514229977 0.38221342046777046 0.04560682950758732 0.06014813333494973
8 0.3325368158097689 0.28985853277811935 0.04755995450758732 0.0603075655319929
5 0.33192951147723804 0.19766307728551144 0.04551586124870499 0.05819500833494973
4 0.3305275811624718 0.10148165569438192 0.04755995450758732 0.0603075655319929