10 0.608713677734375 1 0.659090494140625 0.989494169921875 0.523209 0.308170888671875 0.47523869921875 0.31674731640625 0.608137025390625 1 0.608713677734375 1
4 0.5007145485734437 0.3319366182379558 0.05464438488583179 0.04718179961893709
5 0.5118911234307334 0.39058150150777865 0.054564801140588814 0.04522867461893709
8 0.524044260788023 0.4492320662520262 0.054564801140588814 0.04522867461893709
6 0.5361576062726913 0.5069060684962738 0.05448521739534584 0.043275549618937204
9 0.5462382430121164 0.5626155827916719 0.054564801140588814 0.04522867461893698
1 0.5583515884967847 0.6202895850359196 0.05456480114058859 0.04522867461893698
7 0.5694485796088313 0.6769813433057423 0.05464438488583179 0.04718179961893698
3 0.5805853625934996 0.7346496640755653 0.05456480114058859 0.04522867461893698
0 0.5927384999507892 0.7933002288198129 0.052611676140588814 0.04521731167008758
2 0.6058284079354574 0.8509799125384853 0.05261167614058859 0.04521731167008758