10 0.8970351855468752 1.3877787807814457e-16 0.84504537964263 -0.014023374526400484 0.6529820081357467 0.6980261672696372 0.7049718140399919 0.7120495417960377
2 0.751953125 0.4902343750000001 0.71484375 0.4902343750000001 0.71484375 0.517578125 0.751953125 0.517578125
0 0.765625 0.4453125000000001 0.728515625 0.4453125000000001 0.728515625 0.4746093750000001 0.765625 0.4746093750000001
3 0.779296875 0.3984375000000001 0.73828125 0.3984375000000001 0.73828125 0.4257812500000001 0.779296875 0.4257812500000001
7 0.791015625 0.3457031250000001 0.75 0.3457031250000001 0.75 0.3750000000000001 0.791015625 0.3750000000000001
1 0.806640625 0.2910156250000001 0.763671875 0.2910156250000001 0.763671875 0.3261718750000001 0.806640625 0.3261718750000001
9 0.822265625 0.2363281250000001 0.779296875 0.2363281250000001 0.779296875 0.2714843750000001 0.822265625 0.2714843750000001
6 0.837890625 0.1757812500000001 0.791015625 0.1757812500000001 0.791015625 0.2148437500000001 0.837890625 0.2148437500000001
8 0.853515625 0.11328125000000011 0.810546875 0.11328125000000011 0.810546875 0.1542968750000001 0.853515625 0.1542968750000001
5 0.87109375 0.052734375000000104 0.828125 0.0527343750000001 0.828125 0.09179687500000011 0.87109375 0.09179687500000011
4 0.892578125 1.0631943402753877e-16 0.84375 1.0332957367805793e-16 0.84375 0.023437500000000108 0.892578125 0.02343750000000011