10 0.7642997972209817 0.9640907392746124 0.39720556352000824 0.16317844601272047 0.3493622140797534 0.18510721130726848 0.7164564477807268 0.9860195045691604
2 0.685546875 0.79296875 0.646484375 0.79296875 0.646484375 0.83984375 0.685546875 0.83984375
0 0.6484375 0.705078125 0.60546875 0.705078125 0.60546875 0.755859375 0.6484375 0.755859375
3 0.611328125 0.625 0.5703125 0.625 0.5703125 0.671875 0.611328125 0.671875
7 0.576171875 0.546875 0.537109375 0.546875 0.537109375 0.59375 0.576171875 0.59375
1 0.544921875 0.4765625000000001 0.5078125 0.4765625000000001 0.5078125 0.5234375 0.544921875 0.5234375
9 0.515625 0.4121093750000001 0.478515625 0.4121093750000001 0.47851562500000006 0.4570312500000001 0.515625 0.4570312500000001
6 0.486328125 0.35156250000000006 0.451171875 0.3515625 0.451171875 0.39257812500000006 0.486328125 0.3925781250000001
8 0.458984375 0.29296875000000006 0.42578125 0.29296875 0.42578125 0.33398437500000006 0.458984375 0.3339843750000001
5 0.431640625 0.23632812500000006 0.400390625 0.23632812500000006 0.400390625 0.27734375 0.431640625 0.27734375
4 0.408203125 0.17968750000000006 0.376953125 0.17968750000000006 0.376953125 0.22070312500000006 0.408203125 0.22070312500000006