10 0.5878213421759859 0.9416558041142122 0.5846270742187499 0.06839166601562499 0.547139567980264 0.06852878963578762 0.5503338359375 0.941792927734375
2 0.587890625 0.7421875 0.546875 0.7421875 0.546875 0.791015625 0.587890625 0.791015625
0 0.587890625 0.66796875 0.548828125 0.66796875 0.548828125 0.716796875 0.587890625 0.716796875
3 0.587890625 0.595703125 0.546875 0.595703125 0.546875 0.64453125 0.587890625 0.64453125
7 0.587890625 0.5234375 0.548828125 0.5234375 0.548828125 0.572265625 0.587890625 0.572265625
1 0.587890625 0.4492187500000001 0.546875 0.4492187500000001 0.546875 0.4980468750000001 0.587890625 0.4980468750000001
9 0.587890625 0.3750000000000001 0.546875 0.3750000000000001 0.546875 0.4238281250000001 0.587890625 0.4238281250000001
6 0.5859375 0.3007812500000001 0.546875 0.3007812500000001 0.546875 0.3496093750000001 0.5859375 0.3496093750000001
8 0.5859375 0.22656250000000006 0.546875 0.22656250000000006 0.546875 0.2734375000000001 0.5859375 0.2734375000000001
5 0.5859375 0.14843750000000006 0.546875 0.14843750000000006 0.546875 0.19726562500000006 0.5859375 0.19726562500000006
4 0.5859375 0.07226562500000007 0.546875 0.07226562500000006 0.546875 0.12109375000000007 0.5859375 0.12109375000000008