10 0.844715765820768 0.05094039432233993 0.8213574485857683 -0.014778590232063848 0.05811762140795631 0.2564976342940058 0.08147593864295608 0.3222166188484096
4 0.83203125 9.890458036082629e-17 0.783203125 9.591472001134544e-17 0.783203125 0.0546875000000001 0.83203125 0.0546875000000001
5 0.7734375 0.01171875000000009 0.71875 0.011718750000000087 0.71875 0.07812500000000008 0.7734375 0.07812500000000008
8 0.7109375 0.03710937500000008 0.654296875 0.03710937500000008 0.654296875 0.10156250000000008 0.7109375 0.10156250000000008
6 0.6484375 0.058593750000000076 0.59375 0.05859375000000007 0.59375 0.12500000000000006 0.6484375 0.12500000000000006
9 0.5859375 0.08203125000000007 0.52734375 0.08203125000000006 0.52734375 0.15039062500000006 0.5859375 0.15039062500000006
1 0.51953125 0.10546875000000006 0.462890625 0.10546875000000006 0.462890625 0.17382812500000006 0.51953125 0.17382812500000006
7 0.455078125 0.12890625000000006 0.396484375 0.12890625000000006 0.396484375 0.20117187500000006 0.455078125 0.20117187500000006
3 0.384765625 0.15429687500000006 0.326171875 0.15429687500000006 0.326171875 0.22656250000000006 0.384765625 0.22656250000000006
0 0.314453125 0.17773437500000006 0.255859375 0.17773437500000006 0.255859375 0.251953125 0.314453125 0.251953125
2 0.24023437500000003 0.20312500000000003 0.185546875 0.203125 0.18554687500000003 0.275390625 0.24023437500000006 0.275390625