10 0.7429778339843751 1.1102230246251565e-16 0.6957666808869314 -0.01501797689339629 0.4603715349228664 0.724980250124202 0.5075826880203101 0.7399982270175983
2 0.685546875 0.14648437500000008 0.640625 0.14648437500000006 0.640625 0.20898437500000008 0.685546875 0.2089843750000001
0 0.658203125 0.23437500000000006 0.6171875 0.23437500000000006 0.6171875 0.2871093750000001 0.658203125 0.2871093750000001
3 0.634765625 0.3125000000000001 0.59375 0.3125000000000001 0.59375 0.3574218750000001 0.634765625 0.3574218750000001
7 0.61328125 0.3789062500000001 0.576171875 0.3789062500000001 0.576171875 0.4257812500000001 0.61328125 0.4257812500000001
1 0.59375 0.4414062500000001 0.556640625 0.4414062500000001 0.556640625 0.4863281250000001 0.59375 0.4863281250000001
9 0.576171875 0.501953125 0.5390625 0.501953125 0.5390625 0.541015625 0.576171875 0.541015625
6 0.556640625 0.556640625 0.521484375 0.556640625 0.521484375 0.595703125 0.556640625 0.595703125
8 0.54296875 0.609375 0.5078125 0.609375 0.5078125 0.64453125 0.54296875 0.64453125
5 0.52734375 0.658203125 0.4941406250000001 0.658203125 0.4941406250000001 0.69140625 0.52734375 0.69140625
4 0.51171875 0.705078125 0.4804687500000001 0.705078125 0.4804687500000001 0.734375 0.51171875 0.734375