10 0.8425627826029765 0.37355728443693903 0.04641790429687505 0.354657005859375 0.04527419382167694 0.40283403316387806 0.8414190721277783 0.4217343117414421
2 0.306640625 0.365234375 0.259765625 0.365234375 0.259765625 0.40625 0.306640625 0.40625
0 0.384765625 0.3671875 0.341796875 0.3671875 0.341796875 0.408203125 0.384765625 0.408203125
3 0.45703125 0.36718750000000006 0.41796875 0.3671875 0.41796875 0.40820312500000006 0.45703125 0.4082031250000001
7 0.521484375 0.3710937500000001 0.486328125 0.3710937500000001 0.486328125 0.4082031250000001 0.521484375 0.4082031250000001
1 0.58203125 0.3710937500000001 0.546875 0.3710937500000001 0.546875 0.4062500000000001 0.58203125 0.4062500000000001
9 0.640625 0.3710937500000001 0.60546875 0.3710937500000001 0.60546875 0.4062500000000001 0.640625 0.4062500000000001
6 0.697265625 0.3730468750000001 0.666015625 0.3730468750000001 0.666015625 0.4082031250000001 0.697265625 0.4082031250000001
8 0.748046875 0.3710937500000001 0.716796875 0.3710937500000001 0.716796875 0.4082031250000001 0.748046875 0.4082031250000001
5 0.79296875 0.3730468750000001 0.765625 0.3730468750000001 0.765625 0.4062500000000001 0.79296875 0.4062500000000001
4 0.841796875 0.3750000000000001 0.814453125 0.3750000000000001 0.814453125 0.4082031250000001 0.841796875 0.4082031250000001