10 0.99546140234375 0.28329135546875 0.996414623046875 0.22868140625 0.98867231640625 0.220982142578125 0.287712728515625 0.588271240234375 0.31536219140625 0.61481786328125 0.44053365234375 0.554235796875 0.8414377890625 0.359257380859375 0.99546140234375 0.28329135546875
2 0.7792242552783011 0.3581184645682298 0.055335246550070494 0.03838224069131946
0 0.7121532127663865 0.39465877944305616 0.051428996550070494 0.03829132171336813
3 0.6471034791018478 0.42733830380685817 0.04748865462638263 0.036247277735416694
7 0.586970649860997 0.45817835189309947 0.041629279626382854 0.03611089926848965
1 0.5327653794675222 0.48524852844626776 0.039573878855319045 0.03020606477951393
9 0.4854130925358912 0.5115012507108512 0.037620753855318934 0.0301606052905381
6 0.43713538098979215 0.5348015557309466 0.03953978693163096 0.02825293977951393
8 0.394751136367381 0.556285114217969 0.041424728084255125 0.02439214926848976
5 0.35336050020681387 0.5768148399494795 0.03953978693163096 0.02825293977951393
4 0.31491659750809065 0.5964361924144534 0.03357813616056715 0.022257186312586885