10 0.8997500372092144 0.9667241950695686 0.6743549146519288 0.04622192725752164 0.6106904414062498 0.061810875000000015 0.8360855639635356 0.9823131428120471
2 0.845703125 0.712890625 0.77734375 0.712890625 0.77734375 0.771484375 0.845703125 0.771484375
0 0.828125 0.638671875 0.759765625 0.638671875 0.759765625 0.697265625 0.828125 0.697265625
3 0.810546875 0.568359375 0.740234375 0.568359375 0.740234375 0.626953125 0.810546875 0.626953125
7 0.791015625 0.4960937500000001 0.72265625 0.4960937500000001 0.72265625 0.5546875 0.791015625 0.5546875
1 0.7734375 0.4257812500000001 0.703125 0.4257812500000001 0.703125 0.4824218750000001 0.7734375 0.4824218750000001
9 0.75390625 0.3515625000000001 0.685546875 0.3515625000000001 0.685546875 0.4101562500000001 0.75390625 0.4101562500000001
6 0.73828125 0.2773437500000001 0.66796875 0.2773437500000001 0.66796875 0.3359375000000001 0.73828125 0.3359375000000001
8 0.720703125 0.20507812500000008 0.6484375 0.20507812500000006 0.6484375 0.2636718750000001 0.720703125 0.2636718750000001
5 0.703125 0.13085937500000008 0.6328125 0.13085937500000006 0.6328125 0.18750000000000008 0.703125 0.1875000000000001
4 0.685546875 0.054687500000000076 0.61328125 0.05468750000000007 0.61328125 0.11328125000000008 0.685546875 0.11328125000000008