10 0.8961033945312499 0.3189154023437502 0.8895070894058592 0.2639795099267473 0.082807966796875 0.36084211328124993 0.08940427192226563 0.41577800569825285
2 0.33203125 0.34375 0.27734375 0.34375 0.27734375 0.388671875 0.33203125 0.388671875
0 0.4140625 0.333984375 0.369140625 0.333984375 0.369140625 0.380859375 0.4140625 0.380859375
3 0.48828125 0.32812500000000006 0.447265625 0.328125 0.447265625 0.36914062500000006 0.48828125 0.3691406250000001
7 0.560546875 0.3203125000000001 0.517578125 0.3203125000000001 0.517578125 0.3613281250000001 0.560546875 0.3613281250000001
1 0.625 0.3144531250000001 0.5859375 0.3144531250000001 0.5859375 0.3535156250000001 0.625 0.3535156250000001
9 0.681640625 0.3066406250000001 0.650390625 0.3066406250000001 0.650390625 0.3476562500000001 0.681640625 0.3476562500000001
6 0.7421875 0.3027343750000001 0.705078125 0.3027343750000001 0.705078125 0.3398437500000001 0.7421875 0.3398437500000001
8 0.79296875 0.2968750000000001 0.7578125 0.2968750000000001 0.7578125 0.3320312500000001 0.79296875 0.3320312500000001
5 0.84375 0.2910156250000001 0.80859375 0.2910156250000001 0.80859375 0.3281250000000001 0.84375 0.3281250000000001
4 0.890625 0.2871093750000001 0.857421875 0.2871093750000001 0.857421875 0.3203125000000001 0.890625 0.3203125000000001