10 0.99232508203125 0.4796936660156251 0.9896952806892967 0.44050731666550974 0.074923041015625 0.5018978085937501 0.07755284235757831 0.5410841579438654
2 0.818359375 0.4511718750000001 0.763671875 0.4511718750000001 0.763671875 0.4960937500000001 0.818359375 0.4960937500000001
0 0.7421875 0.4589843750000001 0.69140625 0.4589843750000001 0.69140625 0.501953125 0.7421875 0.501953125
3 0.666015625 0.4648437500000001 0.615234375 0.4648437500000001 0.615234375 0.505859375 0.666015625 0.505859375
7 0.58984375 0.4687500000000001 0.5390625 0.4687500000000001 0.5390625 0.51171875 0.58984375 0.51171875
1 0.517578125 0.4726562500000001 0.4609375000000001 0.4726562500000001 0.4609375000000001 0.517578125 0.517578125 0.517578125
9 0.4414062500000001 0.4765625 0.3867187500000001 0.4765625 0.3867187500000001 0.521484375 0.4414062500000001 0.521484375
6 0.3652343750000001 0.482421875 0.3125000000000001 0.482421875 0.3125000000000001 0.52734375 0.3652343750000001 0.52734375
8 0.2890625000000001 0.486328125 0.23437500000000006 0.486328125 0.23437500000000006 0.533203125 0.2890625000000001 0.533203125
5 0.21093750000000006 0.4921875 0.15625000000000006 0.4921875 0.15625000000000006 0.537109375 0.21093750000000006 0.537109375
4 0.12890625000000006 0.5 0.07812500000000006 0.5 0.07812500000000006 0.54296875 0.12890625000000006 0.54296875