10 0.12777326171875 0.625430478515625 0.21772149609375 0.605558466796875 0.386555646484375 0.571306646484375 0.627935525390625 0.5219836875 0.971036876953125 0.45778111328125 0.97104378515625 0.4576733046875 0.9668846796875 0.425717111328125 0.933362171875 0.4317180078125 0.62681428125 0.4906821640625 0.02882824609375 0.61172419140625 0.03962221875 0.64421171875 0.12777326171875 0.625430478515625
2 0.8306256024478578 0.4688725664682145 0.049253076804171236 0.03738208577238855
0 0.7465539134828337 0.48499120364210985 0.04717478986710977 0.03541759782353904
3 0.662357062580748 0.5030629658160051 0.049127914867109546 0.03542896077238855
7 0.5802384986157241 0.51919296593875 0.057065576804171236 0.037427537567786606
1 0.4970807911821692 0.5362938470870701 0.06122215067829462 0.041356513465485634
9 0.41307168318567594 0.5514359217609653 0.05706557680417135 0.037427537567786606
6 0.3288122513150594 0.5704842464348606 0.06097182680417146 0.037450263465485634
8 0.24370141888150457 0.5875737646343312 0.05303416486710971 0.03545168667008758
5 0.1565748804794189 0.6056284823849523 0.05523761374123304 0.03936929961893698
4 0.06352638610880237 0.6246256737890247 0.05328448874123304 0.03935793667008758