10 0.480561177734375 0.951967013671875 0.542571427734375 0.955068453125 0.546705357421875 0.03241790625 0.485762236328125 0.033249751953125 0.480561177734375 0.951967013671875
2 0.5146484375 0.28515625 0.05859375 0.0458984375
0 0.513671875 0.3564453125 0.05859375 0.044921875
3 0.51171875 0.4287109375 0.0595703125 0.0419921875
7 0.51171875 0.5 0.05859375 0.0439453125
1 0.5126953125 0.5693359375 0.060546875 0.0439453125
9 0.51171875 0.6416015625 0.060546875 0.0439453125
6 0.51171875 0.7138671875 0.0576171875 0.0458984375
8 0.509765625 0.7841796875 0.05859375 0.0439453125
5 0.5087890625 0.8564453125 0.0595703125 0.0439453125
4 0.5087890625 0.9296875 0.05859375 0.0458984375