10 0.9870074238971258 0.17215906835179165 0.98445232421875 0.1208338203125 -0.0025550996783758155 0.16996952735133336 1.734723475976807e-18 0.221294775390625
2 0.09960937500000003 0.16796875 0.042968750000000014 0.16796875 0.04296875000000002 0.216796875 0.09960937500000003 0.216796875
0 0.1953125 0.1640625 0.134765625 0.1640625 0.134765625 0.212890625 0.1953125 0.212890625
3 0.29296875 0.16015625000000006 0.23046875 0.16015625000000006 0.23046875 0.20898437500000006 0.29296875 0.20898437500000006
7 0.392578125 0.15625000000000006 0.330078125 0.15625000000000006 0.330078125 0.20312500000000006 0.392578125 0.20312500000000006
1 0.4921875 0.15039062500000006 0.427734375 0.15039062500000006 0.427734375 0.20117187500000006 0.4921875 0.20117187500000006
9 0.591796875 0.14648437500000006 0.529296875 0.14648437500000006 0.529296875 0.19531250000000006 0.591796875 0.19531250000000006
6 0.69921875 0.13867187500000008 0.6328125 0.13867187500000006 0.6328125 0.18945312500000008 0.69921875 0.1894531250000001
8 0.802734375 0.1347656250000001 0.73828125 0.1347656250000001 0.73828125 0.1835937500000001 0.802734375 0.1835937500000001
5 0.9140625 0.1269531250000001 0.845703125 0.1269531250000001 0.845703125 0.1777343750000001 0.9140625 0.1777343750000001
4 0.984375 0.12304687500000011 0.962890625 0.12304687500000011 0.962890625 0.1699218750000001 0.984375 0.1699218750000001