10 0.477518765625 0.95626612109375 0.19663470739775638 0.2060288661290636 0.1561227063575752 0.2211963017419592 0.43700676458481885 0.9714335567066456
2 0.4042968750000001 0.759765625 0.3808593750000001 0.759765625 0.3808593750000001 0.796875 0.4042968750000001 0.796875
0 0.3847656250000001 0.701171875 0.3593750000000001 0.701171875 0.3593750000000001 0.7421875 0.3847656250000001 0.7421875
3 0.3632812500000001 0.646484375 0.3378906250000001 0.646484375 0.3378906250000001 0.68359375 0.3632812500000001 0.68359375
7 0.3417968750000001 0.5859375 0.3144531250000001 0.5859375 0.3144531250000001 0.62890625 0.3417968750000001 0.62890625
1 0.3203125000000001 0.529296875 0.2929687500000001 0.529296875 0.2929687500000001 0.5703125 0.3203125000000001 0.5703125
9 0.2949218750000001 0.46875 0.2714843750000001 0.46875 0.2714843750000001 0.509765625 0.2949218750000001 0.509765625
6 0.275390625 0.41015625 0.24609375000000006 0.41015625 0.24609375000000006 0.451171875 0.275390625 0.451171875
8 0.251953125 0.3515625 0.22460937500000006 0.3515625 0.22460937500000006 0.392578125 0.251953125 0.392578125
5 0.22656250000000006 0.287109375 0.19921875000000006 0.287109375 0.19921875000000006 0.330078125 0.22656250000000006 0.330078125
4 0.20117187500000003 0.21875 0.173828125 0.21875 0.17382812500000003 0.267578125 0.20117187500000006 0.267578125