10 0.486332671875 0.920442212890625 0.544981482421875 0.918346974609375 0.5310171953125 0.155709326171875 0.474491072265625 0.1556649296875 0.486332671875 0.920442212890625
4 0.50390625 0.1787109375 0.0537109375 0.04296875
5 0.5048828125 0.244140625 0.0537109375 0.04296875
8 0.5078125 0.310546875 0.0537109375 0.04296875
6 0.5078125 0.3759765625 0.0537109375 0.04296875
9 0.5087890625 0.4423828125 0.0537109375 0.04296875
1 0.5087890625 0.5078125 0.0537109375 0.04296875
7 0.51171875 0.572265625 0.0537109375 0.04296875
3 0.5107421875 0.6396484375 0.0537109375 0.04296875
0 0.51171875 0.705078125 0.0537109375 0.04296875
2 0.5146484375 0.7744140625 0.0537109375 0.04296875