10 1.001777376832877 0.4638221174309325 0.15953079614784804 0.3884969423753258 0.15366730078125007 0.4540594707031251 0.995913881466279 0.5293846457587318
4 0.21289062500000006 0.388671875 0.15429687500000006 0.388671875 0.15429687500000006 0.462890625 0.21289062500000006 0.462890625
5 0.29101562500000006 0.39453125 0.23242187500000006 0.39453125 0.23242187500000006 0.46875 0.2910156250000001 0.46875
8 0.36328125000000006 0.40234375 0.306640625 0.40234375 0.30664062500000006 0.47265625 0.3632812500000001 0.47265625
6 0.43359375000000006 0.408203125 0.37890625 0.408203125 0.37890625000000006 0.482421875 0.4335937500000001 0.482421875
9 0.505859375 0.41601562500000006 0.451171875 0.416015625 0.45117187500000006 0.48632812500000006 0.505859375 0.4863281250000001
1 0.576171875 0.4218750000000001 0.521484375 0.4218750000000001 0.521484375 0.4902343750000001 0.576171875 0.4902343750000001
7 0.646484375 0.4257812500000001 0.591796875 0.4257812500000001 0.591796875 0.4960937500000001 0.646484375 0.4960937500000001
3 0.71875 0.4335937500000001 0.666015625 0.4335937500000001 0.666015625 0.5 0.71875 0.5
0 0.7890625 0.4394531250000001 0.732421875 0.4394531250000001 0.732421875 0.509765625 0.7890625 0.509765625
2 0.861328125 0.4453125000000001 0.8046875 0.4453125000000001 0.8046875 0.515625 0.861328125 0.515625