10 0.95613359765625 0.49832663671875 0.95613359765625 0.45902579296875 0.952600859375 0.457259423828125 0.6090492734375 0.461454365234375 0.303550263671875 0.464545634765625 0.001177580078125 0.468078125 0.001471890625 0.512678076171875 0.33626256640625 0.5093663203125 0.61205787109375 0.50605431640625 0.8896018515625 0.50318402734375 0.953189814453125 0.50296329296875 0.95613359765625 0.49832663671875
2 0.08984375 0.490234375 0.0576171875 0.0419921875
0 0.18359375 0.48828125 0.0576171875 0.0419921875
3 0.2744140625 0.4873046875 0.0576171875 0.0419921875
7 0.3671875 0.4853515625 0.0576171875 0.0419921875
1 0.458984375 0.4853515625 0.0576171875 0.0419921875
9 0.5498046875 0.4853515625 0.0576171875 0.0419921875
6 0.6416015625 0.4833984375 0.0576171875 0.0419921875
8 0.7314453125 0.482421875 0.0576171875 0.0419921875
5 0.8271484375 0.4814453125 0.0576171875 0.0419921875
4 0.921875 0.48046875 0.0576171875 0.0419921875