10 0.11238557093536533 0.9209808870130263 0.091547822265625 0.037637990234375 0.0486935744895426 0.03864890688729121 0.06953132315928293 0.9219918036659425
2 0.09765625000000003 0.16015625 0.048828125000000014 0.16015625 0.04882812500000002 0.212890625 0.09765625000000003 0.212890625
0 0.09960937500000003 0.234375 0.05078125000000003 0.234375 0.050781250000000035 0.287109375 0.09960937500000003 0.287109375
3 0.10156250000000004 0.310546875 0.04882812500000004 0.310546875 0.04882812500000004 0.3671875 0.10156250000000006 0.3671875
7 0.10351562500000006 0.390625 0.05273437500000004 0.390625 0.05273437500000005 0.44140625 0.10351562500000006 0.44140625
1 0.10742187500000006 0.46484375 0.052734375000000056 0.46484375 0.05273437500000006 0.521484375 0.10742187500000006 0.521484375
9 0.10937500000000007 0.54296875 0.05664062500000007 0.54296875 0.05664062500000007 0.6015625 0.10937500000000008 0.6015625
6 0.11132812500000008 0.619140625 0.05859375000000007 0.619140625 0.058593750000000076 0.677734375 0.11132812500000008 0.677734375
8 0.11328125000000008 0.69921875 0.05664062500000008 0.69921875 0.05664062500000009 0.759765625 0.11328125000000008 0.759765625
5 0.1132812500000001 0.77734375 0.06250000000000008 0.77734375 0.0625000000000001 0.837890625 0.11328125000000011 0.837890625
4 0.11523437500000011 0.859375 0.06250000000000011 0.859375 0.06250000000000011 0.919921875 0.11523437500000011 0.919921875