2 0.224609375 0.154296875 0.18359375 0.154296875 0.18359375 0.203125 0.224609375 0.203125
0 0.21875000000000006 0.23046875 0.17968750000000006 0.23046875 0.17968750000000006 0.279296875 0.21875000000000006 0.279296875
3 0.21484375000000006 0.306640625 0.17382812500000006 0.306640625 0.17382812500000006 0.35546875 0.21484375000000006 0.35546875
7 0.21093750000000006 0.384765625 0.16992187500000006 0.384765625 0.16992187500000006 0.43359375 0.21093750000000006 0.43359375
1 0.20507812500000006 0.458984375 0.16601562500000006 0.458984375 0.16601562500000006 0.509765625 0.20507812500000006 0.509765625
9 0.20117187500000006 0.5390625 0.16015625000000006 0.5390625 0.16015625000000006 0.587890625 0.20117187500000006 0.587890625
6 0.19531250000000006 0.615234375 0.15625000000000006 0.615234375 0.15625000000000006 0.6640625 0.19531250000000006 0.6640625
8 0.1894531250000001 0.693359375 0.1503906250000001 0.693359375 0.1503906250000001 0.7421875 0.1894531250000001 0.7421875
5 0.1855468750000001 0.771484375 0.1445312500000001 0.771484375 0.1445312500000001 0.822265625 0.1855468750000001 0.822265625
4 0.1796875000000001 0.853515625 0.1386718750000001 0.853515625 0.1386718750000001 0.90234375 0.1796875000000001 0.90234375
10 0.2366900778607122 0.018717372346624066 0.1954809042133661 0.015996397467459796 0.13689525519864265 0.9032762477804255 0.17810442884598873 0.9059972226595897