9 0.5 0.5 1 1
11 0.11840240234375 0.419388 0.126798798828125 0.469716 0.867873873046875 0.280524 0.858390390625 0.223888 0.11840240234375 0.419388
2 0.2607421875 0.4091796875 0.03125 0.04296875
0 0.31640625 0.396484375 0.03515625 0.04296875
3 0.3740234375 0.3798828125 0.0390625 0.04296875
7 0.431640625 0.3623046875 0.0390625 0.044921875
1 0.494140625 0.3486328125 0.04296875 0.04296875
10 0.560546875 0.3330078125 0.0390625 0.041015625
6 0.626953125 0.31640625 0.044921875 0.044921875
8 0.6943359375 0.298828125 0.046875 0.04296875
5 0.7646484375 0.279296875 0.046875 0.04296875
4 0.83984375 0.2587890625 0.048828125 0.046875