9 0.5 0.5 1 1
11 0.366614685546875 0.88013260546875 0.41747549609375 0.87261583203125 0.280251080078125 0.128351771484375 0.22301306640625 0.136845375 0.366614685546875 0.88013260546875
2 0.36663293617314835 0.7373046875 0.04460649310259501 0.03125
0 0.35783141607464575 0.681640625 0.0448112109904194 0.03515625
3 0.34522600492005534 0.6240234375 0.045015928878243794 0.0390625
7 0.33164403126546493 0.56640625 0.046969053878243794 0.0390625
1 0.3222753844426111 0.5029296875 0.045220646766068184 0.04296875
10 0.3111071510356256 0.4365234375 0.043062803878243794 0.0390625
6 0.29896235512864 0.3701171875 0.04727613070998027 0.044921875
8 0.28691991816556667 0.3017578125 0.045425364653892575 0.046875
5 0.2720501526464055 0.2314453125 0.045425364653892575 0.046875
4 0.2564597219870248 0.15625 0.04943397359780477 0.048828125