9 0.5 0.5 1 1
11 0.53036 0.051267267578125 0.460128 0.074927927734375 0.5745 0.99699699609375 0.64832 0.99699699609375 0.53036 0.051267267578125
2 0.5927734375 0.890625 0.06640625 0.0625
0 0.5810546875 0.7900390625 0.0693359375 0.0625
3 0.568359375 0.693359375 0.0693359375 0.0654296875
7 0.55078125 0.59765625 0.0634765625 0.0556640625
1 0.5419921875 0.5029296875 0.0693359375 0.0546875
10 0.53515625 0.416015625 0.068359375 0.044921875
6 0.5234375 0.3291015625 0.0693359375 0.0478515625
8 0.515625 0.24609375 0.0634765625 0.0361328125
5 0.5068359375 0.1669921875 0.0595703125 0.0380859375
4 0.4970703125 0.08984375 0.064453125 0.03515625