9 0.5 0.5 1 1
11 1 0.353827669921875 0.996156013671875 0.3030990078125 0.060945037109375 0.4909430390625 0.0898781640625 0.560735833984375 1 0.37273037109375 1 0.353827669921875
2 0.8937211443282121 0.3641724764940097 0.06813371058107642 0.07576437262517366
0 0.794566364217969 0.3860221604317702 0.06999591660312499 0.07190358211414938
3 0.6983185418632383 0.40682709263606714 0.06808825109210082 0.07381124762517366
7 0.6041147634864588 0.4314928153513884 0.06422746058107665 0.07567345364722233
1 0.5126133751648008 0.4463247238332461 0.060230291603124986 0.0716762846692709
10 0.4249955070986549 0.4600891508371524 0.04846608211414938 0.0694504027354168
6 0.3413520782659726 0.47669234636310737 0.048557001092100815 0.0733566527354167
8 0.25675481667777816 0.49429483413355013 0.04455983211414938 0.06935948375746537
5 0.17690398912265667 0.5059242981815537 0.04060812262517366 0.06731543977951393
4 0.10105033054548654 0.5213690932516059 0.03674733211414938 0.06917764580156249