9 0.5 0.5 1 1
11 0.51211169921875 0 0.500444216796875 0.23533768359375 0.478438455078125 0.568211791015625 0.456377265625 0.98727986328125 0.5021502578125 0.985542021484375 0.521141646484375 0.48631117578125 0.537010689453125 0.245792767578125 0.556560517578125 0 0.51211169921875 0
2 0.5216387607973416 0.20159631290950858 0.04477048311184961 0.05930968039744644
0 0.516507121377814 0.2816744379095085 0.04489564504891108 0.06126280539744644
3 0.5110625771156321 0.3666353754095086 0.04867673311184961 0.059377864244822276
7 0.5048917942275736 0.4477071088713525 0.04855157117478792 0.057424739244822276
1 0.5006115553709842 0.5297213129095086 0.04855157117478792 0.05742473924482239
10 0.49840960345145646 0.6097483000239767 0.05050469617478792 0.05745883116851003
6 0.4927773162836822 0.6976389250239767 0.04880189504891119 0.06133098924482239
8 0.48922331605296954 0.7835423331002888 0.04709909392303446 0.0652031473211343
5 0.4845050104166644 0.8723924746384448 0.04905221892303446 0.06523723924482239
4 0.4800996096230134 0.9563598036766008 0.05075502004891119 0.06136508116851003