9 0.5 0.5 1 1
11 0.2735225234375 0.404668 0.390018017578125 0.442616 0.883786787109375 0.5944 0.893915916015625 0.538744 0.29184384375 0.3507 0.032993994140625 0.271436 0.023423423828125 0.327092 0.2735225234375 0.404668
2 0.3037109375 0.38671875 0.033203125 0.04296875
0 0.3662109375 0.40625 0.03125 0.04296875
3 0.4267578125 0.423828125 0.03125 0.048828125
7 0.4853515625 0.4443359375 0.03125 0.046875
1 0.546875 0.4638671875 0.029296875 0.046875
10 0.6044921875 0.4794921875 0.03125 0.05078125
6 0.66796875 0.498046875 0.033203125 0.046875
8 0.732421875 0.5166015625 0.03515625 0.046875
5 0.7978515625 0.5380859375 0.03515625 0.044921875
4 0.8603515625 0.556640625 0.037109375 0.05078125