9 0.5 0.5 1 1
11 0.9980240234375 0.474276 0.998681681640625 0.41284 0.736435435546875 0.42074 0.115330330078125 0.422504 0.115693693359375 0.477576 0.738345345703125 0.477204 0.9980240234375 0.474276
2 0.712890625 0.451171875 0.04296875 0.05078125
0 0.6513671875 0.4501953125 0.041015625 0.05078125
3 0.5888671875 0.4521484375 0.0390625 0.052734375
7 0.52734375 0.453125 0.041015625 0.0546875
1 0.4658203125 0.453125 0.041015625 0.056640625
10 0.4052734375 0.4521484375 0.04296875 0.0546875
6 0.33984375 0.451171875 0.046875 0.0546875
8 0.275390625 0.451171875 0.046875 0.0546875
5 0.2099609375 0.44921875 0.046875 0.056640625
4 0.14453125 0.4482421875 0.044921875 0.05859375