9 0.5 0.5 1 1
11 0.512723724609375 0.4223 0.525015015625 0.754936 0.529930931640625 0.996 0.5746636640625 0.996 0.5618828828125 0.742536 0.553033033203125 0.502188 0.548609609375 0.00258 0.502891892578125 0.003236 0.512723724609375 0.4223
2 0.544921875 0.7880859375 0.0390625 0.056640625
0 0.5419921875 0.7080078125 0.0390625 0.05859375
3 0.5390625 0.623046875 0.04296875 0.056640625
7 0.5361328125 0.5419921875 0.04296875 0.0546875
1 0.5341796875 0.4599609375 0.04296875 0.0546875
10 0.5341796875 0.3798828125 0.044921875 0.0546875
6 0.53125 0.2919921875 0.04296875 0.05859375
8 0.5302734375 0.2060546875 0.041015625 0.0625
5 0.52734375 0.1171875 0.04296875 0.0625
4 0.525390625 0.033203125 0.044921875 0.05859375