9 0.5 0.5 1 1
11 0.585912 0.000498498046875 0.52546 0 0.520492 0.884672671875 0.578684 0.884672671875 0.578024 0.26058258203125 0.585912 0.000498498046875
2 0.5498046875 0.2861328125 0.05078125 0.0419921875
0 0.548828125 0.3486328125 0.052734375 0.041015625
3 0.5498046875 0.4111328125 0.0556640625 0.0419921875
7 0.5478515625 0.47265625 0.0546875 0.0419921875
1 0.5478515625 0.5341796875 0.056640625 0.041015625
10 0.548828125 0.5947265625 0.0546875 0.04296875
6 0.5478515625 0.6591796875 0.0537109375 0.0439453125
8 0.5498046875 0.7236328125 0.05859375 0.0458984375
5 0.55078125 0.7900390625 0.056640625 0.044921875
4 0.5498046875 0.857421875 0.056640625 0.0458984375