9 0.5 0.5 1 1
11 0.76070510546875 1 0.66874134375 0.74105408984375 0.44941162890625 0.13374197265625 0.39435363671875 0.142588267578125 0.5717985078125 0.64059775390625 0.615798107421875 0.7581435859375 0.702634275390625 1 0.76070510546875 1
2 0.6322027744473694 0.7285005257260151 0.04553552962638263 0.037772651273065616
0 0.6096445038511997 0.6657257658780271 0.04550143770269477 0.035819526273065616
3 0.5890564042168741 0.604041325107129 0.05136081270269477 0.03616079600433508
7 0.5646131924680803 0.5450590586820514 0.04940768770269477 0.03604703942724541
1 0.5420719678337547 0.48326086133406343 0.049373595779006685 0.03409391442724519
10 0.5234881310849608 0.42461986464025514 0.05331393770269477 0.03627455258142498
6 0.5018893770269472 0.36092542058081206 0.04944177962638263 0.0380001644272453
8 0.4802735770070897 0.29625441402136904 0.049475871550070494 0.0399532894272453
5 0.45473448102538816 0.23037933180774642 0.047522746550070605 0.03983953285015546
4 0.43313572696737457 0.1666848877483034 0.05341621347375847 0.042133927581424924