9 0.5 0.5 1 1
11 0.44594 0.99775280859375 0.428632 0.79639101171875 0.382708 0.29155280859375 0.312824 0.292676404296875 0.383372 0.99775280859375 0.44594 0.99775280859375
4 0.3505859375 0.32421875 0.0703125 0.0390625
5 0.3564453125 0.3837890625 0.06640625 0.0390625
8 0.36328125 0.4423828125 0.064453125 0.03515625
6 0.3681640625 0.4990234375 0.064453125 0.03515625
10 0.373046875 0.5537109375 0.0625 0.037109375
1 0.37890625 0.6083984375 0.0625 0.037109375
7 0.3828125 0.6640625 0.05859375 0.03515625
3 0.38671875 0.7177734375 0.060546875 0.037109375
0 0.3916015625 0.7744140625 0.05859375 0.03515625
2 0.3984375 0.826171875 0.0625 0.03515625