9 0.5 0.5 1 1
11 0.3602157421875 0.00451437890625 0.298535080078125 0.017889916015625 0.34738312890625 0.7223472421875 0.41646470703125 0.708506294921875 0.37696562109375 0.2050923125 0.3602157421875 0.00451437890625
4 0.3797211268118711 0.6835805440597525 0.07646731167008758 0.0538850160644766
5 0.3751848842517815 0.6242091909228601 0.07256106167008758 0.05372584857399065
8 0.3716252041916919 0.564798045913346 0.07057384782353904 0.04778688982874768
6 0.3670719172083281 0.5083563802764535 0.07057384782353893 0.04778688982874768
10 0.3625072672761147 0.453867839639561 0.06863208577238855 0.04966043108350471
1 0.3598957423439013 0.39929971525742547 0.06863208577238855 0.0496604310835046
7 0.3543602113861127 0.34387440399315444 0.06471447282353904 0.04754813859301865
3 0.34880763600504977 0.2913787802288834 0.06667896077238855 0.049580847338261624
0 0.34425434902168595 0.2349371145919909 0.06471447282353893 0.04754813859301865
2 0.34260802364062304 0.18228232333723388 0.06862072282353893 0.0477073060835046