9 0.5 0.5 1 1
11 0.619384734375 0.255072 0.538175349609375 0.96236711328125 0.60739785546875 0.957526603515625 0.692359994140625 0.259624376953125 0.619384734375 0.255072
2 0.58984375 0.791761919517695 0.06640625 0.04370607735562371
0 0.5986328125 0.7393895158970978 0.0625 0.0473391757464694
3 0.6044921875 0.6862454134833662 0.0625 0.0473391757464694
7 0.6103515625 0.6301716235696349 0.064453125 0.04747575155104666
1 0.6171875 0.5750061082536146 0.06640625 0.04956545235562371
10 0.6220703125 0.5199771687421717 0.0703125 0.04788547896477802
6 0.6298828125 0.4637668030238631 0.0703125 0.04788547896477802
8 0.6376953125 0.40853299980555435 0.0703125 0.04983860396477802
5 0.6455078125 0.34939294658724573 0.07421875 0.052064880573932326
4 0.654296875 0.2901846054666485 0.07421875 0.052064880573932326