9 0.5 0.5 1 1
11 0.71961941015625 0.673598087890625 0.020878724609375 0.512400591796875 0.023491251953125 0.57651663671875 0.70997870703125 0.74397488671875 0.71961941015625 0.673598087890625
2 0.18742032922881738 0.5827977399755442 0.04754813859301865 0.06706952627306562
0 0.23859949795503232 0.5955210359798793 0.047627722338261624 0.06902265127306562
3 0.29266856230862576 0.6074384043498491 0.047627722338261624 0.06902265127306562
7 0.3467774185348407 0.6203323352198189 0.05169313982874768 0.07315641442724541
1 0.40186283726105565 0.6332831443783336 0.05169313982874768 0.07315641442724541
10 0.4559716934872706 0.6461770752483034 0.0516135560835046 0.07120328942724541
6 0.5119938828408641 0.6582082001953631 0.05177272357399065 0.07510953942724541
8 0.567079301567079 0.6711590093538777 0.05372584857399065 0.07522329600433508
5 0.6232606584111584 0.6870963843009374 0.051852307319233626 0.07706266442724541
4 0.6822921190099949 0.7012512691136317 0.04778688982874768 0.07292890127306562