9 0.5 0.5 1 1
11 0.486528052734375 0.001941748046875 0.4004257421875 0.001941748046875 0.442963697265625 0.9837320390625 0.52317491796875 0.982421359375 0.486528052734375 0.001941748046875
2 0.45703125 0.3359375 0.08203125 0.05078125
0 0.4619140625 0.4072265625 0.080078125 0.046875
3 0.462890625 0.48046875 0.080078125 0.046875
7 0.4677734375 0.55078125 0.078125 0.05078125
1 0.46875 0.6201171875 0.083984375 0.046875
10 0.4716796875 0.6884765625 0.083984375 0.046875
6 0.4736328125 0.7568359375 0.078125 0.046875
8 0.4765625 0.8251953125 0.078125 0.04296875
5 0.4794921875 0.8916015625 0.078125 0.044921875
4 0.4814453125 0.9580078125 0.078125 0.0390625