9 0.5 0.5 1 1
11 0.983958375 0.616805990234375 0.975271404296875 0.57005565625 0.277024279296875 0.603538888671875 0.28658535546875 0.65740957421875 0.983958375 0.616805990234375
2 0.8428537428935065 0.6018964794922717 0.04592642100433508 0.05328389469597594
0 0.7894840751247758 0.6046275486223018 0.04592642100433508 0.05328389469597594
3 0.7351947231445901 0.6082783019637872 0.04799330258142476 0.055350776273065616
7 0.6789522461644045 0.6118152987281826 0.04385953942724519 0.051217013118886046
1 0.6236294533956739 0.614432611281123 0.048107059158514875 0.057303901273065616
10 0.5664104139154883 0.6179127297569735 0.04810705915851465 0.057303901273065616
6 0.5072382494353026 0.6212790916557343 0.05189955258142498 0.05557828942724541
8 0.4479523283780272 0.6226923285544951 0.050060184158514764 0.05741765785015551
5 0.38780360139784154 0.626001812164711 0.05017394073560455 0.05937078285015551
4 0.32667831191765584 0.6292544174863819 0.054193947312694335 0.06155142100433508