9 0.5 0.5 1 1
11 0 0.505074619140625 0.8459565625 0.541260091796875 0.853415005859375 0.458439236328125 0 0.42102813671875 0 0.505074619140625
2 0.05052374411111781 0.4686924991546028 0.061861948866942615 0.08852697167409052
0 0.1369595100199883 0.47354053747613745 0.06624649545807215 0.09443180000795426
3 0.22257814562590195 0.476446814131138 0.0659276310639858 0.09052555000795426
7 0.30909362763329407 0.4803182899526727 0.06413393826102887 0.09245594834102233
1 0.3947122632392077 0.48322456660767316 0.057796266669899454 0.08652839334022688
10 0.47748092744364296 0.4851883707630714 0.06413393826102898 0.09245594834102233
6 0.5639166933525135 0.4900364090846061 0.06429337045807193 0.09440907334102233
8 0.6475024878599055 0.4939419749065384 0.06429337045807215 0.09440907334102244
5 0.737844503768776 0.4987445598942094 0.06835905265511544 0.09640765167488596
4 0.8224068607761681 0.5026387623826759 0.06429337045807215 0.09440907334102233