9 0.5 0.5 1 1
11 0.892798076171875 0.490072115234375 0.883447115234375 0.40778605859375 0.0236875 0.545552884765625 0.034908654296875 0.62846394140625 0.892798076171875 0.490072115234375
2 0.0947265625 0.5732421875 0.046875 0.083984375
0 0.1796875 0.55859375 0.048828125 0.08984375
3 0.2646484375 0.544921875 0.05078125 0.0859375
7 0.3515625 0.53125 0.046875 0.087890625
1 0.4365234375 0.5185546875 0.04296875 0.08203125
10 0.5185546875 0.5068359375 0.046875 0.087890625
6 0.6044921875 0.4921875 0.046875 0.08984375
8 0.6875 0.478515625 0.046875 0.08984375
5 0.77734375 0.462890625 0.05078125 0.08984375
4 0.861328125 0.44921875 0.046875 0.08984375