9 0.5 0.5 1 1
11 0.509927884765625 0.892798076171875 0.59221394140625 0.883447115234375 0.454447115234375 0.0236875 0.37153605859375 0.034908654296875 0.509927884765625 0.892798076171875
2 0.4267578125 0.0947265625 0.083984375 0.046875
0 0.44140625 0.1796875 0.08984375 0.048828125
3 0.455078125 0.2646484375 0.0859375 0.05078125
7 0.46875 0.3515625 0.087890625 0.046875
1 0.4814453125 0.4365234375 0.08203125 0.04296875
10 0.4931640625 0.5185546875 0.087890625 0.046875
6 0.5078125 0.6044921875 0.08984375 0.046875
8 0.521484375 0.6875 0.08984375 0.046875
5 0.537109375 0.77734375 0.08984375 0.05078125
4 0.55078125 0.861328125 0.08984375 0.046875