9 0.5 0.5 1 1
11 0.4494129140625 0.915549017578125 0.532632724609375 0.933199474609375 0.65579804296875 0.09226649609375 0.567258109375 0.069890060546875 0.4494129140625 0.915549017578125
2 0.5970296775461312 0.1416192676725683 0.09234639469597594 0.050829059613657246
0 0.584513720226628 0.22699544350902667 0.08682828942724541 0.056175805725810046
3 0.5757902563300348 0.3107602469373832 0.08855390127306562 0.052440432021759076
7 0.5651705457219864 0.3953307365697906 0.09246015127306562 0.052782184613657246
1 0.5564470818253933 0.47909553999814714 0.08464765127306562 0.05209867942986102
10 0.5417504863517102 0.5603945895386564 0.08464765127306562 0.052098679429860795
6 0.5280873316665721 0.6427556397271403 0.09268766442724541 0.05668843461365736
8 0.5172969861928891 0.7243964418595477 0.08866765785015529 0.054393557021759076
5 0.5038044663733857 0.8096871795480315 0.08855390127306562 0.052440432021759076
4 0.49232194984242716 0.8961253560324645 0.08269452627306562 0.051927803133911876