9 0.5 0.5 1 1
11 0.8991634609375 0.448427884765625 0.8848677890625 0.387483173828125 0.017372595703125 0.59890625 0.03392548046875 0.6606009609375 0.8991634609375 0.448427884765625
2 0.1044921875 0.6083984375 0.04296875 0.056640625
0 0.1865234375 0.5859375 0.046875 0.05859375
3 0.2724609375 0.5673828125 0.05078125 0.05859375
7 0.3564453125 0.546875 0.048828125 0.05859375
1 0.4404296875 0.5283203125 0.046875 0.05859375
10 0.5244140625 0.5078125 0.046875 0.056640625
6 0.6064453125 0.486328125 0.046875 0.05859375
8 0.69140625 0.4677734375 0.046875 0.0546875
5 0.775390625 0.4453125 0.052734375 0.05859375
4 0.859375 0.423828125 0.05078125 0.05859375