9 0.5 0.5 1 1
11 0.1151322109375 0.387483173828125 0.1008365390625 0.448427884765625 0.96607451953125 0.6606009609375 0.982627404296875 0.59890625 0.1151322109375 0.387483173828125
2 0.8955078125 0.6083984375 0.0439453125 0.056640625
0 0.8134765625 0.5859375 0.046875 0.0595703125
3 0.7275390625 0.5673828125 0.0498046875 0.0595703125
7 0.6435546875 0.546875 0.048828125 0.0576171875
1 0.5595703125 0.5283203125 0.0458984375 0.0576171875
10 0.4755859375 0.5078125 0.046875 0.056640625
6 0.3935546875 0.486328125 0.0478515625 0.05859375
8 0.30859375 0.4677734375 0.0458984375 0.0556640625
5 0.224609375 0.4453125 0.052734375 0.0595703125
4 0.140625 0.423828125 0.05078125 0.05859375