9 0.5 0.5 1 1
11 1 0.635079890625 0.162376587890625 0.323861224609375 0.143114865234375 0.38264526953125 0.990645162109375 0.698875462890625 1 0.6731881796875 1 0.635079890625
2 0.9247130822260446 0.6384237415086775 0.055517216806521 0.06427332032575284
0 0.8439241008973766 0.6059956766252204 0.059571465769224785 0.06636285458157998
3 0.7595248674941162 0.5776102709975902 0.06362571473192835 0.06845238883740712
7 0.6778333231467999 0.5461928709280899 0.06167258973192835 0.06838418420949344
1 0.5953872147435395 0.5177392606725462 0.059571465769224785 0.06636285458157998
10 0.5127931073775752 0.48733252541700256 0.059423466806521 0.06440972958157998
6 0.43305468803025904 0.45584692071958854 0.059571465769224785 0.06636285458157998
8 0.3496320171269986 0.42742741277800167 0.05927546784381721 0.06245660458157998
5 0.2668899107983306 0.39506755252245807 0.06557883973192857 0.06852059346532069
4 0.18512436696966253 0.3626735899529576 0.06362571473192852 0.06845238883740712