9 0.5 0.5 1 1
11 0.99103125 0.55186298046875 0.990478365234375 0.48778125 0.101545673828125 0.476733173828125 0.100439904296875 0.540814904296875 0.99103125 0.55186298046875
2 0.9091796875 0.5166015625 0.0546875 0.0703125
0 0.8251953125 0.5126953125 0.056640625 0.07421875
3 0.736328125 0.5126953125 0.056640625 0.0703125
7 0.6494140625 0.5126953125 0.056640625 0.0703125
1 0.5634765625 0.51171875 0.0546875 0.07421875
10 0.4775390625 0.5107421875 0.0546875 0.0703125
6 0.3935546875 0.5087890625 0.056640625 0.07421875
8 0.306640625 0.5078125 0.05859375 0.07421875
5 0.2177734375 0.505859375 0.060546875 0.07421875
4 0.1328125 0.5048828125 0.060546875 0.07421875