9 0.5 0.5 1 1
11 0.4712329921875 0.044425765625 0.403282130859375 0.058107138671875 0.561379134765625 0.934829365234375 0.6250625859375 0.92269676171875 0.4712329921875 0.044425765625
2 0.5791622908165732 0.8458975794544815 0.07965207909301442 0.07084275650650262
0 0.565920614256393 0.7614485465513856 0.08160520409301442 0.0709565130835923
3 0.5496468912523005 0.6752170235139245 0.08150284514910222 0.06900338808359252
7 0.5344009102201642 0.5899051846879185 0.07954972014910222 0.06888963150650262
1 0.5191549291880279 0.5045933458619125 0.07759659514910222 0.06877587492941295
10 0.5040624865717598 0.4222111945359064 0.07749423620519003 0.06682274992941273
6 0.4898442475115795 0.3378190399213555 0.07965207909301442 0.07084275650650262
8 0.47449590753553095 0.2505540760953494 0.08160520409301442 0.07095651308359252
5 0.4612030515033946 0.16512848069225358 0.08160520409301442 0.07095651308359247
4 0.44492932849930217 0.07889695765479246 0.0857161719808388 0.07509027623777209