9 0.5 0.5 1 1
11 0.50879326953125 0.06924519140625 0.44042548046875 0.07154326953125 0.520283654296875 0.959783654296875 0.58182451953125 0.956810095703125 0.50879326953125 0.06924519140625
2 0.5439453125 0.876953125 0.06640625 0.05078125
0 0.533203125 0.7900390625 0.068359375 0.05078125
3 0.5263671875 0.703125 0.06640625 0.05078125
7 0.521484375 0.6171875 0.064453125 0.05078125
1 0.513671875 0.529296875 0.064453125 0.0546875
10 0.5078125 0.4462890625 0.06640625 0.05078125
6 0.4990234375 0.361328125 0.068359375 0.05078125
11 0.4912109375 0.27734375 0.068359375 0.0546875
5 0.4833984375 0.1875 0.0703125 0.05078125
4 0.4736328125 0.1025390625 0.0703125 0.0546875