9 0.5 0.5 1 1
11 0.911924404296875 0.405894970703125 0.901178412109375 0.3367411953125 0.024833169921875 0.575380193359375 0.034344037109375 0.6365855546875 0.911924404296875 0.405894970703125
4 0.8760860554191638 0.3766673034814113 0.07568772604544849 0.08819336835232305
5 0.7913854267119769 0.3991369612962732 0.07560814230020574 0.08624024335232305
8 0.7036357348869255 0.4247069414767698 0.06966918355496254 0.08394584862105359
6 0.6179585436797387 0.4472334775801766 0.07349584980971957 0.08222023677523316
10 0.5332579149725517 0.4697031353950385 0.0695100160644766 0.08003959862105359
1 0.45047061939274335 0.4930355991328106 0.0695100160644766 0.08003959862105359
7 0.36381686568555643 0.5156190135247622 0.07162230855496254 0.08405960519814348
3 0.279156028850991 0.5371121088396241 0.07162230855496254 0.08405960519814348
0 0.19156550451642562 0.5587758390201207 0.07365501730020552 0.08612648677523316
2 0.10869862519137423 0.5840614277578928 0.07162230855496257 0.08405960519814348