9 0.5 0.5 1 1
11 0.440352517578125 0.897893193359375 0.511697884765625 0.886719265625 0.466948828125 0.009866796875 0.403803771484375 0.019756412109375 0.440352517578125 0.897893193359375
4 0.4778885337501419 0.8623337315572988 0.0818789670439638 0.06991615718308664
5 0.4731281981420936 0.7770791105801844 0.08199272362105359 0.07186928218308664
8 0.46756193489968 0.6889630900053589 0.07774520388978412 0.06573675557393255
6 0.4638350400801766 0.6026636186259562 0.07601959204396369 0.06950642976935528
10 0.4599375103950385 0.5192938347465534 0.07383895388978412 0.06546360396477802
1 0.45506341820990037 0.4359923387694393 0.07383895388978412 0.06546360396477802
7 0.451336523390397 0.3496928673900366 0.07785896046687402 0.06768988057393244
3 0.44950587528234864 0.2642333827060567 0.07785896046687402 0.06768988057393244
0 0.4468124212513902 0.17688906092436535 0.07981208546687402 0.06782645637850959
2 0.4390086415662521 0.09379242865411692 0.07785896046687402 0.06768988057393241