9 0.5 0.5 1 1
11 0.501406650390625 0.03499204296875 0.432774462890625 0.04540952734375 0.395816759765625 0.932972447265625 0.457632587890625 0.9244863515625 0.501406650390625 0.03499204296875
2 0.4301289202320523 0.8477161946751557 0.07704859091129501 0.06322474167128123
0 0.4373033690989949 0.7598255696751556 0.07900171591129501 0.0633499036083427
3 0.4414684143674159 0.673099250080748 0.07704859091129501 0.06322474167128123
7 0.44262405603731536 0.5875372358919331 0.07509546591129501 0.06309957973421954
1 0.4469485335027795 0.4988577912975255 0.07541433030538136 0.06700582973421954
10 0.44884158937711427 0.4161628836401796 0.07704859091129501 0.06322474167128111
6 0.4548003274484921 0.33126452710871046 0.07900171591129501 0.0633499036083427
11 0.45872622442134836 0.2474678950143029 0.07932058030538136 0.06725615360834275
5 0.4632101340838558 0.15683532541989542 0.08095484091129501 0.06347506554540439
4 0.4691688721552336 0.07193696888842623 0.08127370530538136 0.06738131554540441