9 0.5 0.5 1 1
11 0.49152476953125 0.915148025390625 0.559982203125 0.916829779296875 0.521504263671875 0.025071560546875 0.4598405703125 0.024461546875 0.49152476953125 0.915148025390625
2 0.49419200470506536 0.10685780161377298 0.07262042861204676 0.05868650979802065
0 0.5006631688683784 0.19368661891385544 0.07457355361204665 0.05874333993129899
3 0.5032280830316914 0.2806290964804946 0.07262042861204665 0.0586865097980207
7 0.5048164346950045 0.36759998911377295 0.07066730361204665 0.05862967966474231
1 0.508397703230939 0.45549061411377295 0.07082647110253282 0.0625359296647423
10 0.509826887403766 0.5385552567470513 0.07262042861204665 0.05868650979802048
6 0.5152816971944575 0.6244359266137729 0.07457355361204665 0.05874333993129888
11 0.5187037982399061 0.7084203016137729 0.0747327211025326 0.06264958993129888
5 0.5223646505210836 0.7982640516137729 0.07652667861204665 0.05880017006457727
4 0.5278194603117752 0.8841447214804946 0.07668584610253282 0.06270642006457727