9 0.5 0.5 1 1
11 0.568311126953125 0.108986013671875 0.499932923828125 0.101117134765625 0.426890548828125 0.981600291015625 0.4884407890625 0.989587224609375 0.568311126953125 0.108986013671875
2 0.4645089777740343 0.9047638080241798 0.06732673193957406 0.056989880860096154
0 0.4756871996699217 0.8186632981150805 0.06927985693957406 0.057115042797157844
3 0.48198260906580903 0.7322498833633272 0.06732673193957406 0.056989880860096154
7 0.4873355478853843 0.647727012643043 0.06537360693957395 0.05686471892303446
1 0.49459047381942767 0.5603996163598204 0.06544179078694978 0.06077096892303446
10 0.5009540670626909 0.4778924516080669 0.06732673193957406 0.056989880860096154
6 0.5092366933822661 0.39355732379337527 0.06927985693957384 0.057115042797157844
11 0.5175363656636853 0.3101987584786835 0.06934804078694978 0.061021292797157844
5 0.5257337621740408 0.22098081816399173 0.07123298193957406 0.057240204734219424
4 0.53500999695546 0.13768483381783084 0.07130116578694978 0.061146454734219424