9 0.5 0.5 1 1
11 0.893740880859375 0.527263791015625 0.890426560546875 0.462376267578125 0.00783254296875 0.517836421875 0.01020599609375 0.580945537109375 0.893740880859375 0.527263791015625
2 0.08153852159256023 0.5464097701982285 0.0554829333426132 0.0686775375677866
0 0.16855485409375334 0.5381263589220322 0.057526965010340436 0.07650140051663623
3 0.25551436992761695 0.534725760145836 0.06134230834261323 0.06871162641433504
7 0.3425079757618783 0.5283954738696397 0.05743605834261323 0.06868890051663623
1 0.4294788549292078 0.5240183125934434 0.05743605834261323 0.06868890051663623
10 0.5164383707630714 0.5206177138172472 0.05552838667647686 0.0725837875677866
6 0.5975839649307986 0.5132767761945023 0.05357526167647686 0.07257242461893698
5 0.7725477390993213 0.5006218851165345 0.057504238343408565 0.07454827551663623
4 0.8595186182666508 0.4962447238403383 0.06143321501034049 0.07652412641433515
8 0.68750725826506 0.5069635343415804 0.06138776167647686 0.07261787641433526