9 0.5 0.5 1 1
11 0.135211388671875 0.30393662109375 0.107352609375 0.36668931640625 0.9147580625 0.63638456640625 0.940774474609375 0.57817301171875 0.135211388671875 0.30393662109375
2 0.8584800466572664 0.5835847969043215 0.05453521704396369 0.06741079600433508
0 0.7790179512365237 0.5609619448535487 0.060849618352323054 0.07556456573560455
3 0.6990911979126853 0.5296069085913208 0.06050834862105359 0.06970519073560455
7 0.6208331781461223 0.5030209282520031 0.05648834204396369 0.06752455258142476
1 0.5434948425910143 0.4773546321241404 0.05453521704396369 0.06741079600433508
10 0.4633405761129962 0.4499058458619124 0.05855522362105359 0.06959143415851465
6 0.3877847306922536 0.42705548065696 0.05280960519814348 0.07120328942724519
8 0.30757358592569056 0.40058325689473206 0.05660209862105359 0.06947767758142498
5 0.22638587865912754 0.3741679114210491 0.058896493352323 0.07545080915851465
4 0.14916129968110942 0.34654849029318646 0.058896493352323054 0.07545080915851465