9 0.5 0.5 1 1
11 0.891157939453125 0.439798501953125 0.88471960546875 0.374442130859375 0.0034972578125 0.498033958984375 0.00963996875 0.55869111328125 0.891157939453125 0.439798501953125
2 0.08203125 0.5176637081269425 0.048828125 0.064774206472058
0 0.16796875 0.5097548547361204 0.0546875 0.07481273624870499
3 0.255859375 0.4939425330864159 0.0546875 0.06895336124870499
7 0.341796875 0.48115086719559375 0.05078125 0.06681829973094033
1 0.4267578125 0.4703578104342127 0.048828125 0.06477420647205812
10 0.513671875 0.45849722291394934 0.052734375 0.06886239298982266
6 0.5966796875 0.4487716969114507 0.046875 0.06858948821317568
8 0.68359375 0.4378876718911874 0.05078125 0.06681829973094033
5 0.7724609375 0.42691267861204174 0.052734375 0.07472176798982266
4 0.857421875 0.41318993435066076 0.052734375 0.07472176798982266