9 0.5 0.5 1 1
11 0.369391826171875 0.871572115234375 0.4337740390625 0.88596394140625 0.618459134765625 0.020502404296875 0.55871875 0.006978365234375 0.369391826171875 0.871572115234375
2 0.572265625 0.087890625 0.05859375 0.04296875
0 0.5576171875 0.1728515625 0.06640625 0.046875
3 0.53515625 0.2587890625 0.060546875 0.046875
7 0.5166015625 0.3427734375 0.05859375 0.044921875
1 0.4990234375 0.42578125 0.05859375 0.04296875
10 0.48046875 0.51171875 0.060546875 0.044921875
6 0.46484375 0.5927734375 0.0625 0.0390625
8 0.447265625 0.6787109375 0.060546875 0.04296875
5 0.4296875 0.765625 0.06640625 0.044921875
4 0.41015625 0.8486328125 0.06640625 0.044921875