9 0.5 0.5 1 1
11 0.9855625 0.563939904296875 0.986466345703125 0.500778845703125 0.103 0.471002404296875 0.101197115234375 0.53596875 0.9855625 0.563939904296875
2 0.9130859375 0.53125 0.052734375 0.06640625
0 0.826171875 0.525390625 0.0546875 0.07421875
3 0.7392578125 0.5244140625 0.05859375 0.06640625
7 0.65234375 0.521484375 0.0546875 0.06640625
1 0.5654296875 0.51953125 0.0546875 0.06640625
10 0.478515625 0.5185546875 0.052734375 0.0703125
6 0.396484375 0.513671875 0.05078125 0.0703125
5 0.2216796875 0.505859375 0.0546875 0.072265625
4 0.134765625 0.50390625 0.05859375 0.07421875
8 0.306640625 0.509765625 0.05859375 0.0703125