9 0.5 0.5 1 1
11 0.871572115234375 0.630608173828125 0.88596394140625 0.5662259609375 0.020502404296875 0.381540865234375 0.006978365234375 0.44128125 0.871572115234375 0.630608173828125
2 0.087890625 0.427734375 0.04296875 0.05859375
0 0.1728515625 0.4423828125 0.046875 0.06640625
3 0.2587890625 0.46484375 0.046875 0.060546875
7 0.3427734375 0.4833984375 0.044921875 0.05859375
1 0.42578125 0.5009765625 0.04296875 0.05859375
10 0.51171875 0.51953125 0.044921875 0.060546875
6 0.5927734375 0.53515625 0.0390625 0.0625
8 0.6787109375 0.552734375 0.04296875 0.060546875
5 0.765625 0.5703125 0.044921875 0.06640625
4 0.8486328125 0.58984375 0.044921875 0.06640625