9 0.5 0.5 1 1
11 0.43272028125 0.087652376953125 0.36932881640625 0.104576115234375 0.5611675 0.9607382265625 0.622587271484375 0.943470607421875 0.43272028125 0.087652376953125
2 0.5746197087150278 0.8816858775358032 0.07851134026088369 0.07004498035529272
0 0.5594713014656488 0.7964306394774205 0.08634656615858272 0.07431510339082203
3 0.5384748821651194 0.713401431195685 0.07854542910743234 0.07590435535529294
7 0.5194259063901652 0.6293046921550671 0.07852270320973331 0.07199810535529272
1 0.5003769306152109 0.5452079531144491 0.07852270320973331 0.07199810535529272
10 0.4793748298402567 0.4612021823327135 0.08047582820973331 0.07208907361417516
6 0.4642605114374263 0.3818063192743309 0.08046446526088369 0.07013594861417516
5 0.4281043219386684 0.2115687479342127 0.08439344115858283 0.07422413513193982
4 0.4090553461637142 0.12747200889359475 0.08636929205628174 0.07822135339082215
8 0.44518880976477304 0.29380333023371297 0.08246304205628174 0.07803941687305749