9 0.5 0.5 1 1
11 0.908603671875 0.4661131328125 0.90453397265625 0.40139348046875 0.02251065625 0.508316240234375 0.02561871484375 0.57131162890625 0.908603671875 0.4661131328125
2 0.09728294997602334 0.5319400262940274 0.055846625405389455 0.07023037252816078
0 0.18407769074311559 0.5190264654903434 0.057936118100141154 0.07817944833273804
3 0.2699640528575837 0.5100874425889479 0.0617400923290774 0.07259322494189213
7 0.35680993151020785 0.500103569285264 0.05779975040538943 0.07036694833273804
1 0.443655810162832 0.49011969598157995 0.05779975040538943 0.07036694833273793
10 0.5305357807391441 0.4820889476778959 0.05591480925276526 0.07413662252816078
6 0.6124477090062364 0.46951682638565484 0.05396168425276526 0.07400004672358351
5 0.7870648909259528 0.4465511043759982 0.05790202617645335 0.07622632333273782
4 0.8739107695785769 0.4365672310723142 0.06187646002382907 0.08040572494189213
8 0.7022062291970166 0.4583515268751051 0.06180827617645335 0.07649947494189224