9 0.5 0.5 1 1
11 0.101860576171875 0.458040865234375 0.10328605859375 0.52221875 0.9876490390625 0.508670673828125 0.9869375 0.443064904296875 0.101860576171875 0.458040865234375
2 0.90625 0.478515625 0.0546875 0.0703125
0 0.822265625 0.4814453125 0.0546875 0.072265625
3 0.734375 0.482421875 0.056640625 0.0703125
7 0.6474609375 0.482421875 0.0546875 0.0703125
1 0.5615234375 0.484375 0.0546875 0.0703125
10 0.4775390625 0.486328125 0.0546875 0.06640625
6 0.3916015625 0.4892578125 0.05859375 0.072265625
8 0.306640625 0.4892578125 0.05859375 0.0703125
5 0.2177734375 0.4921875 0.05859375 0.0703125
4 0.1337890625 0.4951171875 0.05859375 0.0703125