9 0.5 0.5 1 1
11 0.0168365390625 0.46360576953125 0.018040865234375 0.52373798046875 0.895858173828125 0.507841345703125 0.894076923828125 0.4443197109375 0.0168365390625 0.46360576953125
4 0.8701171875 0.482421875 0.05859375 0.0703125
5 0.7841796875 0.4814453125 0.0546875 0.072265625
8 0.697265625 0.482421875 0.0546875 0.068359375
6 0.609375 0.4853515625 0.0546875 0.0703125
10 0.5263671875 0.486328125 0.0546875 0.06640625
1 0.4384765625 0.486328125 0.0546875 0.06640625
7 0.3544921875 0.4892578125 0.0546875 0.0703125
3 0.2685546875 0.490234375 0.05859375 0.06640625
0 0.1796875 0.4921875 0.0546875 0.0703125
2 0.0966796875 0.4921875 0.0546875 0.064453125