9 0.5 0.5 1 1
11 1 0.31748812109375 0.136951890625 0.49137957421875 0.148444451171875 0.553953263671875 1 0.378954384765625 1 0.31748812109375
4 0.16821285755185567 0.5234977302981076 0.07382240718308675 0.083705126896511
5 0.25228605232210405 0.5038671172267297 0.0700527329876639 0.08533938750242465
8 0.33740409749464106 0.4851333505568304 0.06977958137850959 0.08143313750242465
6 0.4246801313740438 0.46916983918988775 0.06991615718308675 0.08338626250242465
10 0.5059602144488693 0.45173149941407464 0.06768988057393255 0.07932058030538136
1 0.5919865342191177 0.43194145414565366 0.06768988057393255 0.07932058030538136
7 0.6753563180985205 0.4162968071727974 0.06991615718308664 0.08338626250242465
3 0.7595660886733461 0.39861931910141946 0.07159613057393233 0.07963944469946771
0 0.8476821092481717 0.3806229666359553 0.06991615718308664 0.08338626250242465
2 0.9289621923229971 0.3631846268601422 0.06755330476935528 0.07736745530538136