9 0.5 0.5 1 1
11 0.5862570625 0.08021156640625 0.52283378515625 0.077318017578125 0.47118982421875 0.95592830078125 0.5312485546875 0.95818498828125 0.5862570625 0.08021156640625
4 0.5468047839962886 0.10338015109241122 0.07804726939818574 0.06844512381257539
5 0.5444224973605362 0.1895735484521917 0.07793360913162894 0.06453887381257539
8 0.5401155007914228 0.2768458672558844 0.07397052899835055 0.062381030924751
6 0.5338553792223094 0.3642205450034892 0.07592365399835055 0.0624833898686632
10 0.5294347223866394 0.4475866138071819 0.07201740399835055 0.06227867198083881
1 0.5261327033841652 0.5357843156389185 0.07201740399835055 0.06227867198083881
7 0.5197589215484951 0.6192527433865234 0.07592365399835055 0.06248338986866342
3 0.5144469474127427 0.705599679162172 0.07213106426490734 0.0661849219808388
0 0.5092202184769076 0.7948763024378208 0.07592365399835055 0.0624833898686632
2 0.5057761241412375 0.8781911917695574 0.07006427899835055 0.06217631303692661