9 0.5 0.5 1 1
11 0.894076923828125 0.5556802890625 0.895858173828125 0.492158654296875 0.018040865234375 0.47626201953125 0.0168365390625 0.53639423046875 0.894076923828125 0.5556802890625
4 0.8701171875 0.517578125 0.05859375 0.0703125
5 0.7841796875 0.5185546875 0.0546875 0.072265625
8 0.697265625 0.517578125 0.0546875 0.068359375
6 0.609375 0.5146484375 0.0546875 0.0703125
10 0.5263671875 0.513671875 0.0546875 0.06640625
1 0.4384765625 0.513671875 0.0546875 0.06640625
7 0.3544921875 0.5107421875 0.0546875 0.0703125
3 0.2685546875 0.509765625 0.05859375 0.06640625
0 0.1796875 0.5078125 0.0546875 0.0703125
2 0.0966796875 0.5078125 0.0546875 0.064453125