9 0.5 0.5 1 1
11 0.553417880859375 0.087394509765625 0.48924831640625 0.08844704296875 0.451342072265625 0.97324819140625 0.516895970703125 0.972918201171875 0.553417880859375 0.087394509765625
2 0.48572000487078915 0.8924791429142678 0.07358395018029529 0.05874333993129888
0 0.48769749264123197 0.8075182054142678 0.07553707518029507 0.05880017006457727
3 0.4926728571451383 0.7195423352143502 0.0736294096692709 0.06069646493129888
7 0.4976027621600689 0.6335195900144328 0.07358395018029518 0.05874333993129888
1 0.5005795421749994 0.5475536749477936 0.07358395018029507 0.05874333993129888
10 0.5035108627009545 0.4635408848811544 0.06967770018029529 0.05862967966474231
6 0.505533809960373 0.3766268223811544 0.07562799415824673 0.06270642006457738
8 0.5104182554863279 0.2925572021812369 0.0736748691582465 0.06264958993129899
5 0.5125093919792099 0.20271345218123688 0.07367486915824673 0.06264958993129899
4 0.5144641500051648 0.11872907718123688 0.07367486915824673 0.06264958993129899