9 0.5 0.5 1 1
11 0 0.5263261015625 0.87949537109375 0.544920140625 0.88092172265625 0.48069838671875 0 0.460663611328125 0 0.5263261015625
2 0.07555176895182363 0.496944290399042 0.059164196232802085 0.07457355361204665
0 0.16051270645182364 0.5004061833171121 0.059232400860715684 0.07652667861204665
3 0.248505638393694 0.5010577643530465 0.06111732123280211 0.07465313735728962
7 0.3345454453355643 0.5016297616437381 0.059164196232802 0.07457355361204665
1 0.42051704764952114 0.5041548839344296 0.059164196232802 0.07457355361204665
10 0.504535524963478 0.5066004224798781 0.05902778697697508 0.07066730361204665
6 0.591449587463478 0.5101418991431912 0.06313865086071546 0.0766858461025326
8 0.6755362694053483 0.5106343126886397 0.063070446232802 0.07473272110253282
5 0.7653800194053483 0.5142951649698173 0.06313865086071568 0.07668584610253282
4 0.8493643944053483 0.5177172660152658 0.063070446232802 0.0747327211025326