9 0.5 0.5 1 1
11 0.9605646953125 0.102898203125 0.87516603515625 0.081418912109375 0.64200971875 0.803342447265625 0.7276323359375 0.824173294921875 0.9605646953125 0.102898203125
2 0.9054501306739637 0.134765625 0.09990700272114772 0.064453125
0 0.8824528492551184 0.2060546875 0.10206474160488854 0.0703125
3 0.8584449030223162 0.2783203125 0.10199653697697508 0.068359375
7 0.8343687521616007 0.3525390625 0.10206474160488854 0.0703125
1 0.8122798286148418 0.42578125 0.09815849160488854 0.0703125
10 0.7882718823820397 0.498046875 0.09815849160488854 0.0703125
6 0.7623449134631944 0.5693359375 0.0960689573490614 0.06640625
8 0.7412325524164356 0.642578125 0.09815849160488854 0.0703125
5 0.7181670663696766 0.7158203125 0.10206474160488854 0.0703125
4 0.6951356826368746 0.7880859375 0.102132946232802 0.072265625