9 0.5 0.5 1 1
11 0.585154634765625 0 0.77700948046875 0.566644474609375 0.8635794140625 0.525647841796875 0.683664654296875 0 0.585154634765625 0
0 0.625133019766563 0.0037935878296012533 0.09107580915851488 0.007587175659202507
3 0.6502777797027849 0.045124627061112366 0.08900892758142498 0.060252932021759104
7 0.6734694146390068 0.11402142141782538 0.09498205915851465 0.0627186859096063
1 0.6965472929981389 0.1848713407745384 0.09084829600433508 0.05847068331770816
10 0.7188761220114506 0.251900448279226 0.09107580915851465 0.062376933317708216
6 0.7432718326018521 0.31680555448796444 0.09268766442724541 0.056688434613657246
8 0.7643397076724392 0.3888029126406265 0.08878141442724541 0.056346682021759076
5 0.7857488524742959 0.4549408957932886 0.08682828942724541 0.056175805725810046
4 0.8107798558334278 0.5256199388540526 0.08878141442724541 0.056346682021759076