9 0.5 0.5 1 1
11 0.57650784765625 0 0.762092203125 0.599954193359375 0.84944776171875 0.562419337890625 0.67346158984375 0 0.57650784765625 0
0 0.6244022098473092 0.01571986236181348 0.09235472651720888 0.03143972472362696
3 0.6478798096552336 0.0719737275155399 0.0902421693201656 0.056736978390822146
7 0.669404284463158 0.14198923439118738 0.09626097651720888 0.05896300816746913
1 0.6907693270740392 0.21395786626683488 0.09203586212312231 0.054874821649704475
10 0.7114766715790066 0.28206573227192355 0.09235472651720888 0.058781071649704475
6 0.7342965732810173 0.3481295050181299 0.09382955492607925 0.053012664908586804
8 0.7536287747933769 0.42116566765265967 0.08992330492607925 0.052830728390822146
5 0.7734392728968659 0.4883424552871895 0.08797017992607925 0.05273976013193982
4 0.7967574405077471 0.5602201189039546 0.08992330492607925 0.052830728390822035