9 0.5 0.5 1 1
11 0.269438900390625 0.820880810546875 0.355907451171875 0.808664806640625 0.1476758828125 0.06893535546875 0.061408923828125 0.081817232421875 0.269438900390625 0.820880810546875
2 0.11536299821886312 0.11935203499741003 0.10082937726127789 0.06509528794411609
0 0.13667722467165805 0.1914598118273509 0.10113645409301442 0.07095466294411612
3 0.15716842704032125 0.26645179202785063 0.10103409514910228 0.06900153794411612
7 0.17868737138094054 0.34246581885779154 0.10113645409301442 0.07095466294411612
1 0.1981508317776477 0.4164357524288501 0.09723020409301442 0.07077272642635146
10 0.2205439796743548 0.4905421383882322 0.09723020409301442 0.07077272642635146
6 0.24293712757106192 0.5646485243476143 0.09702548620519008 0.06686647642635135
8 0.26240058796776905 0.6386184579186729 0.09723020409301442 0.07077272642635135
5 0.28289179033643225 0.7136104381191726 0.10113645409301442 0.07095466294411601
4 0.3024064302050955 0.7885569341902312 0.10123881303692661 0.07290778794411601