9 0.5 0.5 1 1
11 0.78208173046875 0.30471394140625 0.658947115234375 0.997596154296875 0.7493052890625 0.997596154296875 0.87155048046875 0.321545673828125 0.78208173046875 0.30471394140625
2 0.7060546875 0.9951171875 0.087890625 0.0078125
0 0.7138671875 0.935546875 0.08203125 0.0390625
3 0.7294921875 0.8603515625 0.080078125 0.0390625
7 0.7421875 0.78515625 0.0859375 0.0390625
1 0.7548828125 0.7080078125 0.08203125 0.03515625
10 0.767578125 0.634765625 0.08203125 0.0390625
6 0.783203125 0.5634765625 0.0859375 0.033203125
8 0.7939453125 0.4853515625 0.08203125 0.033203125
5 0.8056640625 0.4140625 0.080078125 0.033203125
4 0.8203125 0.3359375 0.08203125 0.033203125