9 0.5 0.5 1 1
11 0.713947115234375 0.23227644140625 0.70519951953125 0.146627404296875 0.002403845703125 0.215877404296875 0.002403845703125 0.30784375 0.713947115234375 0.23227644140625
2 0.01171875 0.2587890625 0.0234375 0.0859375
0 0.080078125 0.255859375 0.037109375 0.08203125
3 0.1572265625 0.248046875 0.037109375 0.078125
7 0.232421875 0.240234375 0.0390625 0.08203125
1 0.30859375 0.2314453125 0.03515625 0.08203125
10 0.3837890625 0.224609375 0.03515625 0.08203125
6 0.4580078125 0.2177734375 0.03515625 0.083984375
8 0.5341796875 0.208984375 0.0390625 0.080078125
5 0.6083984375 0.19921875 0.0390625 0.08203125
4 0.685546875 0.193359375 0.0390625 0.078125