9 0.5 0.5 1 1
11 0.24009375 0.187829326171875 0.245740384765625 0.278665865234375 0.985853365234375 0.21194951953125 0.980721154296875 0.12470673046875 0.24009375 0.187829326171875
2 0.9462890625 0.171875 0.0390625 0.0859375
0 0.8740234375 0.17578125 0.044921875 0.0859375
3 0.7978515625 0.1826171875 0.046875 0.087890625
7 0.72265625 0.189453125 0.046875 0.087890625
1 0.6484375 0.1982421875 0.046875 0.0859375
10 0.572265625 0.205078125 0.04296875 0.087890625
6 0.4990234375 0.2109375 0.041015625 0.0859375
8 0.4228515625 0.21875 0.04296875 0.0859375
5 0.349609375 0.2236328125 0.04296875 0.0859375
4 0.2705078125 0.2314453125 0.04296875 0.087890625