9 0.5 0.5 1 1
11 0.82740625 0.25769230859375 0.7375697109375 0.25811298046875 0.76637980859375 0.997596154296875 0.85469230859375 0.997596154296875 0.82740625 0.25769230859375
2 0.80859375 0.962890625 0.0859375 0.046875
0 0.806640625 0.890625 0.0859375 0.046875
3 0.8046875 0.8125 0.0859375 0.046875
7 0.80078125 0.7373046875 0.0859375 0.05078125
1 0.798828125 0.6611328125 0.0859375 0.05078125
10 0.7958984375 0.5849609375 0.0859375 0.05078125
6 0.79296875 0.51171875 0.0859375 0.05078125
5 0.787109375 0.359375 0.08984375 0.05078125
8 0.7900390625 0.435546875 0.0859375 0.05078125
4 0.78515625 0.28515625 0.09375 0.05078125