9 0.5 0.5 1 1
11 1 0.211884341796875 0.31721261328125 0.14205733203125 0.312393064453125 0.231078134765625 1 0.299977412109375 1 0.211884341796875
2 0.9940406172388527 0.2587890625 0.011918765522294539 0.091796875
0 0.9501745373200472 0.2509765625 0.06608706326102887 0.091796875
3 0.871332092433353 0.2421875 0.06608706326102887 0.091796875
7 0.7965553297437018 0.2353515625 0.06999331326102887 0.091796875
1 0.7196660098570076 0.2265625 0.06999331326102887 0.091796875
10 0.6428564060688349 0.21875 0.06999331326102887 0.091796875
6 0.5700327683791839 0.2119140625 0.07194643826102887 0.091796875
5 0.41641356080283853 0.1962890625 0.07031217765511522 0.095703125
8 0.4932231645910112 0.2041015625 0.06999331326102898 0.091796875
4 0.3424539284161442 0.1875 0.07063104204920156 0.099609375