9 0.5 0.5 1 1
11 0.7665613515625 0.74005151953125 0.862030568359375 0.7440397890625 0.8718118359375 0.0642508671875 0.783348396484375 0.04506316015625 0.7665613515625 0.74005151953125
2 0.8037377184136754 0.054158629057959554 0.0381100258477054 0.02191618167170431
0 0.8290186719390275 0.11444414738824378 0.09266376602535198 0.061592301678863065
3 0.8266615749059968 0.1897076398890392 0.09052870450758732 0.05766332501193128
7 0.8252810403729662 0.2649597690563687 0.09248182950758732 0.05768605167886309
1 0.8200852240988179 0.3422104765575618 0.09052870450758732 0.05766332501193128
10 0.8205213621774639 0.41451019155795954 0.09229989298982266 0.05377980167886309
6 0.8181642651444332 0.489773684058755 0.09425301798982266 0.0538025283457948
8 0.8148306056114026 0.5650485398930163 0.09825023624870499 0.05580110667965843
5 0.814426633578372 0.6402893057268799 0.09425301798982266 0.0538025283457948
4 0.8130006149159001 0.7145648723942094 0.09425301798982266 0.0538025283457948