9 0.5 0.5 1 1
11 0.74188701953125 0.2624302890625 0.74230769140625 0.17259375 0.002403845703125 0.14530769140625 0.002403845703125 0.23362019140625 0.74188701953125 0.2624302890625
2 0.037109375 0.19140625 0.046875 0.0859375
0 0.109375 0.193359375 0.046875 0.0859375
3 0.1875 0.1953125 0.046875 0.0859375
7 0.2626953125 0.19921875 0.05078125 0.0859375
1 0.3388671875 0.201171875 0.05078125 0.0859375
10 0.4150390625 0.2041015625 0.05078125 0.0859375
6 0.48828125 0.20703125 0.05078125 0.0859375
5 0.640625 0.212890625 0.05078125 0.08984375
8 0.564453125 0.2099609375 0.05078125 0.0859375
4 0.71484375 0.21484375 0.05078125 0.09375