9 0.5 0.5 1 1
11 0.353327013671875 0.206441810546875 0.264578244140625 0.179491013671875 0.077672580078125 0.884282396484375 0.1629591484375 0.909884134765625 0.353327013671875 0.206441810546875
2 0.1302447754966068 0.8622599183442041 0.09509581573560455 0.0577087783457948
0 0.1456807887213736 0.7921746850135221 0.09739021046687396 0.06359088001272672
3 0.16588585786905058 0.7201931433501696 0.09957084862105359 0.06751985667965865
7 0.18517124280527245 0.6491768008533514 0.09957084862105359 0.06751985667965865
1 0.20646663103003926 0.5791597475234649 0.0975039670439638 0.06554400501272672
10 0.22563825938917131 0.5061902800266465 0.09934333546687402 0.06361360667965865
6 0.2440039601139381 0.4361391366963623 0.09716269731269433 0.059684630012726725
8 0.2642090292616151 0.3641575950330098 0.09727645388978412 0.061637755012726725
5 0.2815981674863819 0.2940950883692597 0.09727645388978412 0.061637755012726725
4 0.3026091642684241 0.21919522253937318 0.09934333546687402 0.06361360667965854