9 0.5 0.5 1 1
11 0.997596154296875 0.326665865234375 0.997596154296875 0.236841345703125 0.3263822109375 0.124389423828125 0.30992548046875 0.218326923828125 0.997596154296875 0.326665865234375
2 0.9931640625 0.3046875 0.013671875 0.03515625
0 0.939453125 0.26953125 0.04296875 0.08203125
3 0.8642578125 0.2587890625 0.0390625 0.08203125
7 0.7900390625 0.24609375 0.0390625 0.083984375
1 0.712890625 0.2373046875 0.0390625 0.083984375
10 0.6416015625 0.2236328125 0.03515625 0.083984375
6 0.5673828125 0.212890625 0.03515625 0.0859375
8 0.4921875 0.2021484375 0.03515625 0.08984375
5 0.41796875 0.189453125 0.03515625 0.0859375
4 0.3447265625 0.177734375 0.03515625 0.0859375