9 0.5 0.5 1 1
11 1 0.88144501953125 0.784682029296875 0.230214134765625 0.697578314453125 0.245863666015625 0.942293650390625 0.9748895 1 0.964729982421875 1 0.88144501953125
2 0.9615917864047445 0.9312664159386621 0.07681642719051096 0.057009883167469244
0 0.9505034180026604 0.8592950914970447 0.096923163878472 0.06286925816746924
3 0.9254554312565958 0.7842121430376627 0.09904716517442114 0.06491335142635135
7 0.9004928826585057 0.7101057570782807 0.09904716517442114 0.06491335142635135
1 0.8737480853563646 0.6378615278600164 0.09709404017442114 0.06482238316746924
10 0.8487000986102999 0.5627785794006341 0.09870541258252308 0.06100710142635135
6 0.8248849888081589 0.49067080257069334 0.09658141128657394 0.05896300816746913
8 0.7988604395620942 0.4155423699818701 0.09675228758252308 0.06091613316746913
5 0.7760218922599531 0.34348007728137037 0.09675228758252308 0.06091613316746913
4 0.7497410285699648 0.2654219571925472 0.098876288878472 0.06296022642635146