9 0.5 0.5 1 1
11 0.74747542578125 0.21772701171875 0.7156163984375 0.94489210546875 0.8031248515625 0.938261111328125 0.838259435546875 0.216308634765625 0.74747542578125 0.21772701171875
2 0.7600869515336992 0.9210325972320069 0.0903210100055678 0.04782357728437381
0 0.7657651973763124 0.8523032248252475 0.0904800966740904 0.06149545228437381
3 0.7686160257201189 0.7750067883625437 0.09440907334102233 0.06374457520978138
7 0.7724206898969934 0.6995894774184881 0.09440907334102233 0.06374457520978138
1 0.773284303240402 0.6253707274184881 0.09245594834102233 0.0635965762470776
10 0.7771116940842083 0.5480002914744324 0.0924104950071587 0.059690326247077596
6 0.780893631594151 0.4745361055303767 0.090434643340227 0.05758920228437392
8 0.7827565341044915 0.3982902310490248 0.09045737000715892 0.05954232728437392
5 0.7884915966144342 0.32467804614226536 0.0904573700071587 0.05954232728437381
4 0.7913765149586383 0.24445192217956155 0.0924104950071587 0.05969032624707765