9 0.5 0.5 1 1
11 0 0.7995240390625 0.70710576953125 0.856408654296875 0.711983173828125 0.767697115234375 0.001579326171875 0.70787980859375 0 0.7995240390625
2 0.013671875 0.7509765625 0.02734375 0.087890625
0 0.080078125 0.76171875 0.04296875 0.08984375
3 0.15625 0.7666015625 0.0390625 0.087890625
7 0.2314453125 0.7744140625 0.04296875 0.083984375
1 0.310546875 0.7783203125 0.041015625 0.0859375
10 0.384765625 0.7841796875 0.04296875 0.0859375
6 0.45703125 0.791015625 0.0390625 0.0859375
8 0.5302734375 0.7978515625 0.04296875 0.0859375
5 0.6064453125 0.8056640625 0.0390625 0.087890625
4 0.6826171875 0.8115234375 0.046875 0.08984375