9 0.5 0.5 1 1
11 0.756485576171875 0.274016826171875 0.76422355859375 0.18678605859375 0.02391826953125 0.117846154296875 0.02040144140625 0.2071875 0.756485576171875 0.274016826171875
2 0.0595703125 0.1650390625 0.04296875 0.087890625
0 0.1337890625 0.1708984375 0.048828125 0.08984375
3 0.2080078125 0.1787109375 0.05078125 0.0859375
7 0.2822265625 0.185546875 0.05078125 0.083984375
1 0.359375 0.19140625 0.046875 0.083984375
10 0.4345703125 0.1982421875 0.05078125 0.083984375
6 0.5078125 0.2060546875 0.046875 0.0859375
8 0.58203125 0.212890625 0.046875 0.0859375
5 0.658203125 0.2177734375 0.046875 0.08984375
4 0.7333984375 0.2236328125 0.05078125 0.08984375