9 0.5 0.5 1 1
11 0.228649072265625 0.715963470703125 0.221106294921875 0.8034462578125 0.9578090859375 0.8467978828125 0.96466645703125 0.756025634765625 0.228649072265625 0.715963470703125
2 0.9278544232073778 0.8009051304619187 0.05287238649288195 0.09161707032575284
0 0.8528182189187927 0.7966950711365911 0.05677863649288195 0.09175347958157998
3 0.7767827223857198 0.7934956766252204 0.05682409598185778 0.09370660458157998
7 0.7007926853416226 0.7883431571138495 0.05682409598185778 0.09370660458157998
1 0.6267330435530376 0.7840989954745652 0.05287238649288195 0.09161707032575284
10 0.5507430065089403 0.7789464759631944 0.05673317700390634 0.08980035458157998
6 0.4776599272203552 0.7746682120099533 0.05487097098185778 0.0936383999536663
8 0.4036002854317702 0.770424050370669 0.05682409598185767 0.09370660458157998
5 0.3275420591542094 0.7682012183592981 0.05686955547083339 0.09565972958157998
4 0.2515520221101122 0.7630486988479274 0.05682409598185778 0.09370660458157998