9 0.5 0.5 1 1
11 0.823393498046875 0.174528423828125 0.73618561328125 0.18787336328125 0.80731540625 0.92060596875 0.896658970703125 0.911352126953125 0.823393498046875 0.174528423828125
2 0.8491735599087248 0.8787695270522178 0.08893619324644098 0.05209632386694274
0 0.8425632868276483 0.8049493575448258 0.09102569671336802 0.0581151310639858
3 0.8349764512465718 0.7312089041359553 0.08716490620234385 0.059749391669899454
7 0.8273896156654954 0.6574684507270847 0.08521178120234385 0.05958995947285617
1 0.8206884236064675 0.5797420312196928 0.08512086222439241 0.05568370947285617
10 0.8140554207809032 0.5049452992123007 0.08521178120234385 0.05958995947285617
6 0.8055147524443147 0.43226112440195175 0.08707398722439241 0.055843141669899454
8 0.7979279168632382 0.35852067099308127 0.08707398722439241 0.055843141669899454
5 0.793225309293186 0.282587944288646 0.09098023722439241 0.0561620060639858
4 0.7865923064676217 0.2077912122812539 0.09107115620234385 0.0600682560639858