9 0.5 0.5 1 1
11 0.269647107421875 0 0.074003767578125 0.644765185546875 0.159662103515625 0.660426990234375 0.3626176640625 0 0.269647107421875 0
0 0.30480104391611285 0.03320308360361276 0.09933282117478792 0.05998265176776492
3 0.2824041843392393 0.10901223775483489 0.09517624730066454 0.05593999251193779
7 0.2582419426679582 0.18195990903397058 0.09139515923772623 0.05775670825611068
1 0.23761046518549211 0.26063054605727914 0.09530140923772623 0.05789311751193782
10 0.215401348514211 0.3335100127085012 0.09737969617478792 0.05991444713985139
6 0.19331739377999155 0.40443635435972336 0.0951762473006646 0.05593999251193771
8 0.17019429557724128 0.47637336082490234 0.09542657117478787 0.05984624251193771
5 0.14590689196889853 0.551274157104038 0.0971293723006646 0.05600819713985139
4 0.12357261336055578 0.6261067487552601 0.09958314504891119 0.06388890176776485