9 0.5 0.5 1 1
11 1 0.2004759609375 0.29289423046875 0.143591345703125 0.288016826171875 0.232302884765625 0.998420673828125 0.29212019140625 1 0.2004759609375
2 0.986328125 0.2490234375 0.02734375 0.08984375
0 0.919921875 0.23828125 0.04296875 0.08984375
3 0.84375 0.2333984375 0.0390625 0.0859375
7 0.7685546875 0.2255859375 0.04296875 0.08203125
1 0.689453125 0.2216796875 0.041015625 0.0859375
10 0.615234375 0.2158203125 0.04296875 0.0859375
6 0.54296875 0.208984375 0.0390625 0.0859375
8 0.4697265625 0.2021484375 0.04296875 0.0859375
5 0.3935546875 0.1943359375 0.0390625 0.087890625
4 0.3173828125 0.1884765625 0.046875 0.08984375