9 0.5 0.5 1 1
11 0.955982044921875 0.704952365234375 0.24405841015625 0.723399923828125 0.236540943359375 0.8124272109375 0.944789884765625 0.79672123046875 0.955982044921875 0.704952365234375
2 0.938034381093199 0.7475773056824448 0.03867760348964455 0.09222182680417124
0 0.8706174766695112 0.7538485175110718 0.0543707873370205 0.09712937230066476
3 0.794513785516887 0.7548235830564762 0.050430445413332414 0.09492592342654138
7 0.719352564940575 0.7576891926333499 0.05426851156595669 0.09126999730066454
1 0.6403362322497947 0.7578754385843467 0.05234947848964455 0.09309796036360307
10 0.5661856660971706 0.7587253421926895 0.05430260348964455 0.09322312230066454
6 0.49297757052085844 0.7614657898325015 0.05039635348964455 0.09297279842654138
8 0.4197694749445464 0.7642062374723133 0.05430260348964455 0.09322312230066476
5 0.3436316918682344 0.7671344280177177 0.050430445413332414 0.09492592342654138
4 0.26751095475376624 0.7690860560631222 0.05831112926070836 0.09933282117478792