9 0.5 0.5 1 1
11 0.19949015234375 0.98656971875 0.290308576171875 0.98498528515625 0.28296362109375 0.2441901015625 0.1953763984375 0.244781880859375 0.19949015234375 0.98656971875
2 0.24303255512874 0.951664782104038 0.09101967342654127 0.05189733325611057
0 0.24212007055186643 0.8763330603482109 0.0912699973006646 0.05580358325611057
3 0.24016844250646205 0.8000588784063405 0.0932231223006646 0.05587178788402425
7 0.24120908292958845 0.7246589520225998 0.0932231223006646 0.05587178788402425
1 0.24029659835271489 0.6493272302667727 0.09101967342654127 0.05189733325611057
10 0.24127465780731047 0.5729507413830319 0.0893168723006646 0.05573537862819711
6 0.24048733516749854 0.4995721446272048 0.09322312230066454 0.05587178788402425
8 0.23957485059062497 0.42424042287137764 0.0932231223006646 0.05587178788402425
5 0.23762322254522056 0.34796624092950734 0.09517624730066454 0.05593999251193771
4 0.23762471949981614 0.27162385435972336 0.0932231223006646 0.05587178788402425