9 0.5 0.5 1 1
11 0.629019224609375 1 0.39577099609375 0.04296829296875 0.358982021484375 0.051137814453125 0.58710526171875 1 0.629019224609375 1
2 0.44991847452539274 0.350727840684789 0.04699105237631773 0.05392249350527489
0 0.46935522970615917 0.42651721243742646 0.04292563488583179 0.049743091896120584
3 0.48863281739643954 0.5062128341900639 0.042925634885831676 0.049743091896120584
7 0.5061562394498275 0.5808890676381242 0.04487875988583179 0.04987966770069763
1 0.5253940352674864 0.6615612518907616 0.04308480237631773 0.05364934189612036
10 0.5456879773303883 0.7403485990456876 0.03917855237631773 0.053376190286966274
6 0.5630920237659117 0.8179545199937479 0.041211261121560705 0.05546589109154332
8 0.5826083626919212 0.8917907667463854 0.04551542984777557 0.06550466770069763
5 0.6000919928726876 0.9674435626944455 0.04495834363107476 0.05183279270069763
4 0.6100201086047202 0.9995619109880685 0.040017504942915894 0.0008761780238630834