9 0.5 0.5 1 1
11 0.87526126171875 0.544748 0.877021021484375 0.493992 0.077279279296875 0.408096 0.076510509765625 0.46068 0.87526126171875 0.544748
2 0.6455078125 0.4951171875 0.0390625 0.046875
0 0.5869140625 0.4892578125 0.041015625 0.05078125
3 0.5263671875 0.4833984375 0.037109375 0.048828125
7 0.466796875 0.4765625 0.037109375 0.05078125
1 0.40625 0.46875 0.0390625 0.048828125
10 0.34765625 0.4619140625 0.041015625 0.046875
6 0.2861328125 0.4560546875 0.0390625 0.05078125
8 0.2275390625 0.44921875 0.04296875 0.05078125
5 0.166015625 0.44140625 0.04296875 0.05078125
4 0.1015625 0.435546875 0.04296875 0.0546875