9 0.5 0.5 1 1
11 0.394342341796875 0.989832 0.435165166015625 0.994268 0.572624625 0.011096 0.535135134765625 0.005548 0.394342341796875 0.989832
2 0.51171875 0.314453125 0.0390625 0.044921875
0 0.5 0.3916015625 0.03515625 0.04296875
3 0.48828125 0.4716796875 0.03515625 0.04296875
7 0.478515625 0.5478515625 0.037109375 0.04296875
1 0.466796875 0.62890625 0.03515625 0.046875
10 0.4541015625 0.708984375 0.03125 0.046875
6 0.4443359375 0.787109375 0.033203125 0.048828125
8 0.4326171875 0.861328125 0.03515625 0.05859375
5 0.4228515625 0.9375 0.03515625 0.044921875
4 0.4169921875 0.9833984375 0.037109375 0.017578125