9 0.5 0.5 1 1
11 1 0.67662014453125 0.752841638671875 0.6255186875 0.4421595546875 0.558454193359375 0.17578402734375 0.49931772265625 0.16898505859375 0.538969294921875 0.675231541015625 0.64440638671875 1 0.71166744140625 1 0.67662014453125
2 0.9308213994552925 0.6804088901462739 0.043725972349733855 0.03583152567829462
0 0.8596320223715551 0.6651608729120546 0.051538472349733855 0.03633217342654138
3 0.7856723899848609 0.6516782377722425 0.047313357955647506 0.032175599552418
7 0.7123704557040802 0.6343519336009615 0.04942591515269079 0.03425388648947969
1 0.6353217036203428 0.618728430555557 0.047632222349733855 0.036081849552418
10 0.5582729515366054 0.6031049275101527 0.05528529015269079 0.03462937230066454
6 0.4770788011573033 0.584301413090625 0.055444722349733855 0.03658249730066476
8 0.39514723657356576 0.5683650052025664 0.051538472349733855 0.03633217342654138
5 0.3150093647927852 0.5506006342515695 0.05169790454677703 0.03828529842654138
4 0.2338949305120046 0.5327736823320418 0.055763586743820204 0.04048874730066454