9 0.5 0.5 1 1
11 0.625144203125 1 0.505630494140625 0.942582408203125 0.379721796875 0.8820242890625 0.110815453125 0.75839183203125 0.099336623046875 0.795188162109375 0.45376730859375 0.96443190234375 0.527674427734375 1 0.625144203125 1
4 0.11835258168142568 0.7832226108004139 0.03200002232113436 0.04551966515269079
5 0.15616578379192228 0.8019565386427556 0.03200002232113436 0.04551966515269079
8 0.1940130778261068 0.8187373414850976 0.03388496347375852 0.041772847349733855
6 0.23283693436029132 0.8355978604259608 0.03590627232113436 0.04583852954677692
10 0.2716437449326319 0.8534349418668243 0.035940364244822276 0.04779165454677692
1 0.3123866345431285 0.8724080180047309 0.03587218039744644 0.04388540454677692
7 0.35309543222993717 0.8933342191426374 0.037893489244822276 0.047951086743820426
3 0.39481488434043377 0.9123870113790655 0.037893489244822276 0.047951086743820204
0 0.43843632356539847 0.9345289233125369 0.039846614244822276 0.04811051894086349
2 0.48301727932851923 0.9577271138445298 0.039846614244822165 0.04811051894086349