9 0.5 0.5 1 1
11 0.923017609375 0.73619808203125 0.137595486328125 0.524806216796875 0.0101728671875 0.491342923828125 0.002215029296875 0.545210978515625 0.165043650390625 0.593365740234375 0.9119990078125 0.81781646875 0.923017609375 0.73619808203125
2 0.2060546875 0.57421875 0.03125 0.05078125
0 0.265625 0.5908203125 0.03125 0.0546875
3 0.326171875 0.607421875 0.03515625 0.056640625
7 0.392578125 0.6259765625 0.03515625 0.05859375
1 0.4609375 0.6455078125 0.03515625 0.05859375
10 0.533203125 0.666015625 0.037109375 0.0625
6 0.6103515625 0.6875 0.0390625 0.0625
8 0.6943359375 0.7119140625 0.046875 0.06640625
5 0.7841796875 0.73828125 0.048828125 0.068359375
4 0.8828125 0.7666015625 0.05078125 0.072265625