9 0.5 0.5 1 1
11 0.5912711484375 0 0.58910282421875 0.126330908203125 0.5884588515625 0.29544928515625 0.58760760546875 0.454172744140625 0.58758069140625 0.604248232421875 0.58835113671875 0.824084396484375 0.610168736328125 0.841778482421875 0.614086986328125 0.838373087890625 0.610937904296875 0.70327623046875 0.611576337890625 0.54123847265625 0.611195615234375 0.377640107421875 0.614374759765625 0.126219236328125 0.616248845703125 0 0.5912711484375 0
2 0.6000326653634227 0.083963717634826 0.024801423198680395 0.04810330732694629
0 0.5996319187943093 0.17103131855069428 0.022848298198680617 0.04800094838303409
3 0.5962446545919177 0.2562993328824309 0.024915083465237187 0.05200955732694634
7 0.5967352253228868 0.3403860668263431 0.022848298198680617 0.04800094838303415
1 0.5981171133539384 0.4214919337982992 0.022848298198680395 0.04800094838303415
10 0.5984371936850723 0.49971929274221133 0.022734637932123825 0.04409469838303404
6 0.5978091265828457 0.5789743936580796 0.022620977665567032 0.040188448383033926
8 0.5970958142807014 0.655299807073948 0.02641356739901024 0.036486916270858316
5 0.5983356269785571 0.731522861545904 0.02446044239901024 0.03638455732694634
4 0.598627292243052 0.8087736579898162 0.022450487265731844 0.034329073383033926