9 0.5 0.5 1 1
11 0.100748734375 0.196898478515625 0.10076634375 0.24400760546875 0.69731346484375 0.227033068359375 0.699242951171875 0.180119046875 0.100748734375 0.196898478515625
2 0.2117281419792099 0.2177734375 0.036247277735416694 0.046875
0 0.2644852467236977 0.216796875 0.034294152735416694 0.046875
3 0.3152892264681856 0.2158203125 0.036247277735416694 0.046875
7 0.36902289371267344 0.21484375 0.034294152735416694 0.046875
1 0.4188503109571613 0.2138671875 0.03629273722439241 0.048828125
10 0.4706308532016491 0.212890625 0.034294152735416805 0.046875
6 0.5224113954461369 0.2119140625 0.034294152735416805 0.046875
8 0.5732608346796004 0.208984375 0.036247277735416805 0.046875
5 0.6260406691685763 0.20703125 0.034294152735416805 0.046875
4 0.6807736286575519 0.205078125 0.036247277735416805 0.046875