9 0.5 0.5 1 1
11 0.986702876953125 0.261695767578125 0.2840927578125 0.220893517578125 0.2840927578125 0.27437764453125 0.703470486328125 0.29808730078125 0.987943453125 0.312974537109375 0.986702876953125 0.261695767578125
2 0.8427734375 0.2783203125 0.037109375 0.048828125
0 0.7841796875 0.2744140625 0.037109375 0.048828125
3 0.7255859375 0.2724609375 0.03515625 0.05078125
7 0.666015625 0.26953125 0.037109375 0.05078125
1 0.6083984375 0.2666015625 0.037109375 0.05078125
10 0.548828125 0.2646484375 0.0390625 0.05078125
6 0.4892578125 0.259765625 0.0390625 0.05078125
8 0.4287109375 0.2568359375 0.0390625 0.05078125
5 0.3671875 0.251953125 0.0390625 0.05078125
4 0.3046875 0.2490234375 0.0390625 0.05078125