9 0.5 0.5 1 1
11 0.311705365234375 0.085760373046875 0.303366275390625 0.085051388671875 0.438912828125 0.726471521484375 0.441547697265625 0.727782384765625 0.482413296875 0.72545848046875 0.485482650390625 0.72354573828125 0.346699361328125 0.0823343125 0.337526576171875 0.083335482421875 0.327946072265625 0.085286166015625 0.319468697265625 0.085714837890625 0.311705365234375 0.085760373046875
4 0.45800192259107536 0.7076475589184505 0.045330955004772466 0.03882319053199268
5 0.4456468259169848 0.6520034657361915 0.043377830004772466 0.038663758334949616
8 0.435267580909826 0.5984719297509756 0.045330955004772466 0.0388231905319929
6 0.42388904673573546 0.5429075526672382 0.045330955004772466 0.0388231905319929
10 0.4125446025620426 0.4902728630835008 0.045330955004772466 0.0388231905319929
1 0.40020086922141795 0.4356053324012418 0.043377830004772466 0.03866375833494973
7 0.3898329875477251 0.3830503589160259 0.045330955004772466 0.0388231905319929
3 0.3784544533736345 0.3274859818322885 0.045330955004772466 0.0388231905319929
0 0.3651341575330098 0.27273873505150786 0.041424705004772466 0.03850432613790655
2 0.3528017875258511 0.21904776686924887 0.041424705004772466 0.03850432613790655