9 0.5 0.5 1 1
11 0.698146646484375 0.035319224609375 0.560537708984375 0.9691033671875 0.6049809375 0.977448490234375 0.744521900390625 0.044027125 0.698146646484375 0.035319224609375
2 0.7068273680217676 0.14102819009584786 0.04525140051663623 0.057163338339431546
0 0.693666825719996 0.22875972842732523 0.04329827551663623 0.05714061167249973
3 0.6805006019437998 0.31551470425880257 0.049180376414335036 0.06111504167329518
7 0.6673571040653026 0.40617593009027997 0.04720452551663623 0.05718606500636336
1 0.6522377552891063 0.4929081792548255 0.049180376414335036 0.06111504167329518
10 0.6400480940129101 0.5796745184197687 0.049180376414335036 0.06111504167329507
6 0.6278584327367137 0.666440857584712 0.04918037641433526 0.06111504167329507
8 0.614703571909367 0.7551489584161895 0.05308662641433526 0.06116049500715892
5 0.600577830056445 0.8448222584142009 0.04720452551663623 0.05718606500636314
4 0.5884165761523725 0.936471410079144 0.049169013465485634 0.05916191667329507