9 0.5 0.5 1 1
11 0.91390575390625 0.88911681640625 0.91843353125 0.844972470703125 0.001509259765625 0.77139806640625 0.001509259765625 0.81441071484375 0.91390575390625 0.88911681640625
2 0.1689453125 0.8076171875 0.044921875 0.0390625
0 0.248046875 0.8134765625 0.044921875 0.0390625
3 0.3232421875 0.8193359375 0.044921875 0.0390625
7 0.4072265625 0.8251953125 0.044921875 0.0390625
1 0.4833984375 0.830078125 0.044921875 0.0390625
10 0.5625 0.8369140625 0.044921875 0.0390625
6 0.64453125 0.8447265625 0.044921875 0.0390625
8 0.7236328125 0.8515625 0.044921875 0.0390625
5 0.8056640625 0.8583984375 0.044921875 0.0390625
4 0.888671875 0.8642578125 0.044921875 0.0390625