9 0.5 0.5 1 1
11 0.5242930703125 0.742996755859375 0.7257918203125 0.743543861328125 0.844089228515625 0.73992816796875 0.84755533984375 0.69040617578125 0.68813486328125 0.691988107421875 0.577686017578125 0.691374345703125 0.406769275390625 0.69124800390625 0.278518224609375 0.692618890625 0.097995306640625 0.695417564453125 0.09196378125 0.75392104296875 0.2144760859375 0.747781806640625 0.338511740234375 0.7449581484375 0.5242930703125 0.742996755859375
4 0.11779594837419385 0.7235453647536186 0.04486359803029827 0.05149718039744644
5 0.18435019733689761 0.7204331143482292 0.04486359803029827 0.05149718039744644
8 0.24767876087419388 0.7212782518283716 0.04471559906759448 0.04954405539744622
6 0.3092761978555457 0.719227793732202 0.04486359803029827 0.05149718039744644
10 0.3697490733741938 0.7191475065978763 0.045011596993002057 0.05345030539744644
1 0.4293933853555457 0.7171311404253946 0.04276247406759448 0.04950996347375858
7 0.48874169941149004 0.7190210242529129 0.04095734803029827 0.051428996550070494
3 0.5483860113928419 0.7170046580804312 0.045011596993002057 0.05345030539744622
0 0.6058551999301381 0.7179520713316374 0.041105346993002057 0.053382121550070494
2 0.6624218254487863 0.7179399680446876 0.041105346993002057 0.053382121550070494