9 0.5 0.5 1 1
11 0.588380732421875 0.058209580078125 0.34916709765625 0.9799353359375 0.41689739453125 0.97678074609375 0.623174783203125 0.068044478515625 0.588380732421875 0.058209580078125
2 0.44495627572950935 0.7225329709494787 0.04775171591129501 0.06059505169541102
0 0.46895146607427574 0.6192661623784201 0.045160862123122314 0.05269158343652869
3 0.48987750603973995 0.5297621970662438 0.044841997729036076 0.04878533343652869
7 0.5102455333155531 0.4470941692540676 0.04045745113790655 0.04274402191876414
1 0.5287601210076287 0.3752138130713325 0.04029801894086349 0.04079089691876414
10 0.5470355604041397 0.30626314438859736 0.042091711743820204 0.03892874017764636
6 0.5619030157095211 0.24330830309418577 0.03802602954677692 0.03679367865988181
8 0.5765313227193378 0.18328314929977418 0.03770716515269079 0.03288742865988181
5 0.5886484920395032 0.1301849012642449 0.03770716515269079 0.03288742865988181
4 0.6006062291626257 0.07903977822871561 0.03543517575860422 0.028890210400999483