9 0.5 0.5 1 1
11 0.94608562109375 0.1691692734375 0.168309119140625 0.630891701171875 0.1952364375 0.654851419921875 0.545394064453125 0.4493941796875 0.782726869140625 0.30772408203125 0.964222078125 0.196533017578125 0.97038157421875 0.19300499609375 0.94608562109375 0.1691692734375
2 0.7462923763053284 0.30866663884240453 0.04533673340326061 0.03375264469597583
0 0.6854057956526447 0.3465434150978234 0.04323560944055682 0.031685763118886046
3 0.6263983405186089 0.38332987227615245 0.04308761047785303 0.029732638118886046
7 0.5652157619405176 0.4173003985315713 0.04128248444055682 0.03157200654179615
1 0.5061343073251299 0.45311029320990037 0.04308761047785281 0.029732638118886046
10 0.44705285270974227 0.48892018788822944 0.042939611515149245 0.027779513118886046
6 0.3850417105943546 0.5249007174321932 0.04308761047785292 0.029732638118886046
8 0.3249096939976151 0.5597909278990671 0.04308761047785292 0.029732638118886046
5 0.26590223886357933 0.5965773850773962 0.042939611515149134 0.027779513118886046
4 0.20005884622954362 0.6337619902755396 0.04308761047785292 0.029732638118886046