9 0.5 0.5 1 1
11 0.69501181640625 0.023582328125 0.67914587890625 0.024579703125 0.666276029296875 0.02441294921875 0.65260757421875 0.0233092265625 0.662159130859375 0.112280158203125 0.710881634765625 0.70627344921875 0.7182706015625 0.803899818359375 0.7209241640625 0.805897884765625 0.7238915234375 0.80759591796875 0.76943548046875 0.801748994140625 0.771890046875 0.798835150390625 0.773745474609375 0.793659744140625 0.75849376171875 0.587902 0.739641640625 0.2654983359375 0.739017109375 0.23803350390625 0.72927554296875 0.113018685546875 0.721011380859375 0.020010712890625 0.708423724609375 0.022380255859375 0.69501181640625 0.023582328125
4 0.7449313168885769 0.7872518926041998 0.05392780779884543 0.04162924500715892
8 0.74069160068701 0.7315196501034043 0.05973035266556703 0.03974430000795426
8 0.7363666392855255 0.6787170951026089 0.05588093279884543 0.041651971674090627
6 0.7321553381505976 0.6220082901018136 0.059844012932123825 0.04365055000795426
10 0.7280292822155874 0.562369797601018 0.059900843065402 0.04560367500795426
1 0.7230119089804946 0.4997902542667567 0.061910798198680395 0.047579526674885964
7 0.7170179732454018 0.43719934759902956 0.06593070846523719 0.051531230008749596
3 0.7141526304767833 0.3678065934317 0.06598753859851558 0.053484355008749596
0 0.7094194079080823 0.2954614250974387 0.06604436873179376 0.055437480008749596
2 0.7038801132392164 0.21724551842971146 0.07006427899835055 0.05938918334261323