9 0.5 0.5 1 1
11 0.3454406953125 0.810978498046875 0.522684095703125 0.600943962890625 0.599373501953125 0.510087849609375 0.70518276953125 0.385904275390625 0.77848165625 0.3001803203125 0.759573841796875 0.2752540703125 0.512970623046875 0.5639693046875 0.402327666015625 0.696976013671875 0.32680321484375 0.785110869140625 0.3454406953125 0.810978498046875
2 0.42976491493960234 0.6874087413963735 0.0265501036745307 0.034237713688158866
0 0.4644344394397441 0.6467694775655044 0.02843502404661713 0.03236417243340206
3 0.49917216856779945 0.6041770887346352 0.02843502404661713 0.03236417243340184
7 0.5358630226958547 0.561664283649009 0.02843502404661713 0.03236417243340184
1 0.5695559846959964 0.5209852279455183 0.03038814904661713 0.03244375617864481
10 0.6052702763240518 0.4784326309872706 0.03038814904661713 0.03244375617864481
6 0.6439824600800207 0.43404628464688744 0.03052455830244427 0.03635000617864481
8 0.679696751708076 0.39149368768863974 0.03052455830244427 0.03635000617864481
5 0.7164217081500881 0.3480043201030135 0.03052455830244427 0.03635000617864481
4 0.7551679942200138 0.30264141126263033 0.03247768330244427 0.036429589923887784