9 0.5 0.5 1 1
11 0.4145011875 0.436456841796875 0.98711755859375 0.288540669921875 0.97615151953125 0.2525280390625 0.865942099609375 0.278771158203125 0.730910775390625 0.31330878125 0.411632296875 0.393800521484375 0.11247410546875 0.4707376796875 0.10801589453125 0.474110443359375 0.10648280078125 0.48214594140625 0.109781505859375 0.5079717109375 0.113307994140625 0.51070596484375 0.12463471484375 0.5081944296875 0.4145011875 0.436456841796875
2 0.8440450722901447 0.30411192747501326 0.06253646863107454 0.05164814102535198
0 0.7598799722425745 0.32760029673639424 0.06253646863107476 0.05164814102535198
3 0.6785251840771399 0.3480225261094518 0.06253646863107476 0.05164814102535198
7 0.5990837290390838 0.36737722472362694 0.06253646863107454 0.05164814102535198
1 0.5226117533736493 0.38757203344947866 0.06253646863107476 0.05164814102535198
10 0.44516321520821467 0.40781232630477154 0.05855063488583179 0.04951307950758732
6 0.36669832267015856 0.4271215407895056 0.06245688488583179 0.04969501602535198
8 0.29018655513210245 0.44633978701535726 0.052611676140588814 0.047287049730940334
5 0.2117216625940464 0.4656490015000913 0.0526116761405887 0.047287049730940334
4 0.13423333255599032 0.4849127318553842 0.05261167614058876 0.047287049730940334