9 0.5 0.5 1 1
11 0.653959326171875 0.520560515625 0.630406416015625 0.501041169921875 0.132480490234375 0.794612103515625 0.17746726171875 0.83386086328125 0.653959326171875 0.520560515625
2 0.322265625 0.7080078125 0.02734375 0.02734375
0 0.375 0.67578125 0.03515625 0.01953125
3 0.41796875 0.646484375 0.02734375 0.01953125
7 0.4599609375 0.619140625 0.02734375 0.015625
1 0.4951171875 0.59765625 0.021484375 0.015625
10 0.5283203125 0.5810546875 0.015625 0.01171875
6 0.5595703125 0.5625 0.01171875 0.01171875
8 0.5859375 0.544921875 0.01171875 0.01171875
5 0.6103515625 0.52734375 0.015625 0.01171875
4 0.634765625 0.5166015625 0.013671875 0.01171875