9 0.5 0.5 1 1
11 0.209759294921875 0.78049035546875 0.25819065625 0.770009068359375 0.185277439453125 0.07478023046875 0.131306796875 0.0880175703125 0.209759294921875 0.78049035546875
4 0.2323647069782971 0.7558984696503773 0.05201676894086338 0.04276247406759448
5 0.22648520148811374 0.6971421514452482 0.051857336743820204 0.04080934906759448
8 0.2205259798994088 0.6393623957401189 0.05592301894086338 0.043058471993002057
6 0.21440732611366073 0.5835357650349897 0.05396989394086338 0.04291047303029827
10 0.2084481045249558 0.5257560093298606 0.053810461743820204 0.04095734803029849
1 0.2024888829362509 0.4679762536247313 0.05201676894086338 0.04276247406759448
7 0.19644994524902437 0.4111730604196021 0.05233563333494973 0.04666872406759448
3 0.19049072366031944 0.35339330471447283 0.05038250833494973 0.04652072510489069
0 0.18347522347309292 0.29666411099069556 0.05006364394086338 0.04261447510489069
2 0.1756425929829096 0.23805579174827013 0.05038250833494973 0.04652072510489069