9 0.5 0.5 1 1
11 0.51460550390625 0.96588925390625 0.559269455078125 0.964034087890625 0.54619504296875 0.62874619140625 0.534839765625 0.352561708984375 0.5238759609375 0.074609896484375 0.521801634765625 0.0109132109375 0.517071638671875 0.00812625 0.477706841796875 0.009501177734375 0.47604055859375 0.013102181640625 0.490254923828125 0.357136134765625 0.502254802734375 0.6630864375 0.51460550390625 0.96588925390625
2 0.5338488192021986 0.8759234790854594 0.04880189504891108 0.0636881185052749
0 0.5297941712232395 0.7820369032808823 0.048801895048911303 0.0636881185052749
3 0.5259272661498726 0.691080014976305 0.04880189504891108 0.0636881185052749
7 0.5209586366394443 0.5982382895740165 0.04880189504891108 0.0636881185052749
1 0.5189822755975466 0.5061682629648622 0.04880189504891108 0.0636881185052749
10 0.5161545139927106 0.4161196492579964 0.04880189504891108 0.0636881185052749
6 0.5111858844822822 0.3232779238557078 0.048801895048911303 0.0636881185052749
8 0.5074441413459772 0.23427416055113065 0.04880189504891108 0.0636881185052749
5 0.5042408939299561 0.13836617184426486 0.04880189504891108 0.0636881185052749
4 0.5001236649824661 0.043503033539687715 0.04880189504891108 0.06368811850527488