9 0.5 0.5 1 1
11 1 0.84966916796875 0.40371203515625 0.34602887109375 0.205917140625 0.1772827421875 0.180304654296875 0.242579984375 0.59798487109375 0.589568 0.974244646484375 0.90212844921875 0.99521198046875 0.917474439453125 1 0.90473721875 1 0.84966916796875
2 0.8392517262340883 0.7528679273894017 0.03722542737631773 0.05180419239901024
0 0.7704579638767985 0.6962064019208656 0.03722542737631773 0.05180419239901024
3 0.7086195146373734 0.6422756584858553 0.03722542737631773 0.05180419239901024
7 0.6388093979074623 0.5846659855839584 0.03722542737631773 0.05180419239901024
1 0.5719687605501725 0.5279476299821442 0.03722542737631773 0.05180419239901024
10 0.5041117688202613 0.4702811269469689 0.03722542737631773 0.05180419239901024
6 0.4353180064629717 0.4136196014784328 0.03722542737631773 0.05180419239901035
8 0.3664844522330605 0.3559815135098967 0.03722542737631773 0.05180419239901024
5 0.2915925636400419 0.29363110344119575 0.03722542737631773 0.05180419239901035
4 0.21662109130178023 0.22932756837249474 0.03722542737631773 0.05180419239901035