9 0.5 0.5 1 1
11 0.73504993359375 0.62607167578125 0.676455357421875 0.615881201171875 0.672209326171875 0.618853421875 0.650979498046875 0.615244294921875 0.648998015625 0.6114228671875 0.59259424609375 0.603780009765625 0.588631283203125 0.6044169140625 0.5874990078125 0.606964533203125 0.56258928515625 0.603780009765625 0.56258928515625 0.601232638671875 0.50673445703125 0.592952876953125 0.5047529765625 0.5967743046875 0.4821078046875 0.593165177734375 0.481824736328125 0.591042162109375 0.429666998046875 0.58424851171875 0.426553240234375 0.5861592265625 0.4064556875 0.583611607421875 0.40419113671875 0.581488591796875 0.35408829296875 0.575544146484375 0.350125330078125 0.576605654296875 0.329387896484375 0.5736336796875 0.32967096484375 0.571086060546875 0.27923445703125 0.564717013671875 0.275554564453125 0.566627728515625 0.257155091796875 0.564717013671875 0.25630588671875 0.561532490234375 0.20672420703125 0.555588044921875 0.203893517578125 0.55792336328125 0.1843617734375 0.555375744140625 0.184078703125 0.5538896328125 0.135051587890625 0.54727008984375 0.133353173828125 0.54960540625 0.11495403515625 0.546845486328125 0.113821759765625 0.544298115234375 0.072154431640625 0.538990576171875 0.06592691796875 0.539202876953125 0.036488095703125 0.55470064453125 0.03762037109375 0.55788516796875 0.99913955078125 0.69831299609375 0.998301587890625 0.668531498046875 0.830726521484375 0.642418650390625 0.82534821484375 0.63859722265625 0.7661875 0.63052976171875 0.764206017578125 0.632865080078125 0.737314484375 0.628194693359375 0.73504993359375 0.62607167578125
2 0.7978515625 0.6484375 0.05859375 0.015625
0 0.701171875 0.6328125 0.056640625 0.015625
3 0.61328125 0.619140625 0.05078125 0.017578125
7 0.5263671875 0.6083984375 0.044921875 0.017578125
1 0.4462890625 0.59765625 0.0390625 0.01953125
10 0.3671875 0.5888671875 0.03515625 0.015625
6 0.2900390625 0.5771484375 0.029296875 0.01953125
8 0.2158203125 0.568359375 0.025390625 0.017578125
5 0.14453125 0.560546875 0.0234375 0.01953125
4 0.0732421875 0.55078125 0.0234375 0.015625