9 0.5 0.5 1 1
11 0.595808283203125 0.899734126953125 0.632991072265625 0.9006521171875 0.650205357421875 0.032133267578125 0.61577678515625 0.03121527734375 0.610956845703125 0.246967923828125 0.595808283203125 0.899734126953125
2 0.6279296875 0.2158203125 0.033203125 0.046875
0 0.626953125 0.287109375 0.03515625 0.046875
3 0.625 0.3583984375 0.03515625 0.046875
7 0.623046875 0.4296875 0.03515625 0.046875
1 0.62109375 0.501953125 0.03515625 0.046875
10 0.619140625 0.5732421875 0.03515625 0.046875
6 0.619140625 0.646484375 0.037109375 0.046875
8 0.6171875 0.7197265625 0.03515625 0.046875
5 0.6162109375 0.794921875 0.03515625 0.046875
4 0.615234375 0.8720703125 0.03515625 0.046875