9 0.5 0.5 1 1
11 0.944176798828125 0.551555208984375 0.640914826171875 0.59002493359375 0.4802212421875 0.6107508515625 0.303267318359375 0.634577541015625 0.00897862109375 0.676931248046875 0.010770015625 0.69881374609375 0.215297279296875 0.667384951171875 0.31122266796875 0.653509708984375 0.502201455078125 0.627804474609375 0.67066396875 0.608166517578125 0.914552728515625 0.578223693359375 0.974294154296875 0.571929921875 0.973692822265625 0.565500294921875 0.944176798828125 0.551555208984375
2 0.16904210907665185 0.6620575906291182 0.0569360716701135 0.02572015051663623
0 0.2658808832451745 0.647823249661067 0.0608423216701135 0.025742876414335036
3 0.35783684491369716 0.6336173160651393 0.0608423216701135 0.025742876414335036
7 0.448793517415288 0.6213701889436365 0.06081959500318168 0.023789751414335036
1 0.5338680882499469 0.6111102756686824 0.04910084500318179 0.023721573721237954
10 0.6179547332511401 0.601832606368153 0.04514914166931816 0.019792597823538927
6 0.7020641049192651 0.5906018120676235 0.04128834500318157 0.02367612192584012
8 0.779326175753924 0.5803873505880673 0.03733664166931794 0.01974714602814087
5 0.8565655199216513 0.5721260141085112 0.03147726666931794 0.01971305718159222
4 0.9348041532563104 0.5619058711545303 0.025640618336249865 0.02163209333504379