9 0.5 0.5 1 1
11 0.394533421875 1 0.371449201171875 0.120674509765625 0.342042119140625 0.1224728828125 0.367021533203125 0.999802578125 0.368146337890625 1 0.394533421875 1
4 0.357421875 0.14223585188993831 0.02734375 0.03985812186589688
5 0.3603515625 0.20482109708985582 0.029296875 0.041868076999175274
8 0.361328125 0.266372949656495 0.029296875 0.037961826999175274
6 0.3642578125 0.32700506985641253 0.02734375 0.03985812186589688
10 0.3662109375 0.38956189998969093 0.02734375 0.03985812186589688
1 0.3671875 0.45111375255633007 0.025390625 0.04175441673261859
7 0.3701171875 0.5117458727562476 0.02734375 0.03985812186589688
3 0.3701171875 0.5761989977562476 0.029296875 0.041868076999175274
0 0.3740234375 0.6358829705228043 0.029296875 0.041868076999175274
2 0.3740234375 0.7003360955228043 0.02734375 0.03985812186589688