9 0.5 0.5 1 1
11 0.21374889453125 0.401495533203125 0.202119638671875 0.457311369140625 0.95055498046875 0.680705806640625 0.961743546875 0.6303166171875 0.21374889453125 0.401495533203125
4 0.23200081867121358 0.4371468144957569 0.0623477170439638 0.06684063735728962
5 0.3033940061535668 0.45856651682450444 0.06050834862105359 0.06871417861204665
8 0.3709378219244649 0.4808036141627662 0.05844146704396369 0.06668146986680368
6 0.43733444032972835 0.5000712321284063 0.05844146704396369 0.06668146986680368
10 0.5017779337349917 0.5192592663488035 0.058327710466874017 0.06472834486680368
1 0.5653017429288 0.539384071196579 0.058327710466874017 0.06472834486680368
7 0.6248055455455185 0.5573965835538688 0.056374585466874017 0.0646487611215607
3 0.687239035662237 0.575528471529023 0.058327710466874017 0.06472834486680368
0 0.7467428382789555 0.5935409838863126 0.056374585466874017 0.0646487611215607
2 0.805270078395674 0.6115137043709808 0.05430770388978412 0.06261605237631773