9 0.5 0.5 1 1
11 0.745350529296875 0.8716845234375 0.7429021171875 0.99962152734375 0.795137896484375 0.99962152734375 0.798402447265625 0.843538443359375 0.795137896484375 0.725959078125 0.780446427734375 0.252164185546875 0.72902678515625 0.25093998046875 0.745350529296875 0.8716845234375
2 0.771484375 0.8154296875 0.0546875 0.044921875
0 0.7685546875 0.748046875 0.0546875 0.04296875
3 0.7666015625 0.685546875 0.0546875 0.04296875
7 0.763671875 0.62109375 0.052734375 0.041015625
1 0.76171875 0.5595703125 0.05078125 0.0390625
10 0.759765625 0.5 0.048828125 0.037109375
6 0.7587890625 0.4404296875 0.052734375 0.0390625
8 0.755859375 0.384765625 0.05078125 0.037109375
5 0.755859375 0.328125 0.05078125 0.03515625
4 0.7548828125 0.271484375 0.05078125 0.037109375