9 0.5 0.5 1 1
11 0.472960318359375 0.9876259921875 0.492009919921875 0.986323412109375 0.48175248046875 0.700416005859375 0.467098958984375 0.407344908203125 0.4505887890625 0.087574404296875 0.4275342265625 0.097992064453125 0.472960318359375 0.9876259921875
2 0.47265625 0.79296875 0.015625 0.025390625
0 0.4697265625 0.7236328125 0.015625 0.029296875
3 0.4658203125 0.658203125 0.01953125 0.033203125
7 0.462890625 0.5869140625 0.017578125 0.03515625
1 0.4599609375 0.515625 0.01953125 0.03515625
10 0.4580078125 0.4423828125 0.017578125 0.03515625
6 0.451171875 0.36328125 0.015625 0.0390625
8 0.447265625 0.2880859375 0.017578125 0.0390625
5 0.443359375 0.2060546875 0.01953125 0.037109375
4 0.4384765625 0.119140625 0.017578125 0.0390625