9 0.5 0.5 1 1
11 0.766783068359375 0.5207606640625 0.772156083984375 0.4915674609375 0.01157407421875 0.368799603515625 0.006613755859375 0.4134424609375 0.766783068359375 0.5207606640625
2 0.236328125 0.42578125 0.048828125 0.033203125
0 0.3115234375 0.4375 0.04296875 0.03125
3 0.3798828125 0.4482421875 0.04296875 0.03125
7 0.4453125 0.45703125 0.0390625 0.03125
1 0.50390625 0.4658203125 0.03515625 0.029296875
10 0.5595703125 0.474609375 0.03125 0.029296875
6 0.6123046875 0.482421875 0.03125 0.02734375
8 0.6611328125 0.490234375 0.03125 0.02734375
5 0.7080078125 0.4970703125 0.02734375 0.02734375
4 0.75390625 0.5029296875 0.02734375 0.025390625