9 0.5 0.5 1 1
11 0.233212439453125 0.24101794921875 0.663758087890625 0.19910359765625 0.806007685546875 0.183811880859375 0.79777298828125 0.1126257109375 0.5702760234375 0.14155719921875 0.35788659765625 0.1639332265625 0.10787771875 0.18991880078125 0.007150810546875 0.20477240234375 0.00919227734375 0.26323241015625 0.233212439453125 0.24101794921875
4 0.7743055739539499 0.15015096793304245 0.061253730488629365 0.07719463271063776
5 0.6946366767214314 0.1604719490618375 0.05727927586071546 0.07517332386326192
8 0.616886802174956 0.1698504596143205 0.057211071232802 0.07322019886326192
6 0.5459387628145238 0.17837172939971124 0.05714286660488854 0.07126707386326192
10 0.4730034961401348 0.18588234476141408 0.05714286660488854 0.07126707386326192
1 0.40097658733783237 0.19145688108496084 0.061117321232802 0.07328838271063776
7 0.33386659334948665 0.19809320971772743 0.05512153697697486 0.06927985693957395
3 0.2647693720471841 0.2037188839268061 0.05491692309323426 0.06342048193957395
0 0.19961250305883838 0.2103893044832606 0.05491692309323426 0.06342048193957395
2 0.13543219657049266 0.2170767710015591 0.05101067309323426 0.06335229809219811