9 0.5 0.5 1 1
11 0.700717923828125 0.17583556640625 0.780976521484375 0.562465029296875 0.866636904296875 0.954998263671875 0.933776125 0.949789185546875 0.827279431640625 0.4849424609375 0.758596560546875 0.16541741015625 0.700717923828125 0.17583556640625
4 0.7333984375 0.1904296875 0.05078125 0.03515625
5 0.748046875 0.2568359375 0.0546875 0.037109375
8 0.7626953125 0.3212890625 0.0546875 0.03515625
6 0.7744140625 0.3876953125 0.05078125 0.0390625
10 0.7890625 0.455078125 0.0546875 0.0390625
1 0.8037109375 0.5224609375 0.056640625 0.041015625
7 0.8193359375 0.5927734375 0.05859375 0.04296875
3 0.8349609375 0.6650390625 0.0546875 0.04296875
0 0.8515625 0.7373046875 0.056640625 0.046875
2 0.869140625 0.814453125 0.060546875 0.046875