9 0.5 0.5 1 1
11 0.53551984375 0 0.543355861328125 0.028324037109375 0.55817996484375 0.08828037890625 0.55980905859375 0.088605921875 0.564953412109375 0.1114608828125 0.56591487890625 0.117616197265625 0.581697400390625 0.174448564453125 0.58959351171875 0.20249763671875 0.60462680078125 0.26097235546875 0.6610936328125 0.47019276171875 0.704587310546875 0.627232982421875 0.759342369140625 0.82653167578125 0.761755361328125 0.827670060546875 0.80640403125 0.81509873046875 0.808335724609375 0.813544705078125 0.808548279296875 0.81130462109375 0.790307560546875 0.746202029296875 0.78756346875 0.74412721484375 0.778231689453125 0.711890236328125 0.779921921875 0.710530591796875 0.7641650625 0.650325515625 0.761120890625 0.64550883203125 0.7596436171875 0.644243529296875 0.750522125 0.61323256640625 0.752332599609375 0.612738423828125 0.73542782421875 0.5498817578125 0.732321458984375 0.5482909140625 0.7244957734375 0.5197500546875 0.725794015625 0.517983830078125 0.7087988515625 0.457854990234375 0.706537357421875 0.456162029296875 0.69847020703125 0.42781555078125 0.69946593359375 0.42754378125 0.683708751953125 0.3677238828125 0.6818696953125 0.36578714453125 0.674163767578125 0.33849734765625 0.67510046484375 0.336059619140625 0.658644220703125 0.276151013671875 0.65674419140625 0.275129236328125 0.64952045703125 0.248606150390625 0.650427111328125 0.246048486328125 0.634880607421875 0.18899998828125 0.633222119140625 0.1877841484375 0.625787693359375 0.16080533984375 0.62663451171875 0.1572368671875 0.610355703125 0.09880960546875 0.608907421875 0.099204896484375 0.602346853515625 0.073784560546875 0.603131564453125 0.07305681640625 0.58837680078125 0.017625421875 0.5863871328125 0.01547283203125 0.58233391796875 0 0.53551984375 0
0 0.572244862335829 0.04977973883455192 0.056214579093014416 0.07040222199300206
3 0.5944291398118775 0.1363383731702179 0.05621457909301464 0.07040222199300206
7 0.6187200807037944 0.22567869604318008 0.056214579093014416 0.07040222199300206
1 0.642908662651799 0.3130658939161423 0.056214579093014416 0.07040222199300206
10 0.6692550874876281 0.4042113428264007 0.056214579093014416 0.07040222199300206
6 0.6926718248234571 0.4955787901807148 0.05621457909301464 0.07040222199300206
8 0.7190694291312422 0.5877008015909733 0.05827006303692661 0.07250334595570584
5 0.7467506727707638 0.6856081885198798 0.06032554698083903 0.07460446991840963
4 0.773711251270066 0.7884723874301381 0.062381030924751 0.07670559388111342