9 0.5 0.5 1 1
11 0.9130492734375 0.384150296875 0.908457009765625 0.375883927734375 0.906313822265625 0.36945461328125 0.711287037109375 0.454874255859375 0.457005291015625 0.565892609375 0.18859722265625 0.6842450390625 0.1879847890625 0.686770833984375 0.2026805546875 0.7117998515625 0.20574239453125 0.71271825390625 0.405973875 0.62523189453125 0.56771428515625 0.554002728515625 0.735020833984375 0.481138640625 0.925908068359375 0.397927828125 0.920090939453125 0.392187251953125 0.9130492734375 0.384150296875
2 0.705078125 0.4755859375 0.02734375 0.0234375
0 0.6494140625 0.5009765625 0.029296875 0.0234375
3 0.59375 0.5244140625 0.025390625 0.025390625
7 0.5390625 0.548828125 0.02734375 0.025390625
1 0.486328125 0.5712890625 0.02734375 0.025390625
10 0.431640625 0.595703125 0.02734375 0.0234375
6 0.3779296875 0.619140625 0.02734375 0.0234375
8 0.3232421875 0.642578125 0.03125 0.0234375
5 0.2705078125 0.666015625 0.02734375 0.0234375
4 0.21484375 0.69140625 0.02734375 0.0234375