9 0.5 0.5 1 1
11 0.20255255078125 0.4165669140625 0.062507134765625 0.3897206484375 0.0582735859375 0.41737894921875 0.204356041015625 0.4471416015625 0.452786720703125 0.49290776953125 0.590521943359375 0.5202121484375 0.738484779296875 0.548130150390625 0.881207052734375 0.573566125 0.887424240234375 0.5385384140625 0.669632798828125 0.500877873046875 0.391806296875 0.45196941796875 0.20255255078125 0.4165669140625
2 0.2255597899427299 0.4352982760965977 0.03356675167090889 0.033183861810526794
0 0.28795751994153673 0.4477275490634717 0.03944885333784076 0.03547825654179615
3 0.35428422660727543 0.45843121018452526 0.03944885333784076 0.03547825654179615
7 0.42252996827261646 0.4721783153826687 0.043377830004772466 0.03765889469597583
1 0.4888453116048892 0.4838585390037223 0.03944885333784076 0.03547825654179626
10 0.5571024166036961 0.49662908170186565 0.04730680667170439 0.0398395328501554
6 0.629265771602503 0.5096271375541886 0.04730680667170439 0.03983953285015551
8 0.7014291266013097 0.5226251934065117 0.05121305667170439 0.04006704600433508
5 0.7784980207670484 0.5339545157015593 0.05511930667170439 0.040294559158514875
4 0.8565093874323895 0.5482704037851517 0.05511930667170439 0.04029455915851465