9 0.5 0.5 1 1
11 0.5804657734375 0.725228173828125 0.54420560546875 0.15305787109375 0.516406001953125 0.1631299609375 0.536047123046875 0.495112763671875 0.550551091796875 0.731239087890625 0.56777480078125 1 0.600106646484375 0.99959722265625 0.5804657734375 0.725228173828125
2 0.5634765625 0.703125 0.02734375 0.0390625
0 0.5595703125 0.6396484375 0.02734375 0.0390625
3 0.5546875 0.5771484375 0.02734375 0.0390625
7 0.5517578125 0.5166015625 0.02734375 0.03515625
1 0.5478515625 0.4580078125 0.02734375 0.03515625
10 0.544921875 0.400390625 0.02734375 0.03125
6 0.541015625 0.34375 0.02734375 0.033203125
8 0.5380859375 0.2880859375 0.02734375 0.033203125
5 0.5341796875 0.232421875 0.02734375 0.03125
4 0.53125 0.1767578125 0.025390625 0.03125