9 0.5 0.5 1 1
11 0.71672619140625 0.0841058203125 0.677853421875 0.083554564453125 0.661725447265625 0.999448744140625 0.702665673828125 0.99889715625 0.71672619140625 0.0841058203125
2 0.685546875 0.8232421875 0.0390625 0.0546875
0 0.685546875 0.740234375 0.037109375 0.052734375
3 0.6865234375 0.6591796875 0.0390625 0.05078125
7 0.6875 0.576171875 0.0390625 0.048828125
1 0.689453125 0.501953125 0.0390625 0.046875
10 0.6904296875 0.4208984375 0.037109375 0.046875
6 0.6923828125 0.34375 0.0390625 0.048828125
8 0.693359375 0.267578125 0.037109375 0.05078125
5 0.6953125 0.1884765625 0.037109375 0.048828125
4 0.697265625 0.1103515625 0.037109375 0.048828125