9 0.5 0.5 1 1
11 0.180498263671875 0.335306841796875 0.188132841796875 0.368619376953125 0.692030548828125 0.31858893359375 0.9759886015625 0.28854165234375 0.972812216796875 0.256560392578125 0.180498263671875 0.335306841796875
2 0.7860208716374955 0.2929895590237862 0.04323560944055682 0.0328852772149304
0 0.7225443091374955 0.29854303864213094 0.04533673340326061 0.03500927851087954
3 0.6601183086188473 0.3049876426125012 0.04338360840326061 0.03483840221493051
7 0.5957391831001992 0.3116031228788205 0.04338360840326061 0.0348384022149304
1 0.5323366200815511 0.3181331649971653 0.04338360840326061 0.03483840221493051
10 0.4689340570629031 0.3246632071155101 0.0453367334032605 0.03500927851087954
6 0.4044809320629031 0.3303021248818294 0.0433836084032605 0.0348384022149304
8 0.340101806544255 0.3369176051481487 0.0453367334032605 0.03500927851087954
5 0.2745981195629031 0.3416653985624426 0.0433836084032605 0.03483840221493051
4 0.20833986852560687 0.349428317624711 0.0453367334032605 0.03500927851087954