9 0.5 0.5 1 1
11 0.675405423828125 0.315801091796875 0.821880291015625 0.32251215234375 0.831645171875 0.297498263671875 0.7641038359375 0.296278025390625 0.687937169921875 0.293532490234375 0.485526455078125 0.285906498046875 0.364189484375 0.2798055546875 0.199405423828125 0.270654017578125 0.10826554296875 0.26272271875 0.099314484375 0.28255084375 0.224859126953125 0.2923125 0.341120701171875 0.299328373046875 0.4670856484375 0.30603943359375 0.539102513671875 0.310005208984375 0.675405423828125 0.315801091796875
2 0.21875 0.279296875 0.01953125 0.015625
0 0.271484375 0.2841796875 0.017578125 0.01953125
3 0.3271484375 0.2841796875 0.01953125 0.01953125
7 0.38671875 0.2880859375 0.01953125 0.021484375
1 0.4462890625 0.2919921875 0.025390625 0.01953125
10 0.51171875 0.296875 0.02734375 0.021484375
6 0.578125 0.298828125 0.029296875 0.0234375
8 0.646484375 0.30078125 0.033203125 0.025390625
5 0.720703125 0.3046875 0.0390625 0.025390625
6 0.7998046875 0.3076171875 0.044921875 0.02734375