9 0.5 0.5 1 1
11 0.03604497265625 0.205109126953125 0.03604497265625 0.252232142578125 0.978505291015625 0.263392857421875 0.98015873046875 0.219990080078125 0.03604497265625 0.205109126953125
2 0.8720703125 0.23828125 0.0546875 0.04296875
0 0.7861328125 0.23828125 0.0546875 0.04296875
3 0.7021484375 0.2373046875 0.056640625 0.04296875
7 0.61328125 0.2373046875 0.0546875 0.046875
1 0.5263671875 0.2373046875 0.056640625 0.046875
10 0.4365234375 0.2353515625 0.056640625 0.046875
6 0.34765625 0.234375 0.05859375 0.046875
8 0.2578125 0.2333984375 0.05859375 0.046875
5 0.166015625 0.2314453125 0.05859375 0.048828125
4 0.0703125 0.23046875 0.060546875 0.046875