9 0.5 0.5 1 1
11 0.22633102734375 0.2804175 0.81419403515625 0.200122427734375 0.948022619140625 0.186339287109375 0.943062974609375 0.138912162109375 0.811858982421875 0.150387962890625 0.2226234453125 0.231488974609375 0.22633102734375 0.2804175
4 0.24593964448421435 0.25220172390340223 0.04179265785015551 0.04915013154179615
5 0.3092455721185796 0.24557494764798338 0.0419064144272453 0.05110325654179626
8 0.36945117738731015 0.23618911875819926 0.04374578285015551 0.049263888118886046
6 0.42971366094458563 0.22777985236841508 0.04179265785015551 0.04915013154179626
10 0.4900899010789509 0.22132371097863096 0.04179265785015551 0.04915013154179626
1 0.5483992596362264 0.2130282011659366 0.04179265785015529 0.049150131541796205
7 0.6086048649049569 0.20364237227615245 0.04179265785015529 0.04915013154179626
3 0.6698439109622325 0.19517622759782338 0.04179265785015529 0.04915013154179626
0 0.7301632728080528 0.18774352370803926 0.03788640785015551 0.04892261838761658
2 0.7914023188653283 0.1792773790297102 0.03961201969597594 0.045130124964706364