9 0.5 0.5 1 1
11 0.22790866796875 1 0.314688435546875 0.09845662109375 0.270814126953125 0.091272001953125 0.187668712890625 0.9956968984375 0.218387232421875 1 0.22790866796875 1
2 0.2145765760381069 0.9090355094515488 0.04410523722439241 0.05183279270069763
0 0.22229979008611045 0.8293671118652803 0.04415069671336813 0.05378591770069763
3 0.2319988588786018 0.748858727583589 0.044150696713368076 0.05378591770069763
7 0.23985845139353246 0.6633309549973205 0.04419615620234374 0.05573904270069763
1 0.24862641717499953 0.5808011578133405 0.044196156202343795 0.05573904270069763
10 0.2564860096899302 0.49527338522707215 0.04419615620234385 0.05573904270069774
6 0.26441379143832433 0.4068159251408036 0.04619474069131946 0.05782874350527489
8 0.27334086543120634 0.3174501904568237 0.04428707518029518 0.05964529270069774
5 0.2813822959020398 0.22410991787055523 0.04624020018029518 0.05978186850527489
4 0.2895146453508246 0.12686339528428675 0.04419615620234385 0.05573904270069774