9 0.5 0.5 1 1
11 0.40747407421875 0.006029123046875 0.3622285390625 0.008597986328125 0.376300828125 0.96959013671875 0.42380233984375 0.9748366328125 0.418163140625 0.734362029296875 0.40747407421875 0.006029123046875
2 0.39726834611480477 0.8709425167429277 0.05088018198597277 0.0638639231986804
0 0.3962685475729072 0.7790035664097318 0.05466127004891119 0.06202445846523719
3 0.3951435870939479 0.6851114910765359 0.05088018198597277 0.0638639231986804
7 0.39401862661498865 0.59121941574334 0.05075502004891119 0.061910798198680395
1 0.3940579715416218 0.500228612843505 0.05283330698597277 0.06392075333195879
10 0.39226935340531666 0.41124776507694827 0.05258298311184961 0.06001450333195879
6 0.39023041139488823 0.3183606673103916 0.05295846892303446 0.06587387833195879
8 0.3883166313215215 0.2274266945438349 0.052708145048911303 0.06196762833195879
5 0.38621510834256223 0.13356303427727817 0.05088018198597277 0.06386392319868045
4 0.3852153098006646 0.0416240839440823 0.051130505860096154 0.06777017319868044