9 0.5 0.5 1 1
11 0.379415255859375 0.12295665234375 0.3293345625 0.1356750234375 0.37278199609375 0.8112410703125 0.4246064765625 0.802178732421875 0.379415255859375 0.12295665234375
2 0.39062925783183117 0.6930709989869283 0.057144114653892575 0.04878472958157998
0 0.38711998600897735 0.6298331526846257 0.05919959859780477 0.05080605920949344
3 0.38448491774221133 0.5685143290683664 0.061255082541716965 0.05282738883740712
7 0.3799479039474014 0.5062871475800207 0.05919959859780477 0.05080605920949344
1 0.3771592972647671 0.4478980114637614 0.057144114653892575 0.04878472958157998
10 0.3734453075540889 0.3885664151614589 0.057144114653892575 0.04878472958157998
6 0.3688059348153668 0.3282923586731132 0.05919959859780477 0.05080605920949355
8 0.36406420313273247 0.26997142718476747 0.05919959859780477 0.05080605920949355
5 0.35942483039401035 0.20969737069642175 0.05704175570998038 0.04683160458157998
4 0.35576202015528824 0.14938921189411924 0.05704175570998038 0.04683160458157998