9 0.5 0.5 1 1
11 0.69529985546875 0.742673919921875 0.726250916015625 0.72027812890625 0.258979158203125 0.3447921171875 0.231134447265625 0.365185029296875 0.69529985546875 0.742673919921875
2 0.33638688545721995 0.4278251985128586 0.03407854619767292 0.023030835400999483
0 0.37222292053333206 0.45734680159409447 0.03603167119767292 0.0231218036598817
3 0.4109090593642013 0.4886850772870069 0.03407854619767292 0.023030835400999483
7 0.44959519819507043 0.5200233529799192 0.03399896245242995 0.021077710400999372
1 0.4882813370259397 0.5513616286728318 0.038064379942915894 0.02516589691876403
10 0.5278644546115658 0.5846075452363029 0.03603167119767292 0.023121803659881923
6 0.5684639265698135 0.6168314151703331 0.03407854619767292 0.023030835400999372
8 0.6100001691554398 0.6499863634749219 0.034237713688158866 0.026937085400999372
5 0.6533701611232015 0.6859800310206285 0.038064379942915894 0.02516589691876403
4 0.6977167155909632 0.7219282144368939 0.03407854619767292 0.023030835400999372