9 0.5 0.5 1 1
11 0.184882771484375 0.520284021484375 0.202070810546875 0.978437263671875 0.26883821484375 0.980785591796875 0.260520513671875 0.8288170625 0.252662408203125 0.605491712890625 0.2394445625 0.339452564453125 0.227452177734375 0.07761519140625 0.17154101953125 0.0723130234375 0.184882771484375 0.520284021484375
2 0.2061322498965931 0.29589661494025055 0.061330989244822276 0.04844832888978412
0 0.20922745434013856 0.36144005901734033 0.06328411424482228 0.048562085466874017
3 0.21233970474552802 0.42796006559443023 0.06335229809219811 0.052468335466874017
7 0.21452653053644935 0.4973528813829751 0.06530542309219811 0.0525820920439638
1 0.2176899188273707 0.566802575460065 0.06725854809219811 0.052695848621053365
10 0.22093853692751184 0.6411350820371546 0.0652713311685102 0.05062896704396369
6 0.22221698406580903 0.7143772695371546 0.06921167309219811 0.05280960519814348
8 0.2254996940896381 0.7906629011142445 0.06729264001588608 0.05464897362105359
5 0.22883354199899908 0.8698782201913343 0.06725854809219811 0.05269584862105359
4 0.2322355737557359 0.9529997892684241 0.06921167309219811 0.05280960519814348