9 0.5 0.5 1 1
11 0.286490478515625 0.49349298046875 0.278777611328125 0.117543078125 0.253521806640625 0.121431353515625 0.257556296875 0.277453349609375 0.2621888125 0.935805068359375 0.290018326171875 0.93704694921875 0.286490478515625 0.49349298046875
2 0.27339546612276744 0.6390860074395462 0.03264495113790655 0.041868076999175274
0 0.27243903411295073 0.5794020346729896 0.030532393940863378 0.03985812186589688
3 0.27164203430017725 0.5216711869064329 0.030532393940863378 0.03985812186589688
7 0.27092475058592536 0.4649169016398762 0.030532393940863378 0.03985812186589688
1 0.27126374547019505 0.4091107638066803 0.030372961743820204 0.03790499686589688
10 0.2707058939529863 0.35430960354012364 0.02826040454677714 0.03589504173261848
6 0.26909176383725597 0.29856029584020605 0.028100972349733855 0.03394191673261848
8 0.26861362841856884 0.24473569807364937 0.028100972349733855 0.03394191673261859
5 0.2671589304998817 0.19093951537373183 0.028100972349733855 0.03394191673261859
4 0.2666807950811945 0.13711491760717515 0.02794154015269068 0.03198879173261854