9 0.5 0.5 1 1
11 0.43038516796875 0.857428240234375 0.45902976171875 0.865066798828125 0.623736111328125 0.105030091796875 0.582917658203125 0.103120701171875 0.43038516796875 0.857428240234375
2 0.556640625 0.3291015625 0.02734375 0.044921875
0 0.5419921875 0.3984375 0.029296875 0.041015625
3 0.5283203125 0.46484375 0.029296875 0.0390625
7 0.5146484375 0.5283203125 0.02734375 0.03515625
1 0.5029296875 0.5869140625 0.02734375 0.03515625
10 0.490234375 0.642578125 0.02734375 0.03125
6 0.4794921875 0.697265625 0.02734375 0.03125
8 0.46875 0.748046875 0.02734375 0.03125
5 0.458984375 0.7958984375 0.02734375 0.029296875
4 0.4482421875 0.8447265625 0.0234375 0.02734375