9 0.5 0.5 1 1
11 0.873908068359375 0.133844990234375 0.581803240234375 0.4023251484375 0.2121319453125 0.744740080078125 0.24748544921875 0.763812251953125 0.913108134765625 0.16010540625 0.873908068359375 0.133844990234375
4 0.2431640625 0.7421875 0.03125 0.025390625
5 0.2841796875 0.7041015625 0.03515625 0.0234375
8 0.3251953125 0.6669921875 0.03515625 0.0234375
6 0.3662109375 0.6298828125 0.03515625 0.021484375
10 0.4091796875 0.58984375 0.0390625 0.01953125
1 0.4521484375 0.55078125 0.037109375 0.021484375
7 0.49609375 0.5107421875 0.03515625 0.02734375
3 0.5419921875 0.46875 0.0390625 0.0234375
0 0.5888671875 0.42578125 0.0390625 0.0234375
2 0.6376953125 0.380859375 0.0390625 0.0234375