9 0.5 0.5 1 1
11 0.274771826171875 0.4195342265625 0.00040277734375 0.399893353515625 0 0.43222519921875 0.268760912109375 0.449448908203125 0.504887236328125 0.463952876953125 0.8368700390625 0.483593998046875 0.84694212890625 0.45579439453125 0.274771826171875 0.4195342265625
2 0.296875 0.4365234375 0.0390625 0.02734375
0 0.3603515625 0.4404296875 0.0390625 0.02734375
3 0.4228515625 0.4453125 0.0390625 0.02734375
7 0.4833984375 0.4482421875 0.03515625 0.02734375
1 0.5419921875 0.4521484375 0.03515625 0.02734375
10 0.599609375 0.455078125 0.03125 0.02734375
6 0.65625 0.458984375 0.033203125 0.02734375
8 0.7119140625 0.4619140625 0.033203125 0.02734375
5 0.767578125 0.4658203125 0.03125 0.02734375
4 0.8232421875 0.46875 0.03125 0.025390625