9 0.5 0.5 1 1
11 1 0.62977480078125 0.97674140234375 0.591755705078125 0.5359586640625 0.525110615234375 0.13459623046875 0.466069197265625 0.124458001953125 0.498273560546875 0.58492096484375 0.5671552578125 1 0.62977480078125
2 0.7744140625 0.578125 0.041015625 0.029296875
0 0.7021484375 0.5673828125 0.04296875 0.02734375
3 0.6328125 0.556640625 0.04296875 0.02734375
7 0.5615234375 0.5458984375 0.04296875 0.02734375
1 0.4931640625 0.5361328125 0.04296875 0.02734375
10 0.42578125 0.525390625 0.0390625 0.02734375
6 0.3564453125 0.515625 0.04296875 0.02734375
8 0.2900390625 0.505859375 0.04296875 0.02734375
5 0.2236328125 0.49609375 0.0390625 0.02734375
4 0.1533203125 0.4853515625 0.04296875 0.02734375