9 0.5 0.5 1 1
11 0.21296186328125 0.78987645703125 0.211314232421875 0.792658744140625 0.231480181640625 0.821994580078125 0.236550060546875 0.821113662109375 0.95217109765625 0.503314154296875 0.94553668359375 0.497188375 0.93881766015625 0.48980087109375 0.93456507421875 0.48206885546875 0.932592509765625 0.475362466796875 0.21296186328125 0.78987645703125
2 0.7596105002068139 0.568359375 0.03159091923687929 0.01953125
0 0.7045138971225587 0.591796875 0.03549716923687929 0.01953125
3 0.6503768105764597 0.6162109375 0.03354404423687929 0.01953125
7 0.5962567699922046 0.6396484375 0.03940341923687929 0.01953125
1 0.5401665584461055 0.6640625 0.03553126116056715 0.021484375
10 0.4830656924763185 0.6904296875 0.03745029423687929 0.01953125
6 0.4250223559302195 0.71484375 0.037518478084255125 0.0234375
8 0.36891509842227643 0.740234375 0.037518478084255125 0.0234375
5 0.3078909364906455 0.767578125 0.03940341923687929 0.01953125
4 0.2448795576353266 0.796875 0.04330966923687929 0.01953125