9 0.5 0.5 1 1
11 0.39658258984375 0.429133267578125 0.459779017578125 0.524854166015625 0.541719990234375 0.64914880859375 0.63740575390625 0.796302248046875 0.7553993046875 0.971707671875 0.788604166015625 0.929561837890625 0.523510912109375 0.549141865234375 0.4485322421875 0.438419642578125 0.37569568359375 0.33055489453125 0.317855158203125 0.249120701171875 0.301252728515625 0.286265873046875 0.39658258984375 0.429133267578125
2 0.67578125 0.8134765625 0.02734375 0.037109375
0 0.6259765625 0.7392578125 0.02734375 0.041015625
3 0.5791015625 0.6689453125 0.02734375 0.0390625
7 0.533203125 0.6015625 0.02734375 0.0390625
1 0.4931640625 0.5419921875 0.0234375 0.037109375
10 0.4560546875 0.4853515625 0.0234375 0.03515625
6 0.419921875 0.4306640625 0.0234375 0.033203125
8 0.384765625 0.3818359375 0.0234375 0.03515625
5 0.3525390625 0.33203125 0.01953125 0.03515625
4 0.3203125 0.2841796875 0.017578125 0.033203125