9 0.5 0.5 1 1
11 0.724063615234375 0.808866173828125 0.747737705078125 0.771341015625 0.56498361328125 0.543639759765625 0.17231005078125 0.053040259765625 0.135364064453125 0.090299076171875 0.724063615234375 0.808866173828125
2 0.2867742654726597 0.235090469405567 0.03479436873179376 0.05720348236596429
0 0.3415679111411133 0.3028590018239766 0.03479436873179387 0.05720348236596429
3 0.39443684687620606 0.36950297277968247 0.03468070846523719 0.053297232365964176
7 0.4464712954444947 0.4311901317540364 0.030774458465237187 0.0530012344405566
1 0.49267478407942245 0.491456731340279 0.030831288598515583 0.0549543594405566
10 0.5418363752809895 0.5509687668705774 0.032613923198680395 0.04924298340326061
6 0.5872053767491132 0.6062785544754681 0.026981868731793757 0.056611486515149245
8 0.6325459631505976 0.6625649045803588 0.02681137833195879 0.050752111515149245
5 0.6779433796853604 0.7168981296852495 0.030660798198680617 0.04909498444055682
4 0.7213876712201234 0.7710833558274364 0.028707673198680395 0.04894698547785303