9 0.5 0.5 1 1
11 1 0.551430203125 0.336154767578125 0.811691669921875 0.346686310546875 0.861524587890625 1 0.610864619140625 1 0.551430203125
2 0.843698679436602 0.639663736754154 0.04659844617478792 0.059896602179483116
0 0.7872705303386878 0.6625843936539155 0.0465984461747877 0.059896602179483116
3 0.7305920573666501 0.681598800553677 0.04659844617478792 0.05989660217948334
7 0.677031014800205 0.7033208965093829 0.04659844617478792 0.05989660217948334
1 0.623407391265229 0.7240664299650887 0.04659844617478792 0.05989660217948334
10 0.5698463486987839 0.7457885259207946 0.0465984461747877 0.05989660217948334
6 0.5161601441952771 0.7655574968765004 0.04842640923772623 0.058091476142187126
8 0.4654662081603011 0.7860810318881506 0.04842640923772623 0.058091476142187126
5 0.4119051655938559 0.8078031278438564 0.04634812230066454 0.05599035217948334
4 0.3593206855274108 0.8294512243182104 0.04647328423772623 0.05794347717948334