9 0.5 0.5 1 1
11 0.80810390625 1 0.57398625390625 0.24178975390625 0.530347923828125 0.24226319921875 0.527111515625 0.2461057734375 0.525279080078125 0.2537640625 0.544091546875 0.32576016015625 0.60133741015625 0.518035982421875 0.74555801171875 1 0.80810390625 1
2 0.7201096472555892 0.8198725786498726 0.05302981167008758 0.05416062230066476
0 0.6970925763630216 0.7461050104051328 0.04910083577238855 0.05000404842654138
3 0.6769881485471796 0.6754548725659855 0.049078109874689524 0.04609779842654138
7 0.6568609948336386 0.6087109847268382 0.0490667469258399 0.04414467342654138
1 0.6367111152223985 0.5458733468876908 0.04513777102814087 0.039988099552418
10 0.6185029976623089 0.4851139959856051 0.04904402102814087 0.04023842342654138
6 0.6002835171533698 0.4263077700835195 0.047102258976990274 0.04206638648947969
8 0.5859475607467317 0.37165811805555704 0.045115045130441844 0.036081849552418
5 0.569669842288943 0.314930179090533 0.04707953307929147 0.03816013648947969
4 0.5553338858823049 0.26028052706257065 0.045115045130441844 0.036081849552418