9 0.5 0.5 1 1
11 0.979931216796875 0.2153368046875 0.07346527734375 0.694982638671875 0.11602976171875 0.740693205078125 0.997166998046875 0.26108978125 0.9996693125 0.235374255859375 0.979931216796875 0.2153368046875
4 0.123046875 0.69921875 0.05859375 0.03515625
5 0.2216796875 0.6494140625 0.05859375 0.0390625
8 0.3134765625 0.5986328125 0.05859375 0.033203125
6 0.3994140625 0.552734375 0.0546875 0.033203125
10 0.482421875 0.5087890625 0.0546875 0.03125
1 0.5615234375 0.466796875 0.0546875 0.029296875
7 0.6376953125 0.4248046875 0.05078125 0.03125
3 0.7138671875 0.384765625 0.05078125 0.02734375
0 0.7841796875 0.34765625 0.05078125 0.02734375
2 0.8525390625 0.310546875 0.046875 0.025390625