9 0.5 0.5 1 1
11 0 0.694256201171875 0.6713882265625 0.534925099609375 0.74159722265625 0.5175615078125 0.73569212890625 0.49046130859375 0 0.647131697265625 0 0.694256201171875
2 0.2353515625 0.6181640625 0.048828125 0.03125
0 0.3095703125 0.6015625 0.04296875 0.03125
3 0.3779296875 0.5859375 0.03515625 0.03125
7 0.4384765625 0.572265625 0.03515625 0.02734375
1 0.494140625 0.5595703125 0.033203125 0.02734375
10 0.5458984375 0.5478515625 0.029296875 0.02734375
6 0.595703125 0.5361328125 0.029296875 0.025390625
8 0.6416015625 0.5263671875 0.02734375 0.02734375
5 0.6845703125 0.5166015625 0.0234375 0.0234375
4 0.7255859375 0.5078125 0.01953125 0.0234375