9 0.5 0.5 1 1
11 0.96395502734375 0.252232142578125 0.96395502734375 0.205109126953125 0.01984126953125 0.219990080078125 0.021494708984375 0.263392857421875 0.96395502734375 0.252232142578125
2 0.1279296875 0.23828125 0.0546875 0.04296875
0 0.2138671875 0.23828125 0.0546875 0.04296875
3 0.2978515625 0.2373046875 0.056640625 0.04296875
7 0.38671875 0.2373046875 0.0546875 0.046875
1 0.4736328125 0.2373046875 0.056640625 0.046875
10 0.5634765625 0.2353515625 0.056640625 0.046875
6 0.65234375 0.234375 0.05859375 0.046875
8 0.7421875 0.2333984375 0.05859375 0.046875
5 0.833984375 0.2314453125 0.05859375 0.048828125
4 0.9296875 0.23046875 0.060546875 0.046875