9 0.5 0.5 1 1
11 0.11408730078125 0.59854497265625 0.12028769921875 0.654761904296875 0.970982142578125 0.333994708984375 0.94990079296875 0.256283068359375 0.11408730078125 0.59854497265625
2 0.7490234375 0.3779296875 0.05078125 0.0625
0 0.662109375 0.412109375 0.046875 0.05859375
3 0.580078125 0.443359375 0.041015625 0.05859375
7 0.505859375 0.4736328125 0.037109375 0.05859375
1 0.4365234375 0.501953125 0.037109375 0.0546875
10 0.3701171875 0.5283203125 0.03515625 0.0546875
6 0.306640625 0.552734375 0.03515625 0.052734375
8 0.2470703125 0.576171875 0.03125 0.05078125
5 0.189453125 0.5986328125 0.02734375 0.052734375
4 0.134765625 0.6201171875 0.03125 0.048828125