9 0.5 0.5 1 1
11 0.029248015625 0.616875248046875 0.028292658203125 0.621173859375 0.03020304296875 0.62547222265625 0.0499444453125 0.6605771328125 0.056631283203125 0.6605771328125 0.999681546875 0.386262896484375 1 0.32847123046875 0.029248015625 0.616875248046875
2 0.9130859375 0.3828125 0.052734375 0.041015625
0 0.8037109375 0.4150390625 0.048828125 0.04296875
3 0.7060546875 0.443359375 0.046875 0.041015625
7 0.6064453125 0.4736328125 0.046875 0.041015625
1 0.515625 0.5009765625 0.04296875 0.0390625
10 0.4228515625 0.52734375 0.05078125 0.03515625
6 0.33203125 0.5546875 0.046875 0.0390625
8 0.2451171875 0.5810546875 0.046875 0.03515625
5 0.1533203125 0.60546875 0.044921875 0.037109375
4 0.0703125 0.6318359375 0.04296875 0.0390625