9 0.5 0.5 1 1
11 0.4606723828125 0.579794873046875 0.912016837890625 0.505540123046875 0.8983488671875 0.473447212890625 0.504824025390625 0.53717184765625 0.072848330078125 0.60896048828125 0.053871416015625 0.647257998046875 0.4606723828125 0.579794873046875
2 0.2730633127738378 0.5932093852101564 0.0453367334032605 0.03225010875746537
0 0.3442929450349113 0.5812195113022571 0.04518873444055671 0.030296983757465146
3 0.41169032677733675 0.5701152809164065 0.04518873444055671 0.030296983757465146
7 0.4819433965384103 0.5581026772640194 0.04518873444055671 0.030296983757465146
1 0.5484382152621876 0.547952279633681 0.04518873444055682 0.030296983757465368
10 0.6147850350232611 0.5358487570033424 0.04128248444055682 0.03020606477951393
6 0.6822564162470384 0.5257210891174919 0.04518873444055682 0.030296983757465146
8 0.747700672989464 0.5145713992426655 0.04518873444055682 0.030296983757465368
5 0.8132189292132412 0.5043982718678391 0.04128248444055682 0.03020606477951393
4 0.8815928734556666 0.4933167712264764 0.04518873444055682 0.030296983757465257