9 0.5 0.5 1 1
11 1 0.382020337890625 0.043126654296875 0.295429068359375 0.0355806875 0.3401396328125 0.7607893515625 0.40579042578125 1 0.429560515625 1 0.382020337890625
2 0.8994140625 0.3955078125 0.056640625 0.0390625
0 0.8076171875 0.3876953125 0.0546875 0.04296875
3 0.7138671875 0.37890625 0.05859375 0.0390625
7 0.62109375 0.37109375 0.0546875 0.0390625
1 0.5302734375 0.3642578125 0.056640625 0.041015625
10 0.44140625 0.35546875 0.052734375 0.041015625
6 0.3486328125 0.3466796875 0.05859375 0.041015625
8 0.2587890625 0.337890625 0.0546875 0.041015625
5 0.1650390625 0.3291015625 0.05859375 0.0390625
4 0.0732421875 0.3203125 0.0625 0.0390625