9 0.5 0.5 1 1
11 0.285879625 0.5061376796875 0.234101123046875 0.134467310546875 0.195306552734375 0.13460085546875 0.225480439453125 0.360364283203125 0.264830830078125 0.656905166015625 0.30787005859375 0.98593169140625 0.347373875 0.984091771484375 0.32388894140625 0.807324484375 0.285879625 0.5061376796875
2 0.30973264928918787 0.8529964516143578 0.04525140051663623 0.058732894954293347
0 0.3004947503096317 0.7762573712793283 0.04525140051663623 0.058732894954293347
3 0.2902689258812261 0.6976106500737398 0.04525140051663623 0.058732894954293347
7 0.28102534542724517 0.6198950072387104 0.04525140051663612 0.058732894954293347
1 0.27082792837096337 0.5461310985331219 0.04525140051663612 0.058732894954293347
10 0.26159002939140724 0.4693920181980924 0.04525140051663612 0.058732894954293347
6 0.24941676143742633 0.39181282775138626 0.045251400516636175 0.058732894954293347
8 0.23823141893229496 0.31614127817523907 0.045251400516636175 0.058732894954293347
5 0.22997008245273884 0.23935671371076836 0.045251400516636175 0.0587328949542934
4 0.21876201404990842 0.15977891413462111 0.04525140051663612 0.0587328949542934