9 0.5 0.5 1 1
11 0.157407765625 0.953773232421875 0.192683828125 0.95883804296875 0.247640126953125 0.53641931640625 0.29834775390625 0.120913708984375 0.261167728515625 0.110495765625 0.157407765625 0.953773232421875
2 0.19921875 0.7650958941957855 0.0390625 0.04592872925407576
0 0.208984375 0.6984530765093044 0.037109375 0.04578073029137175
3 0.216796875 0.6336153848601196 0.037109375 0.04578073029137175
7 0.2255859375 0.5659220051922866 0.041015625 0.04998297821677955
1 0.2333984375 0.4991311885431017 0.0390625 0.04788185425407554
10 0.2431640625 0.4295586833566206 0.041015625 0.04607672821677933
6 0.2509765625 0.35983817920743577 0.037109375 0.04968698029137175
8 0.2587890625 0.2881645500582508 0.0390625 0.04788185425407554
5 0.267578125 0.21558835789041786 0.041015625 0.05193610321677938
4 0.2763671875 0.13910591572258488 0.0390625 0.053741229254075595