9 0.5 0.5 1 1
11 0.91104497265625 0.102926587890625 0.849867724609375 0.1016865078125 0.7738095234375 0.97346230078125 0.821759259765625 0.97346230078125 0.91104497265625 0.102926587890625
2 0.8232421875 0.7109375 0.05078125 0.0390625
0 0.828125 0.6513671875 0.05078125 0.0390625
3 0.833984375 0.5908203125 0.0546875 0.041015625
7 0.8388671875 0.5283203125 0.0546875 0.04296875
1 0.8447265625 0.46484375 0.0546875 0.04296875
10 0.8505859375 0.400390625 0.0546875 0.04296875
6 0.857421875 0.333984375 0.0546875 0.04296875
8 0.865234375 0.267578125 0.0546875 0.044921875
5 0.8720703125 0.1982421875 0.052734375 0.046875
4 0.8779296875 0.1259765625 0.0546875 0.046875