9 0.5 0.5 1 1
11 0.497169890625 0.6538961640625 0.666412451171875 0.98476256640625 0.694666666015625 0.962284060546875 0.65276413671875 0.870134919921875 0.2778075390625 0.114032076171875 0.235905009765625 0.148860119140625 0.497169890625 0.6538961640625
2 0.591796875 0.7890625 0.01953125 0.041015625
0 0.560546875 0.732421875 0.02734375 0.04296875
3 0.5322265625 0.6748046875 0.029296875 0.0390625
7 0.5009765625 0.611328125 0.02734375 0.041015625
1 0.4677734375 0.546875 0.03125 0.0390625
10 0.4345703125 0.4794921875 0.03125 0.04296875
6 0.3974609375 0.4072265625 0.03125 0.046875
8 0.359375 0.333984375 0.03515625 0.041015625
5 0.3193359375 0.25390625 0.0390625 0.033203125
4 0.2734375 0.1630859375 0.0234375 0.064453125