9 0.5 0.5 1 1
11 1 0.53542109765625 0.861930873046875 0.564765513671875 0.736566716796875 0.5909565703125 0.35387157421875 0.671111396484375 0.365279828125 0.697115671875 0.882523892578125 0.6022882578125 1 0.579324828125 1 0.53542109765625
2 0.8413581035289699 0.5901001276817857 0.05183279270069763 0.04695455492607925
0 0.7732513482701644 0.6020184096867531 0.05183279270069763 0.04695455492607925
3 0.7119122426090703 0.6135181418813718 0.05155964109154332 0.04304830492607925
7 0.6525945498502648 0.6261538687730336 0.04765339109154332 0.0427294405319929
1 0.5979548058845936 0.6362584886573032 0.043610565286966274 0.04045745113790655
10 0.5491744369189223 0.6468414051327025 0.037751190286966274 0.03997915454677692
6 0.4993492175509625 0.65636804300958 0.037751190286966274 0.03997915454677692
8 0.45629164778071407 0.6654761310761087 0.035524913677811965 0.035913472349733855
5 0.41407406470588853 0.672710810241159 0.035524913677811853 0.035913472349733855
4 0.37394618243564015 0.6820580466032524 0.029392387068657433 0.03152892575860444