9 0.5 0.5 1 1
11 0.610363880859375 0.7121029765625 0.611289607421875 0.71440889453125 0.65062290625 0.7216941171875 0.654523427734375 0.721107013671875 0.672994638671875 0.72459447265625 0.676769248046875 0.726395369140625 0.718442390625 0.734639541015625 0.720579734375 0.73251230859375 0.840985208984375 0.754023900390625 0.976178986328125 0.773137689453125 0.984810310546875 0.7202334765625 0.854259013671875 0.69760110546875 0.812464623046875 0.688904037109375 0.688220236328125 0.664927607421875 0.560100123046875 0.640667138671875 0.425411126953125 0.615555052734375 0.282231794921875 0.590872212890625 0.204720453125 0.578200599609375 0.200201509765625 0.583953697265625 0.188525865234375 0.642550828125 0.19109972265625 0.6455072578125 0.23805969140625 0.653125630859375 0.242517685546875 0.651736099609375 0.3137981640625 0.664037435546875 0.31659230078125 0.66286971484375 0.339299630859375 0.666687939453125 0.34086259765625 0.669076470703125 0.386994037109375 0.676587091796875 0.38927528515625 0.675571298828125 0.40919630078125 0.678153935546875 0.412027560546875 0.680050955078125 0.456918931640625 0.687182384765625 0.457731009765625 0.686194880859375 0.477049494140625 0.68848064453125 0.479603583984375 0.69077924609375 0.52444959375 0.69681167578125 0.5442309140625 0.700250564453125 0.54605812109375 0.70201775 0.589770671875 0.709651955078125 0.591379484375 0.70876774609375 0.610363880859375 0.7121029765625
4 0.21985791924843107 0.616291298288291 0.059915482319763624 0.07493603371425195
5 0.297825071078372 0.6275718515050859 0.061868607319763624 0.07509546591129501
8 0.3709094104083129 0.6392509852144885 0.059915482319763624 0.07493603371425195
6 0.44013298386769495 0.6522255458179776 0.057962357319763624 0.07477660151720866
10 0.5092201049387535 0.6622704189214668 0.057780420801998966 0.07087035151720888
1 0.5754685067686944 0.6745075653205206 0.057780420801998966 0.07087035151720888
7 0.6398092677280764 0.6878807064166176 0.055827295801998966 0.0707109193201656
3 0.7040590604285761 0.6993007225127146 0.057780420801998744 0.07087035151720888
0 0.7663557281290759 0.7108801708058547 0.053874170801998966 0.07055148712312231
2 0.8276303492001345 0.7215627726975165 0.04969501602535198 0.06437324772903619