9 0.5 0.5 1 1
11 0 0.805091669921875 0.42108083984375 0.8653499765625 0.8667854765625 0.9256208203125 0.87059876171875 0.86969953125 0.610769779296875 0.830318291015625 0.346939650390625 0.78928217578125 0.1249408828125 0.758040484375 0 0.737960611328125 0 0.805091669921875
2 0.6487406056119178 0.8673504053376144 0.047066024137314866 0.06235302851087954
0 0.5835840697210721 0.8577197994233206 0.04720259994189213 0.06430615351087954
3 0.5175192592325151 0.8470271928610522 0.05110884994189213 0.0646479061027776
7 0.4493647479393809 0.8381168350028347 0.0512454257464694 0.0666010311027776
1 0.3793253995485352 0.8280590383486681 0.05138200155104655 0.0685541561027776
10 0.30642465155997817 0.816768364750578 0.04942887655104655 0.06838327980682868
6 0.23331903986455532 0.8084073786524879 0.05151857735562371 0.0705072811027776
8 0.15748860437599826 0.7968603906104741 0.05333512655104655 0.06872503239872674
5 0.07872848138744117 0.7850570881245368 0.05138200155104658 0.0685541561027776
4 0.010876554587203685 0.7738885955467012 0.02175310917440737 0.0705072811027776