9 0.5 0.5 1 1
11 0.709466794921875 0.66974347265625 0.1365694453125 0.357245134765625 0.1250194375 0.397940515625 0.690660009765625 0.70422328515625 0.709466794921875 0.66974347265625
4 0.14571557928041146 0.3866992641995861 0.02843502404661713 0.03348205075860444
5 0.19357954638515823 0.41119320397055004 0.03038814904661713 0.033641482955647506
8 0.23854792830386173 0.4369028545370787 0.03038814904661713 0.033641482955647506
6 0.28243744078069494 0.459762533702129 0.0285032286745307 0.03543517575860433
10 0.3293248453854417 0.4843361895716145 0.026754717558271413 0.04113511856156116
1 0.3732484601762317 0.5081724312366648 0.02829861479078999 0.029575800758604442
7 0.4172061772809784 0.532985235401715 0.02661830830244427 0.03722886856156116
3 0.4620722522578117 0.5557651984682438 0.02641369441870345 0.03136949356156116
0 0.5070065318625584 0.5804982865347725 0.02634548979078999 0.029416368561561157
2 0.5519067091533484 0.6042548121013012 0.028230410162876307 0.027622675758604442