9 0.5 0.5 1 1
11 0.502656142578125 0.110632177734375 0.4978865859375 0.26554087109375 0.482510783203125 0.629343744140625 0.481652041015625 0.726605587890625 0.523328923828125 0.722579279296875 0.536193275390625 0.420282111328125 0.55214948828125 0.106532630859375 0.502656142578125 0.110632177734375
4 0.502500303340237 0.7069442501206813 0.04065509207925744 0.03007526609154354
5 0.503561727633117 0.6553230134252586 0.04076884865634711 0.03202839109154354
8 0.5064625203489072 0.6055183259252586 0.04272197365634711 0.03216496689612036
6 0.5084436288532422 0.5548053638275471 0.04088260523343701 0.03398151609154332
10 0.5115150564346672 0.5020709888275471 0.04272197365634711 0.032164966896120584
1 0.5125764807275471 0.45044975213212424 0.04283573023343701 0.034118091896120584
7 0.515704786597517 0.39673881463212424 0.042949486810526905 0.036071216896120584
3 0.5179702865445767 0.34114304003441287 0.04501636838761658 0.03816091770069763
0 0.5202357864916363 0.2855472654367014 0.04501636838761658 0.03816091770069763
2 0.5226150430157857 0.22799836583899 0.04915013154179615 0.04234031930985205