9 0.5 0.5 1 1
11 0.0092706796875 0.7999061171875 0.038304044921875 0.83354773046875 0.668759025390625 0.48928028125 0.9545112265625 0.333867275390625 0.931556060546875 0.299664193359375 0.0092706796875 0.7999061171875
2 0.7450230403495397 0.42565220952185534 0.05519273948238901 0.03669066359851558
0 0.6711390375625735 0.46483588438651513 0.05714586448238901 0.03674749373179376
3 0.600253010177896 0.5029577515512574 0.057282440286966274 0.03870061873179376
7 0.5272089940863526 0.544066136349278 0.05323961448238901 0.036633833465236965
1 0.4494187412993863 0.5833634714804946 0.04960651609154332 0.040426423198680395
10 0.37532987480555435 0.6254768338451544 0.05351276609154332 0.040540083465236965
6 0.2973347583117224 0.667703856476371 0.051696216896120584 0.04243637833195879
8 0.21836307931789048 0.7099592941742267 0.05364934189612053 0.04249320846523719
5 0.13820997411719277 0.7551728344387216 0.05741901609154337 0.04065374373179376
4 0.054218906818783635 0.7995234724697731 0.05769216770069771 0.04455999373179376