9 0.5 0.5 1 1
11 0.637661056640625 0.791790453125 0.683844751953125 0.8008976640625 0.813366580078125 0.14558513671875 0.761248923828125 0.14977970703125 0.637661056640625 0.791790453125
4 0.6645442815583573 0.7782451665189687 0.05121305667170439 0.038586958465236965
5 0.6739810540659137 0.7223253684192161 0.0512357833386361 0.040540083465236965
8 0.6843375724061407 0.6712599677528244 0.0512357833386361 0.040540083465236965
6 0.6937288915798335 0.6192464196530718 0.0512357833386361 0.040540083465236965
10 0.7041081365869923 0.56622789398668 0.0512585100055678 0.042493208465236965
1 0.713510819094151 0.5132377833869275 0.05323436167249973 0.04450316359851558
7 0.7239127907682417 0.45826613272053573 0.05518748667249973 0.04455999373179376
3 0.7362678874423322 0.40323765192086564 0.05523294000636336 0.04846624373179387
0 0.7466812224498887 0.3472894387544739 0.05716333833943166 0.04656994886507215
2 0.757117284124377 0.2893881005880821 0.05327981500636336 0.04840941359851547