9 0.5 0.5 1 1
11 0.95012386328125 0.23902561328125 0.029018982421875 0.382960111328125 0.03260249609375 0.430251337890625 0.957456224609375 0.28375364453125 0.95012386328125 0.23902561328125
2 0.12184066442886732 0.39220886683253087 0.05779547821677938 0.04356273624870499
0 0.20996785711534843 0.3783041860533852 0.055694354254075595 0.04151864298982266
3 0.29614192480182955 0.3644904735331219 0.061849727179483116 0.04569779776646965
7 0.3871988049883106 0.3504493403656528 0.057943477179483116 0.04551586124870499
1 0.47449743413749557 0.3385432687159483 0.061849727179483116 0.04569779776646965
10 0.5615740648426247 0.32370750956624383 0.061849727179483116 0.04569779776646965
6 0.6477481325291058 0.3098937970459805 0.061849727179483116 0.04569779776646965
8 0.736851887715587 0.2959436321373937 0.06214572510489069 0.04960404776646965
5 0.825955642902068 0.2819934672288069 0.057943477179483116 0.04551586124870499
4 0.9169385236071972 0.2669757715613378 0.060044601142187126 0.04755995450758732