9 0.5 0.5 1 1
11 0.226803224609375 0.37699965625 0.7019785 0.810435740234375 0.737333060546875 0.786808310546875 0.253867580078125 0.34853109375 0.226803224609375 0.37699965625
4 0.7060517001888782 0.7875855469231403 0.03624752404661713 0.033913981328668186
5 0.66656756781665 0.750432464195864 0.03631572867453059 0.035867106328667964
8 0.6281623048862922 0.7161350694872357 0.03631572867453059 0.035867106328668186
6 0.5917442692698912 0.6826662383159039 0.03820064904661713 0.034061980291371974
10 0.5542473642116197 0.6463417191259238 0.04399181941870367 0.032552852179483116
1 0.516818663781262 0.6119703249359436 0.03234127404661713 0.03361798340326061
7 0.4794240656648609 0.5785754932459636 0.04008556941870356 0.03225685425407554
3 0.4419953652345031 0.5442040990559835 0.03415798979078999 0.029859732365964398
0 0.40456666480414527 0.5098327048660034 0.03227306941870356 0.03166485840326061
2 0.36713796437378743 0.4754613106760234 0.03038814904661713 0.03346998444055671