9 0.5 0.5 1 1
11 0.881933779296875 0.2736825390625 0.88338516796875 0.229819775390625 0.33131299609375 0.182731482421875 0.221978421875 0.168540673828125 0.2210106640625 0.2201441796875 0.43000446484375 0.23949537109375 0.881933779296875 0.2736825390625
4 0.2412109375 0.197265625 0.0390625 0.04296875
5 0.30078125 0.2021484375 0.03515625 0.04296875
8 0.357421875 0.20703125 0.03515625 0.04296875
6 0.4130859375 0.21484375 0.03515625 0.04296875
10 0.466796875 0.2177734375 0.03515625 0.04296875
1 0.5185546875 0.22265625 0.03515625 0.04296875
7 0.5712890625 0.2265625 0.033203125 0.04296875
3 0.6240234375 0.2314453125 0.033203125 0.04296875
0 0.673828125 0.2353515625 0.033203125 0.04296875
2 0.7236328125 0.23828125 0.03125 0.04296875