9 0.5 0.5 1 1
11 0.532810830078125 0.254810568359375 0.2758963046875 0.998056033203125 0.33718968359375 0.9976994375 0.562830998046875 0.260836169921875 0.532810830078125 0.254810568359375
2 0.3587093823711955 0.8306386376648747 0.0419064144272453 0.049055383976990274
0 0.3896172013600513 0.7357643568298309 0.039725776273065616 0.04513777102814087
3 0.41668528023218865 0.6565321204180613 0.03547825654179615 0.039255670130441844
7 0.4414020860845117 0.5841471844551414 0.035136986810526794 0.033396295130441844
1 0.46078105312847545 0.5196031558643452 0.033183861810526794 0.03338493218159222
10 0.48079531294116984 0.4609128207991242 0.03295634865634711 0.02947868218159244
6 0.49868581288822944 0.4051635361827528 0.031003223656347112 0.029467319232742817
8 0.5132484773154747 0.3562672334896557 0.03077571050216754 0.025561069232742817
5 0.5294229970114506 0.313218942847709 0.03054819734798797 0.021654819232742817
4 0.5427247074959713 0.26921113412903663 0.02859507234798797 0.021643456283893414