9 0.5 0.5 1 1
11 0.170561109375 0.5115479375 0.17644974609375 0.543331986328125 0.17810490234375 0.558384705078125 0.1826776328125 0.58866537109375 0.183797017578125 0.589498734375 0.186212650390625 0.602515048828125 0.1856568046875 0.604383537109375 0.189613365234375 0.631538353515625 0.191043251953125 0.633051162109375 0.192894138671875 0.646961892578125 0.192597951171875 0.649105599609375 0.1963779375 0.677553009765625 0.19706689453125 0.67765001953125 0.198814087890625 0.690730830078125 0.20294710546875 0.720200771484375 0.214209107421875 0.80138073828125 0.21674654296875 0.80273207421875 0.2534183828125 0.796544671875 0.2559791484375 0.7935684921875 0.24720938671875 0.72511509765625 0.23566053125 0.639903888671875 0.229537220703125 0.595410185546875 0.223095619140625 0.550172044921875 0.208592818359375 0.453958740234375 0.15206954296875 0.09184296484375 0.14980217578125 0.09084744140625 0.10172704296875 0.10055108984375 0.09953465234375 0.102864173828125 0.143396046875 0.3582235078125 0.149994015625 0.393879021484375 0.15279652734375 0.411797392578125 0.15805207421875 0.444831728515625 0.15965206640625 0.44680581640625 0.16182359765625 0.460574287109375 0.161328044921875 0.46292805859375 0.166727029296875 0.494404544921875 0.16805140625 0.495975755859375 0.170561109375 0.5115479375
4 0.23260043391187046 0.7850705221270338 0.04470885204650721 0.03520442669541124
5 0.22698865120598255 0.7434422076625631 0.04470885204650721 0.03520442669541102
8 0.2214280479720507 0.7008373306980924 0.04470885204650721 0.03520442669541124
6 0.2158162652661628 0.6592090162336217 0.04470885204650721 0.03520442669541124
10 0.20938145847614315 0.6146964983985921 0.04470885204650721 0.03520442669541102
7 0.19563764134001607 0.5237638218579741 0.0488198199343316 0.0392926132131759
1 0.20197008918612352 0.5702294646930037 0.04470885204650721 0.03520442669541102
3 0.1875056069097769 0.4744594597818269 0.048922178878243794 0.041245738213175676
0 0.17942475195149385 0.4241785352056797 0.050875303878243794 0.041336706472058005
2 0.17046969343712298 0.37198996975897364 0.05293078782215599 0.043380799730940334