9 0.5 0.5 1 1
11 0.506049828125 0.0373240390625 0.429348822265625 0.051190453125 0.59771995703125 0.912043056640625 0.6596949140625 0.900596923828125 0.506049828125 0.0373240390625
2 0.6074368674999217 0.7966729138869972 0.07040222199300206 0.05776633973192835
0 0.5951989678612336 0.7259018477564605 0.07460446991840963 0.06196858765733615
3 0.5798833817598419 0.6533996550699794 0.07460446991840963 0.06196858765733593
7 0.5672754847143945 0.5777457764394427 0.07655759491840963 0.062116586620039715
1 0.5536910251689471 0.5021658972902577 0.07880671784381721 0.06617083558274373
10 0.5368808801980921 0.42290176658512857 0.07655759491840963 0.06211658662003994
6 0.5218758612645333 0.34153651191729556 0.07880671784381721 0.06617083558274361
8 0.5057462808682708 0.25829213173081444 0.08300896576922479 0.07037308350815119
5 0.49022326556524876 0.1700909395629815 0.08105584076922479 0.0702250845454474
4 0.4702760038927636 0.07534980782055604 0.08300896576922479 0.07037308350815119