9 0.5 0.5 1 1
11 0.838525294921875 0.470137294921875 0.1353931328125 0.48282251953125 0.13585316015625 0.509384408203125 0.839662568359375 0.498048009765625 0.838525294921875 0.470137294921875
2 0.2963211499989062 0.49280402125876704 0.038064379942915894 0.026249480291371863
0 0.3570271924893922 0.49212230341494984 0.036111254942915894 0.026101481328668075
3 0.41374740123463516 0.48978345849654026 0.036111254942915894 0.026101481328667964
7 0.47347688122512116 0.48917574013407494 0.038064379942915894 0.026249480291371752
1 0.5293001112156072 0.4888640196970172 0.036190838688158866 0.028054606328667964
10 0.5870366743334716 0.48742773779725573 0.036111254942915894 0.026101481328668075
6 0.6457895918239576 0.4868940189161423 0.036111254942915894 0.026101481328668075
8 0.7016128218144436 0.4865822984790846 0.036190838688158866 0.028054606328668075
5 0.7593493849323081 0.4851460165793231 0.036190838688158866 0.028054606328667964
4 0.8200952192954155 0.4854408612355059 0.036111254942915894 0.026101481328667964