9 0.5 0.5 1 1
11 0.1004265625 0.34587575 0.100420814453125 0.41240996484375 0.285366119140625 0.40598585546875 0.548191779296875 0.396665724609375 0.760447892578125 0.3896956484375 0.925451001953125 0.382751203125 0.924300751953125 0.324203279296875 0.73991192578125 0.3298783125 0.47184998828125 0.33727115625 0.167033951171875 0.34275496875 0.1004265625 0.34587575
2 0.3016361452688595 0.3712614632897179 0.05220597014910222 0.06502129167329507
0 0.3768314577688595 0.3703864866128434 0.049945768317365635 0.05913919000636336
3 0.4482228792127717 0.36760383826983245 0.05200125226127783 0.06111504167329507
7 0.5175588167127718 0.36679704159375337 0.04789028437345344 0.057163338339431546
1 0.585043988156684 0.36405984658460605 0.04789028437345344 0.057163338339431546
10 0.6533521836847278 0.3642409757419928 0.04398403437345344 0.057117885005567914
6 0.7160569015725522 0.35960747240017504 0.04398403437345344 0.057117885005567914
8 0.7786080810445083 0.35790365655835726 0.04398403437345344 0.057117885005567914
5 0.8420846435445083 0.3571650398830736 0.043881675429541245 0.055164760005567914
4 0.9017061355164644 0.35549531404165347 0.03617153437345344 0.05702697833784076