9 0.5 0.5 1 1
11 0 0.895263322265625 0.788070703125 0.449361109375 0.7918568203125 0.44182197265625 0.789936419921875 0.431620896484375 0.772509845703125 0.3767095859375 0.7663740703125 0.371004845703125 0.758980447265625 0.370141185546875 0 0.75417219140625 0 0.895263322265625
0 0.06447399296316797 0.7889853071013292 0.07224070980299482 0.11558363086009615
3 0.18544877388791897 0.7242293983250283 0.05960072930778515 0.09725453423772623
7 0.29434654850897735 0.6655584554263574 0.05764760430778515 0.09712937230066476
1 0.3887023971067821 0.6226129414682551 0.05713580958822417 0.08736374730066454
10 0.4727766734521917 0.5701899743563136 0.039762402476048564 0.09014353986710977
6 0.5572133586341281 0.5295483382129029 0.0429521398686632 0.07672198874123298
8 0.6289547313160646 0.48809314947859156 0.03267472014910222 0.0663305540559248
5 0.702598049526045 0.4477396851813419 0.04614187726127783 0.06330043761535631
4 0.7609787765725522 0.41816625635612975 0.03185584859780466 0.050705554055924806