9 0.5 0.5 1 1
11 0.90605548046875 0.32550433984375 0.921627572265625 0.2779869453125 0.752632904296875 0.237421234375 0.366389953125 0.14301215625 0.138190880859375 0.088645400390625 0.125959822265625 0.147144150390625 0.672038078125 0.278220259765625 0.90605548046875 0.32550433984375
4 0.8936206755571547 0.29672748785574943 0.04857990399835055 0.060776988213175676
5 0.832619159490928 0.2839225038811014 0.05259981426490734 0.06486517473094033
8 0.7725373757914229 0.2691189107770122 0.05064668926490734 0.064774206472058
6 0.713488984725196 0.25622295854348187 0.05259981426490734 0.06486517473094033
10 0.6514540760256908 0.241510333698275 0.05259981426490734 0.06486517473094039
1 0.5913722923261857 0.2267067405941858 0.05271347453146391 0.06877142473094039
7 0.5274410887599589 0.21403820900786125 0.05845918926490734 0.06513807950758732
3 0.46437278742717536 0.19741794329209555 0.05650606426490723 0.06504711124870499
0 0.39932294602775265 0.17991208333521216 0.05845918926490734 0.06513807950758732
2 0.3324052248282475 0.1654268791372111 0.060469144398185515 0.06718217276646965