9 0.5 0.5 1 1
11 0.455115783203125 0.200233904296875 0.404931146484375 0.188261845703125 0.292648421875 0.939984724609375 0.352219798828125 0.951098390625 0.455115783203125 0.200233904296875
2 0.40899757479697396 0.3521561300524976 0.05353481261535631 0.043559643340226994
0 0.4019476644402927 0.40964832088437264 0.057566224552418 0.045558221674090627
3 0.39300721005214223 0.4680943475493159 0.057566224552418 0.045558221674090627
7 0.3851058991325226 0.5275283000477251 0.05769138648947969 0.047511346674090404
1 0.37641576861849546 0.5898805767126684 0.05769138648947969 0.047511346674090627
10 0.36674907560446823 0.6522214900441456 0.05781654842654138 0.049464471674090404
6 0.3572075445275028 0.716515528375623 0.05769138648947969 0.047511346674090627
8 0.34590063135612975 0.7837165275401686 0.05781654842654127 0.049464471674090627
5 0.3356954426218184 0.8528820150381801 0.05976967342654138 0.04948719834102233
4 0.32561541582456865 0.9240006275361915 0.05586342342654127 0.0494417450071587