9 0.5 0.5 1 1
11 0.350684193359375 0.052650544921875 0.347785052734375 0.236865328125 0.34271130859375 0.504689236328125 0.334013888671875 0.80928571484375 0.3340393515625 0.8758115078125 0.40069510546875 0.87465376953125 0.402869708984375 0.689895833984375 0.405768849609375 0.42733978125 0.408667990234375 0.215291666015625 0.409392857421875 0.05047693359375 0.350684193359375 0.052650544921875
2 0.369140625 0.673828125 0.0634765625 0.046875
0 0.37109375 0.5986328125 0.056640625 0.044921875
3 0.3720703125 0.52734375 0.0576171875 0.0458984375
7 0.3740234375 0.4580078125 0.0546875 0.04296875
1 0.375 0.390625 0.0556640625 0.0419921875
10 0.3779296875 0.3232421875 0.0556640625 0.0400390625
6 0.376953125 0.259765625 0.0546875 0.0380859375
8 0.3779296875 0.197265625 0.0556640625 0.0390625
5 0.3798828125 0.1337890625 0.052734375 0.0380859375
4 0.380859375 0.07421875 0.0537109375 0.03125