9 0.5 0.5 1 1
11 0.61506073828125 0.305622828125 0.38731523828125 0.3446596015625 0.145714087890625 0.383995326171875 0.154325654296875 0.43488465234375 0.27145135546875 0.41408148046875 0.405545140625 0.392054564453125 0.519848875 0.371453720703125 0.682237099609375 0.34356469921875 0.80105633984375 0.323530974609375 0.84138421484375 0.316002548828125 0.833260275390625 0.2687862734375 0.78205469921875 0.2770018125 0.61506073828125 0.305622828125
2 0.3011024762180817 0.38223548502726207 0.04933114298982266 0.056560747729036076
0 0.3623530089414348 0.37135399582040224 0.049240174730940334 0.054607622729036076
3 0.42085579068255247 0.36461790490910717 0.04737801798982266 0.0564013155319929
7 0.4792221200353467 0.35495212649781205 0.05137523624870499 0.05867330492607925
1 0.5365209186292585 0.34341293918503857 0.045333924730940334 0.05428875833494973
10 0.5939561696114939 0.3348034393722651 0.04542489298982266 0.05624188333494973
6 0.6503693739642881 0.3252970931580132 0.045333924730940334 0.05428875833494973
8 0.7067370941876412 0.3148141844437613 0.041336706472058005 0.05201676894086338
5 0.7622192201698765 0.30636411682803094 0.04347176798982266 0.05608245113790655
4 0.8186324245226707 0.29685777061377905 0.04347176798982266 0.05608245113790655