9 0.5 0.5 1 1
11 0.386966931640625 0.54540625 0.164546296875 0.71512351171875 0.209063162109375 0.722845982421875 0.30607506640625 0.647402529296875 0.4684365078125 0.520829861328125 0.7100171953125 0.333424603515625 0.87223578125 0.197687748046875 0.848769509765625 0.1767509921875 0.386966931640625 0.54540625
4 0.205078125 0.70703125 0.0234375 0.0234375
5 0.2607421875 0.666015625 0.02734375 0.015625
8 0.314453125 0.6240234375 0.03125 0.015625
6 0.3701171875 0.58203125 0.03125 0.015625
10 0.423828125 0.5380859375 0.03125 0.015625
1 0.484375 0.4931640625 0.03125 0.015625
7 0.5419921875 0.4482421875 0.029296875 0.01953125
3 0.60546875 0.3984375 0.02734375 0.01953125
0 0.6630859375 0.349609375 0.029296875 0.021484375
2 0.7294921875 0.296875 0.029296875 0.0234375