9 0.5 0.5 1 1
11 0.225215609375 0.098837052734375 0.228043650390625 0.104139384765625 0.99952876953125 0.9523563984375 0.999057208984375 0.850154265625 0.289315806640625 0.070910962890625 0.28271726171875 0.0684365078125 0.278946759765625 0.0691436015625 0.228986111328125 0.095302083984375 0.225215609375 0.098837052734375
2 0.8544921875 0.7421875 0.0625 0.0390625
0 0.787109375 0.66796875 0.06640625 0.037109375
3 0.7197265625 0.5947265625 0.06640625 0.03515625
7 0.6533203125 0.521484375 0.0625 0.03515625
1 0.5888671875 0.4521484375 0.0625 0.0390625
10 0.5263671875 0.380859375 0.05859375 0.033203125
6 0.462890625 0.3115234375 0.060546875 0.03125
8 0.4013671875 0.2421875 0.05859375 0.037109375
5 0.33984375 0.1728515625 0.060546875 0.033203125
4 0.2744140625 0.1044921875 0.0546875 0.03515625