9 0.5 0.5 1 1
11 0.507324892578125 0 0 0.747251755859375 0 0.85379526171875 0.5659724375 0.01403637109375 0.5590550546875 0 0.507324892578125 0
2 0.04920010548709245 0.7251768713414172 0.044503163598515486 0.052984359874689524
0 0.10736469385133991 0.6389155272992058 0.04065374373179384 0.054914758976990274
3 0.16753923734886572 0.5506896953081449 0.04444633346523713 0.051031234874689524
7 0.226651973146474 0.4653992322915088 0.04255003859851547 0.0529729969258399
1 0.28168796854424727 0.3859908701725717 0.044332673198680395 0.047124984874689524
10 0.3357474014420205 0.30658818952805933 0.040426423198680395 0.047102258976990496
6 0.3877116340065978 0.23207968433239654 0.040426423198680395 0.04710225897699044
8 0.436717764004536 0.158564786060008 0.034567048198680395 0.047068170130441844
5 0.4826805462359175 0.08897318221089374 0.032500262932123714 0.04315055718159236
4 0.5334977259006597 0.02094398382858879 0.026640887932123825 0.04188796765717758