9 0.5 0.5 1 1
11 0.16348911328125 0.138037802734375 0.159045703125 0.1410163828125 0.120076126953125 0.184666990234375 0.118354775390625 0.1882175703125 0.118915337890625 0.195182056640625 0.63152315234375 0.984081330078125 0.714687931640625 0.9821456484375 0.167812453125 0.141880685546875 0.16348911328125 0.138037802734375
2 0.6091137063284366 0.8841396742041661 0.056521655924751 0.07349303120234385
0 0.5557955944727485 0.8034494791289492 0.054568530924751 0.07344757171336802
3 0.5044306076170605 0.7227138245647565 0.052615405924751 0.07340211222439241
7 0.45203787878941637 0.6429774622450517 0.05241068803692661 0.06949586222439241
1 0.40339786154590396 0.5660798684473956 0.05641929698083881 0.07153990620234385
10 0.35177697733043545 0.4902270263832028 0.04829972014910222 0.06549869324644098
6 0.302109218114967 0.41432872483003447 0.048402079093014416 0.06745181824644098
8 0.25239027942754244 0.3394069857768661 0.052308329093014416 0.06754273722439241
5 0.2026201612681617 0.2654618092236977 0.05035520409301447 0.0674972777354167
4 0.1550078859966054 0.18756492318155368 0.050048127261277886 0.061637902735416694