9 0.5 0.5 1 1
11 0.392922619140625 0.581072419921875 0.39632167578125 0.581072419921875 0.908780009765625 0.2438931875 0.905380953125 0.23165674609375 0.902382935546875 0.2130029765625 0.90068353125 0.188530423828125 0.8999424609375 0.168662037109375 0.37932663671875 0.546629298828125 0.37796726171875 0.5502549609375 0.37932663671875 0.554787037109375 0.389863591796875 0.578806546875 0.392922619140625 0.581072419921875
2 0.75 0.3134765625 0.029296875 0.048828125
0 0.69140625 0.353515625 0.02734375 0.048828125
3 0.6396484375 0.3896484375 0.0234375 0.04296875
7 0.59375 0.421875 0.0234375 0.04296875
1 0.552734375 0.447265625 0.0234375 0.0390625
10 0.5166015625 0.474609375 0.015625 0.0390625
6 0.48046875 0.498046875 0.015625 0.033203125
8 0.44921875 0.5205078125 0.01171875 0.029296875
5 0.41796875 0.54296875 0.017578125 0.02734375
4 0.392578125 0.5595703125 0.01171875 0.021484375