9 0.5 0.5 1 1
11 0.687025462890625 0.012056546875 0.70191269921875 0.296529513671875 0.72562235546875 0.7159072421875 0.779106482421875 0.7159072421875 0.738304232421875 0.013297123046875 0.687025462890625 0.012056546875
2 0.7216796875 0.1572265625 0.048828125 0.037109375
0 0.7255859375 0.2158203125 0.048828125 0.037109375
3 0.7275390625 0.2744140625 0.05078125 0.037109375
7 0.73046875 0.333984375 0.05078125 0.037109375
1 0.7333984375 0.3916015625 0.05078125 0.037109375
10 0.7353515625 0.451171875 0.05078125 0.0390625
6 0.740234375 0.5107421875 0.05078125 0.0390625
8 0.7431640625 0.5712890625 0.05078125 0.0390625
5 0.748046875 0.6328125 0.05078125 0.0390625
4 0.7509765625 0.6953125 0.05078125 0.0390625