9 0.5 0.5 1 1
11 0.032475447265625 0.63304828125 0.888304564453125 0.567976521484375 0.88780133984375 0.5008921953125 0.44255902734375 0.535776125 0.030463044921875 0.569989087890625 0.032475447265625 0.63304828125
2 0.177734375 0.591796875 0.046875 0.0625
0 0.2529296875 0.5849609375 0.046875 0.060546875
3 0.3251953125 0.578125 0.046875 0.060546875
7 0.400390625 0.572265625 0.048828125 0.0625
1 0.4755859375 0.5673828125 0.044921875 0.0625
10 0.548828125 0.560546875 0.046875 0.060546875
6 0.625 0.5546875 0.046875 0.0625
8 0.701171875 0.548828125 0.046875 0.0625
5 0.779296875 0.54296875 0.046875 0.064453125
4 0.8603515625 0.5361328125 0.05078125 0.064453125