9 0.5 0.5 1 1
11 0.722755953125 0.557279265625 0.8989021171875 0.612634919921875 0.915028109375 0.579142361328125 0.298078373046875 0.3819873515625 0.184772818359375 0.346859126953125 0.171341599609375 0.376821427734375 0.520260251953125 0.490243798828125 0.722755953125 0.557279265625
2 0.767578125 0.55078125 0.03515625 0.02734375
0 0.697265625 0.529296875 0.03515625 0.02734375
3 0.6328125 0.5087890625 0.0390625 0.02734375
7 0.56640625 0.4853515625 0.041015625 0.021484375
1 0.5029296875 0.466796875 0.037109375 0.025390625
10 0.439453125 0.4462890625 0.03125 0.02734375
6 0.3779296875 0.42578125 0.03515625 0.0234375
8 0.3193359375 0.4072265625 0.03515625 0.0234375
5 0.2587890625 0.3876953125 0.03125 0.025390625
4 0.1962890625 0.3671875 0.03125 0.025390625