9 0.5 0.5 1 1
11 0.112545490234375 0.195414283203125 0.064319162109375 0.22744168359375 0.330919404296875 0.453264837890625 0.5471497109375 0.630621751953125 0.746059078125 0.79573101953125 0.86033065625 0.89420017578125 0.926241189453125 0.87934509375 0.746341794921875 0.728959970703125 0.436542376953125 0.472051501953125 0.238758923828125 0.301055064453125 0.112545490234375 0.195414283203125
2 0.23460622108019652 0.3388671875 0.05573826148947958 0.046875
0 0.3120413334717619 0.404296875 0.05183201148947969 0.046875
3 0.38531987198920387 0.4658203125 0.05195717342654127 0.048828125
7 0.4598252968807692 0.53125 0.04962856261535631 0.04296875
1 0.5328535115240879 0.5888671875 0.04950340067829462 0.041015625
10 0.6019754761674067 0.646484375 0.045847474552418 0.044921875
6 0.6732383087163178 0.70703125 0.04950340067829462 0.041015625
8 0.7341722875484515 0.7587890625 0.04755027567829462 0.041015625
5 0.8031690902547086 0.814453125 0.04559715067829462 0.041015625
4 0.8723536358665582 0.873046875 0.04755027567829462 0.041015625