9 0.5 0.5 1 1
11 0.571952380859375 0.174760912109375 0.514179232421875 0.169837052734375 0.4248931875 0.89462946484375 0.469536044921875 0.896598958984375 0.571952380859375 0.174760912109375
2 0.5244140625 0.3251953125 0.05078125 0.04296875
0 0.5146484375 0.396484375 0.05078125 0.04296875
3 0.5068359375 0.462890625 0.05078125 0.04296875
7 0.4970703125 0.52734375 0.048828125 0.041015625
1 0.48828125 0.58984375 0.046875 0.0390625
10 0.48046875 0.6484375 0.048828125 0.037109375
6 0.4736328125 0.70703125 0.046875 0.03515625
8 0.4658203125 0.7646484375 0.046875 0.03515625
5 0.45703125 0.818359375 0.046875 0.02734375
4 0.451171875 0.8779296875 0.046875 0.03125