9 0.5 0.5 1 1
11 0.59447693359375 0.2702308203125 0.564602181640625 0.2619242734375 0.295343005859375 0.9990453046875 0.358361111328125 0.9990453046875 0.59447693359375 0.2702308203125
2 0.3837890625 0.826171875 0.03515625 0.046875
0 0.416015625 0.7333984375 0.03515625 0.04296875
3 0.4443359375 0.6552734375 0.03125 0.037109375
7 0.4697265625 0.5849609375 0.03125 0.03125
1 0.4892578125 0.521484375 0.029296875 0.03125
10 0.5107421875 0.46484375 0.029296875 0.02734375
6 0.5283203125 0.41015625 0.02734375 0.02734375
8 0.5439453125 0.3623046875 0.02734375 0.0234375
5 0.560546875 0.3203125 0.02734375 0.01953125
4 0.57421875 0.27734375 0.025390625 0.01953125