9 0.5 0.5 1 1
11 0.797181185546875 0.09029817578125 0.55150803515625 0.165910896484375 0.17791308203125 0.27544750390625 0.06799060546875 0.306641298828125 0.075372115234375 0.356125326171875 0.428125146484375 0.2578662578125 0.6736465078125 0.18359430859375 0.806565712890625 0.143816068359375 0.797181185546875 0.09029817578125
4 0.0921002828091545 0.32578618584017516 0.04450316359851547 0.052984359874689524
5 0.15123391907529882 0.3075723868056608 0.04852307386507215 0.05691333577238855
8 0.211315702774804 0.29034083174557124 0.04857990399835055 0.05886646077238855
6 0.27136907140766997 0.2740858391854817 0.04857990399835055 0.05886646077238855
10 0.333375565040536 0.2578422095742416 0.04852307386507215 0.05691333577238855
1 0.39449074137331946 0.2386632109885768 0.05248615399835055 0.05888918667008758
7 0.45457252507282464 0.22143165592848724 0.04852307386507215 0.05691333577238855
3 0.516635848838969 0.20323490131724717 0.05248615399835055 0.05888918667008758
0 0.5807375428050309 0.18211982215485664 0.05242932386507215 0.05693606167008758
2 0.6457589691378144 0.16296354946689087 0.05248615399835055 0.05888918667008758