9 0.5 0.5 1 1
11 0 0.194663580078125 0.150317951171875 0.18840791796875 0.4272525703125 0.1800743046875 0.611126248046875 0.17405883203125 0.775829646484375 0.1658824140625 0.922124396484375 0.159043634765625 0.9238057265625 0.087183787109375 0.7800321484375 0.093331763671875 0.448485697265625 0.11006579296875 0.227002455078125 0.116729927734375 0.150054494140625 0.119880611328125 0 0.1278103671875 0 0.194663580078125
2 0.17609620037092 0.15011460201423596 0.04642203813619794 0.06549869324644103
0 0.25031495037092 0.1483871414331595 0.046331119158246614 0.06159244324644103
3 0.32351167838194433 0.1486355355965709 0.05037374762517366 0.06754273722439241
7 0.40168213787092 0.14486403103754306 0.05037374762517366 0.06754273722439241
1 0.4798525973598957 0.14109252647851522 0.05037374762517355 0.06754273722439241
10 0.5569783051154078 0.14027343916397522 0.05037374762517377 0.06754273722439241
6 0.6390550146043835 0.13641101562699598 0.05032828813619794 0.06558961222439241
8 0.7211317240933592 0.13254859209001674 0.05037374762517377 0.06754273722439241
5 0.8061608508268228 0.12764141681957397 0.05041920711414938 0.06949586222439241
4 0.8950280383268228 0.1255730100711798 0.05037374762517377 0.06754273722439241