9 0.5 0.5 1 1
11 0.106756697265625 0.873181546875 0.13403373046875 0.93653571484375 0.26306597265625 0.843351521484375 0.76516790625 0.472269841796875 0.750280505859375 0.428710318359375 0.256871279296875 0.772278109375 0.106756697265625 0.873181546875
4 0.7421875 0.4599609375 0.0234375 0.03515625
5 0.70703125 0.4853515625 0.02734375 0.037109375
8 0.6669921875 0.5146484375 0.025390625 0.041015625
6 0.625 0.5439453125 0.02734375 0.04296875
10 0.578125 0.5751953125 0.02734375 0.04296875
1 0.529296875 0.6103515625 0.03125 0.04296875
7 0.4775390625 0.6484375 0.03125 0.046875
3 0.421875 0.6904296875 0.03515625 0.046875
0 0.3583984375 0.734375 0.0390625 0.046875
2 0.291015625 0.78515625 0.0390625 0.048828125