9 0.5 0.5 1 1
11 0 0.232940859375 0.080612212890625 0.304749955078125 0.37049651953125 0.553588953125 0.5653796015625 0.722919416015625 0.71630158203125 0.852124109375 0.76342850390625 0.82112191015625 0.48197452734375 0.576361375 0.24651232421875 0.374252630859375 0.131933533203125 0.27559199609375 0.0002594609375 0.159845650390625 0 0.160018794921875 0 0.232940859375
2 0.1868307121400877 0.36031673608975706 0.05536277567829467 0.04470317172358351
0 0.24724080718207725 0.41260701223851504 0.05536277567829462 0.04470317172358351
3 0.3067369206925976 0.46385243798498443 0.05536277567829462 0.04470317172358351
7 0.367209596703118 0.5151661516337425 0.05914386374123304 0.04302319833273782
1 0.4257917286821692 0.5653667269779232 0.05914386374123293 0.043023198332738044
10 0.48254589759828204 0.613477601517527 0.05719073874123293 0.04288662252816078
6 0.5429559926402716 0.6657678776662849 0.05914386374123293 0.04302319833273782
8 0.5995224186507919 0.7168084397058885 0.05719073874123293 0.04288662252816078
5 0.6581045506298431 0.7670090150500694 0.057065576804171236 0.04093349752816078
4 0.7194286272033019 0.8203441416011159 0.057065576804171236 0.04093349752816078