9 0.5 0.5 1 1
11 0.240569283203125 0.87717012109375 0.292568568359375 0.866541720703125 0.21150975 0.19749760546875 0.160931912109375 0.206605927734375 0.240569283203125 0.87717012109375
2 0.2515060009183049 0.7406034884214454 0.05745883116851025 0.04951307950758732
0 0.24471625862894267 0.6823736114569747 0.057458831168510194 0.04951307950758732
3 0.23885194095404852 0.6270279378630628 0.057458831168510194 0.04951307950758732
7 0.23206219866468628 0.5687980608985921 0.057458831168510194 0.04951307950758732
1 0.2252383644516361 0.5125213089341214 0.057458831168510194 0.04951307950758732
10 0.21843157620042988 0.45526799446965066 0.057458831168510194 0.04951307950758732
6 0.21164183391106764 0.39703811750518 0.059411956168510194 0.04960404776646965
8 0.20385848315986144 0.3398302871701504 0.059411956168510194 0.04960404776646965
5 0.19708578683234315 0.2806238477056797 0.057458831168510194 0.04951307950758732
4 0.18837701146666883 0.2205318140000913 0.055505706168510194 0.04942211124870499