9 0.5 0.5 1 1
11 0.178418767578125 0.7118969609375 0.182797009765625 0.769564046875 0.19132996875 0.8618064453125 0.195363970703125 0.8623581171875 0.24036692578125 0.851613734375 0.2425595703125 0.849073640625 0.236342458984375 0.75757526953125 0.22956935546875 0.644883912109375 0.22447014453125 0.588121556640625 0.221045724609375 0.529630576171875 0.214615775390625 0.452263169921875 0.2091365546875 0.391993642578125 0.203196869140625 0.327747861328125 0.19007040234375 0.184266599609375 0.17959775390625 0.185742671875 0.16856580859375 0.186505154296875 0.154984162109375 0.18643692578125 0.141262244140625 0.1842670390625 0.13048226953125 0.18138099609375 0.140416958984375 0.285673150390625 0.146928724609375 0.350705359375 0.15320367578125 0.414351130859375 0.1586699921875 0.477107935546875 0.164190900390625 0.537621544921875 0.170491123046875 0.596289591796875 0.174040025390625 0.65422694921875 0.178418767578125 0.7118969609375
4 0.2158726076145402 0.8377544209391339 0.0531889083386361 0.04059691359851536
5 0.2113186476069837 0.7822040187056907 0.05518748667249973 0.04455999373179376
8 0.20675332426596135 0.7256770539722472 0.05323436167249973 0.04450316359851536
6 0.20318729009187078 0.6710747991721648 0.05518748667249973 0.04455999373179376
10 0.1985992400839166 0.6125947094387216 0.05518748667249973 0.04455999373179376
1 0.1940225534094283 0.5550911822052782 0.05718606500636336 0.04852307386507215
7 0.18942314006800823 0.495634529971835 0.059116463339431546 0.04662677899835055
3 0.18381307422619042 0.43327660530503087 0.06109231500636336 0.048636734131628945
0 0.17819164505090676 0.36994211813822675 0.05909373667249973 0.04467365399835055
2 0.17257021587562305 0.30660763097142263 0.05909373667249973 0.04467365399835055