9 0.5 0.5 1 1
11 0.23025462890625 0.79268700390625 0.2334404765625 0.793789681640625 0.28184424609375 0.792503224609375 0.28319212890625 0.791492064453125 0.305739748046875 0.7908487109375 0.3075777109375 0.7922274296875 0.355123677734375 0.79167584375 0.35745205078125 0.790389384765625 0.380367064453125 0.789378224609375 0.3834305546875 0.790940724609375 0.431957009765625 0.790021578125 0.4353882265625 0.78818353125 0.457322751953125 0.788551091796875 0.45952876953125 0.78947023828125 0.507932208984375 0.788826884765625 0.51050562109375 0.78708060546875 0.532072751953125 0.786713044921875 0.534156083984375 0.78781597265625 0.582437169921875 0.787448412109375 0.58390773828125 0.78616170703125 0.60817096484375 0.785610119140625 0.888914681640625 0.784054068359375 0.89134226171875 0.781902529296875 0.89134226171875 0.77793005859375 0.88847321484375 0.74648189453125 0.88538359765625 0.7439990078125 0.000344576171875 0.757734375 0.000367724609375 0.795076388671875 0.092518517578125 0.794708830078125 0.155749669921875 0.793881697265625 0.157955357421875 0.79434126953125 0.207707009765625 0.793422123046875 0.23025462890625 0.79268700390625
2 0.18359375 0.7763671875 0.0439453125 0.0361328125
0 0.2578125 0.7744140625 0.0439453125 0.0361328125
3 0.33203125 0.7724609375 0.0439453125 0.0361328125
7 0.408203125 0.771484375 0.0439453125 0.0361328125
1 0.4814453125 0.7705078125 0.0439453125 0.0361328125
10 0.55859375 0.7685546875 0.0439453125 0.0361328125
6 0.6328125 0.767578125 0.044921875 0.0361328125
8 0.708984375 0.7666015625 0.0439453125 0.0361328125
5 0.7861328125 0.765625 0.044921875 0.0361328125
4 0.8642578125 0.765625 0.0439453125 0.0361328125