9 0.5 0.5 1 1
11 0.377064591796875 0.135902478515625 0.350791669921875 0.151008810546875 0.665020705078125 0.836845837890625 0.704427708984375 0.823970814453125 0.377064591796875 0.135902478515625
2 0.5899490936098348 0.6256659617997742 0.03740481167008758 0.05250964691876403
0 0.5600449519474443 0.5635994073124502 0.03738208577238855 0.04860339691876403
3 0.5320825723362043 0.5033950095662438 0.03737072282353893 0.04665027191876403
7 0.5050853922761147 0.44509825269059633 0.0353948719258399 0.04265305365988181
1 0.4809838108694765 0.39252441842662533 0.0353948719258399 0.0426530536598817
10 0.4558943040139889 0.34194919329209555 0.03341902102814087 0.03865583540099948
6 0.4337288031840765 0.29221407826924223 0.03341902102814087 0.03865583540099948
8 0.412517138956465 0.2463397291169478 0.03341902102814087 0.03865583540099948
5 0.39227067428000395 0.20237302083521216 0.03340765807929147 0.03670271040099948
4 0.371047647103543 0.1584517966829177 0.02947868218159244 0.032614523883234825