9 0.5 0.5 1 1
11 0.816452935546875 0.1256217109375 0.84808669140625 0.120649744140625 0.8372026328125 0.063993708984375 0.25423148828125 0.1592985390625 0.074153923828125 0.1833938125 0.087989236328125 0.2415048125 0.27109459765625 0.211701732421875 0.816452935546875 0.1256217109375
2 0.6732476015811446 0.12036903762594327 0.05555439102535198 0.06331056648562913
0 0.6080453347283504 0.12868087474700163 0.05369223428423431 0.06516133254171691
3 0.546000176022762 0.1417219859521917 0.04978598428423431 0.06495661465389257
7 0.4819109240582913 0.15291233110129396 0.05164814102535198 0.06310584859780477
1 0.41968382883493827 0.16204719230648407 0.05164814102535198 0.06310584859780477
10 0.35554909274102636 0.1722609749555863 0.04969501602535198 0.06300348965389257
6 0.2922999508882322 0.18047045313273247 0.04969501602535198 0.06300348965389257
8 0.23007285566487912 0.18960531433792255 0.05164814102535198 0.06310584859780477
5 0.1649160729415261 0.19889371395898092 0.05164814102535198 0.06310584859780477
4 0.10268897771817306 0.208028575164171 0.04783285928423431 0.06485425570998038