9 0.5 0.5 1 1
11 0.356003001953125 0.34293845703125 0.3912463515625 0.372466494140625 0.393088119140625 0.371676267578125 0.40788471875 0.38370487890625 0.4077827890625 0.38530325390625 0.444928087890625 0.415654310546875 0.4464356171875 0.414996501953125 0.46298185546875 0.428748853515625 0.50033065625 0.4584606171875 0.517917220703125 0.472243623046875 0.517620892578125 0.474338513671875 0.5558855078125 0.505005416015625 0.557866787109375 0.504579298828125 0.5749420078125 0.517702451171875 0.573721685546875 0.518965341796875 0.61381862109375 0.551542 0.615186291015625 0.55052034375 0.63209721484375 0.56519701953125 0.633579591796875 0.567485443359375 0.67511381640625 0.600510912109375 0.676473650390625 0.599612130859375 0.69799762890625 0.617023203125 0.697282087890625 0.6180260390625 0.74081163671875 0.652956994140625 0.743584904296875 0.652875904296875 0.78728533203125 0.6212851484375 0.788218794921875 0.619416919921875 0.679839294921875 0.535140087890625 0.5426503125 0.427378970703125 0.433909087890625 0.341527005859375 0.34232091796875 0.269767900390625 0.24591277734375 0.19330694140625 0.138906666015625 0.109881748046875 0.134287908203125 0.113332216796875 0.12574802734375 0.123085759765625 0.11382329296875 0.130727908203125 0.099927169921875 0.137101681640625 0.206082115234375 0.22294361328125 0.238315150390625 0.249120609375 0.287667349609375 0.289772056640625 0.289935822265625 0.28995126953125 0.30324986328125 0.299441203125 0.30298456640625 0.30104435546875 0.337280740234375 0.33010900390625 0.339572734375 0.329919341796875 0.353370529296875 0.340806556640625 0.356003001953125 0.34293845703125
2 0.24524013163392194 0.2209630484755175 0.0452173216701135 0.0290575655319929
0 0.2896506566279563 0.2612414204435246 0.03745027500397713 0.032326086743820204
3 0.34091984578892254 0.29900865472188065 0.03940340000397713 0.03248551894086338
7 0.3940853432825592 0.34149926930319346 0.03944885333784076 0.03639176894086338
1 0.4472508407761958 0.38398988388450633 0.041379251670908945 0.03459807613790655
10 0.5033346624363666 0.42721791267025444 0.045285501670908834 0.0349169405319929
6 0.5574426324296056 0.47255849865304567 0.04335510333784054 0.036710633334949616
8 0.6154341257559126 0.5195333452417507 0.045285501670909056 0.0349169405319929
5 0.679262267415288 0.567983020239326 0.04921447833784054 0.03718892992607925
4 0.7430563190742656 0.6193623827369015 0.04530822833784076 0.0368700655319929