9 0.5 0.5 1 1
11 0.282845083984375 0.24312113671875 0.786643576171875 0.251641849609375 0.95188806640625 0.25574301171875 0.95284360546875 0.20798298828125 0.878690462890625 0.2044802734375 0.2837771953125 0.19334639453125 0.282845083984375 0.24312113671875
2 0.806091931825361 0.22741190883022655 0.036520173198680395 0.04933336448238901
0 0.7522673340588042 0.2272614934560987 0.03652017319868062 0.04933336448238901
3 0.6964896112922475 0.227247653886548 0.040426423198680395 0.04960651609154343
7 0.6416600359590516 0.22618896391470875 0.03652017319868062 0.049333364482389064
1 0.586858875692495 0.22610683644286947 0.038473298198680395 0.04946994028696622
10 0.5310527378592991 0.22511643437331877 0.036520173198680395 0.049333364482389064
6 0.4762231625261032 0.2240577444014795 0.036406512932123714 0.045427114482389064
8 0.4203886096262681 0.22209077983192882 0.038416468065402 0.04751681528696616
5 0.3626293467930723 0.22123695356695527 0.036406512932123714 0.04542711448238901
4 0.3048132538265981 0.21843000230198178 0.036520173198680395 0.04933336448238901