9 0.5 0.5 1 1
11 0.78598463671875 0.31573519140625 0.80074019140625 0.2690291875 0.161303498046875 0.1697758359375 0.15912324609375 0.22180840234375 0.78598463671875 0.31573519140625
4 0.7756214263403574 0.29006408299600217 0.04095734803029827 0.0527260699343316
5 0.7217479206352282 0.28218794592554347 0.04291047303029827 0.052828428878243794
8 0.6717066654487471 0.27508365346726044 0.04291047303029827 0.052828428878243794
6 0.6207628472436179 0.26705397798093344 0.04291047303029827 0.052828428878243794
10 0.5687684670571368 0.26005204446656255 0.045011596993002057 0.05488391282215599
1 0.5168480863520076 0.2520735484521917 0.046964721993002057 0.054986271766068184
7 0.46297458064687835 0.244197411381733 0.04726071991840963 0.058892521766068184
3 0.409175074423101 0.2353447118112743 0.051018970955705845 0.057144114653892575
0 0.3543990056993237 0.22654319171277176 0.04921384491840963 0.05899488070998038
2 0.29857237499419453 0.21876941358622526 0.050870971993002057 0.055190989653892575