9 0.5 0.5 1 1
11 0.792939154296875 0.07749652734375 0.809810185546875 0.775846974609375 0.8683316796875 0.778219494140625 0.850406083984375 0.234080853515625 0.844079365234375 0.076310267578125 0.792939154296875 0.07749652734375
4 0.8388671875 0.7548828125 0.0546875 0.04296875
5 0.8359375 0.6875 0.0546875 0.04296875
8 0.833984375 0.6240234375 0.0546875 0.04296875
6 0.8310546875 0.5615234375 0.0546875 0.041015625
10 0.8291015625 0.5 0.0546875 0.041015625
1 0.828125 0.4404296875 0.0546875 0.041015625
7 0.8271484375 0.380859375 0.0546875 0.041015625
3 0.8251953125 0.3203125 0.0546875 0.041015625
0 0.8232421875 0.2626953125 0.0546875 0.041015625
2 0.82421875 0.2060546875 0.05078125 0.037109375