9 0.5 0.5 1 1
11 0.240757662109375 0 0.231339953125 0.915980158203125 0.274327984375 0.91404139453125 0.280657685546875 0.410354666015625 0.28269734765625 0 0.240757662109375 0
2 0.26051557962406846 0.11983503448749522 0.03935793667008758 0.05214534255827141
0 0.26001626097574837 0.201900386801452 0.03740481167008758 0.05207713793035784
3 0.26049350482742833 0.283931636801452 0.03935793667008758 0.05214534255827141
7 0.26000554912795776 0.3679501141154088 0.03935793667008758 0.05214534255827141
1 0.2595119119540625 0.4509920289293656 0.039380662567786606 0.05605159255827141
10 0.2590296377290167 0.5359870687433224 0.039380662567786606 0.05605159255827141
6 0.25757648247839565 0.6219927733712359 0.039380662567786606 0.05605159255827141
8 0.25514676472777464 0.7080325803131062 0.039380662567786606 0.05605159255827141
5 0.2537106539004279 0.7969679724410199 0.039380662567786606 0.05605159255827141
4 0.2522859060219307 0.8878564895689334 0.039380662567786606 0.05605159255827141