9 0.5 0.5 1 1
11 0.749632236328125 0.943241634765625 0.794389408203125 0.943864326171875 0.7984790625 0.767216896484375 0.803793810546875 0.509667548828125 0.81563454296875 0.086508576171875 0.815401671875 0.016991728515625 0.774570263671875 0.01542604296875 0.7739151484375 0.085447375 0.770347072265625 0.235707966796875 0.749632236328125 0.943241634765625
2 0.7939453125 0.1181640625 0.041015625 0.0546875
0 0.79296875 0.19921875 0.041015625 0.05078125
3 0.7900390625 0.2841796875 0.044921875 0.052734375
7 0.787109375 0.37109375 0.044921875 0.05859375
1 0.78515625 0.45703125 0.044921875 0.056640625
10 0.78125 0.544921875 0.044921875 0.056640625
6 0.7802734375 0.6328125 0.046875 0.060546875
8 0.77734375 0.7216796875 0.046875 0.060546875
5 0.7763671875 0.814453125 0.046875 0.060546875
4 0.7734375 0.91015625 0.046875 0.060546875