9 0.5 0.5 1 1
11 0.88066875 0.218699345703125 0.85626115234375 0.38766722265625 0.822635208984375 0.624723728515625 0.78481741015625 0.90028268359375 0.82189609765625 0.9054298515625 0.8609814296875 0.62804916796875 0.89601381640625 0.391916103515625 0.93641412109375 0.08973983984375 0.897609486328125 0.082259810546875 0.88066875 0.218699345703125
2 0.9042520743056608 0.19170089041002603 0.047227251414335036 0.062183786069925695
0 0.8939757677084912 0.2714038899565014 0.045262763465485634 0.060162456442012124
3 0.8827228986113216 0.35107278718901996 0.047227251414335036 0.062183786069925695
7 0.8704877855397273 0.42973101960758175 0.04722725141433526 0.062183786069925695
1 0.8592235534937082 0.5074467918401004 0.04525140051663623 0.058209331442012235
10 0.8469657145244147 0.5821987742586621 0.04524003756778683 0.056256206442012235
6 0.8386198070295461 0.658063728433051 0.04525140051663623 0.058209331442012235
8 0.8273214861369784 0.7299201256655696 0.04525140051663623 0.058209331442012235
5 0.8160288467188356 0.8027530853980882 0.043286912567786606 0.056188001814098554
4 0.806706376723967 0.8785839372585204 0.04326418667008758 0.052281751814098554