9 0.5 0.5 1 1
11 0 0 0 0.104990720703125 0.05226653515625 0.16197222265625 0.830749859375 1 0.97777076171875 1 0.563443783203125 0.550142361328125 0.239314814453125 0.19666021875 0.058525220703125 0 0 0
5 0.0283203125 0.037109375 0.056640625 0.07421875
8 0.130859375 0.1611328125 0.080078125 0.0830078125
6 0.2412109375 0.2802734375 0.078125 0.0771484375
10 0.3515625 0.3994140625 0.072265625 0.07421875
1 0.4599609375 0.5166015625 0.080078125 0.0751953125
7 0.5625 0.634765625 0.07421875 0.0732421875
3 0.669921875 0.7529296875 0.0693359375 0.07421875
0 0.7802734375 0.8662109375 0.072265625 0.0732421875
2 0.88671875 0.97265625 0.064453125 0.0546875