9 0.5 0.5 1 1
11 0.266255869140625 0.47101416015625 0.1361313984375 0.51237578125 0.035018412109375 0.546454767578125 0.036116041015625 0.56358301953125 0.0427630625 0.584274189453125 0.595406861328125 0.41011703515625 0.873360330078125 0.31927732421875 0.88405408984375 0.315478849609375 0.88536471875 0.311296037109375 0.873231521484375 0.28752996875 0.867365771484375 0.281477896484375 0.861787818359375 0.28093865625 0.57325948828125 0.372215826171875 0.266255869140625 0.47101416015625
2 0.16830902413252258 0.5234375 0.06367592342654127 0.048828125
0 0.25072887491925194 0.4990234375 0.06367592342654127 0.048828125
3 0.3291173137689196 0.47265625 0.06367592342654138 0.048828125
7 0.404701227055649 0.4482421875 0.06367592342654127 0.048828125
1 0.4783945963109092 0.4248046875 0.06367592342654116 0.048828125
10 0.5540410905661693 0.4013671875 0.05964451148947969 0.046875
6 0.6286484413528988 0.376953125 0.06355076148947969 0.046875
8 0.7033183731081589 0.353515625 0.053659974552418 0.044921875
5 0.7779257238948882 0.3291015625 0.053659974552418 0.044921875
4 0.8525330746816177 0.3046875 0.053659974552418 0.044921875