9 0.5 0.5 1 1
11 0.207506759765625 0.451741400390625 0.1308972578125 0.1154938671875 0.08587670703125 0.1285303046875 0.16282194140625 0.46068128515625 0.220972802734375 0.716117794921875 0.28308634765625 0.985546001953125 0.328099369140625 0.982924291015625 0.28369993359375 0.788874341796875 0.207506759765625 0.451741400390625
2 0.28846118714268637 0.9186916384012347 0.05491692309323426 0.06557142758142476
0 0.26990338814240283 0.8356173160179532 0.05491692309323426 0.06557142758142498
3 0.25235625395607614 0.7534626778461269 0.05484871846532069 0.06361830258142476
7 0.23373025032787906 0.6684352304628454 0.054848718465320634 0.06361830258142476
1 0.21419588882759555 0.5854177863681087 0.05484871846532069 0.06361830258142476
10 0.1965123453854417 0.49935689819628226 0.05484871846532069 0.06361830258142498
6 0.17499075657120144 0.4154766481786355 0.0570064573490614 0.06959143415851465
8 0.15528588350113398 0.32757639158389884 0.0589595823490614 0.06970519073560455
5 0.13369609005898014 0.24174301656625208 0.05693825272114783 0.06763830915851476
4 0.11392301236099915 0.15188963497151547 0.055053332349061374 0.06947767758142492