9 0.5 0.5 1 1
11 0.688244046875 0.37830687890625 0.69072420703125 0.322089947265625 0.047123015625 0.34854497265625 0.047123015625 0.393187830078125 0.688244046875 0.37830687890625
2 0.1435546875 0.3681640625 0.03515625 0.046875
0 0.19921875 0.3671875 0.03515625 0.046875
3 0.2548828125 0.3642578125 0.03515625 0.05078125
7 0.3115234375 0.36328125 0.037109375 0.05078125
1 0.3681640625 0.3623046875 0.0390625 0.05078125
10 0.4267578125 0.3603515625 0.0390625 0.05078125
6 0.4853515625 0.3583984375 0.0390625 0.05078125
8 0.5439453125 0.3564453125 0.0390625 0.05078125
5 0.6044921875 0.3544921875 0.041015625 0.05078125
4 0.66796875 0.3515625 0.04296875 0.052734375