9 0.5 0.5 1 1
11 0.378201423828125 0.451053072265625 0.183008013671875 0.573160435546875 0.20284463671875 0.620973791015625 0.517524490234375 0.430262111328125 0.90400108203125 0.194534365234375 0.881352732421875 0.138432970703125 0.676432728515625 0.264266111328125 0.378201423828125 0.451053072265625
4 0.2112119465260939 0.5845650431648792 0.03395314732113436 0.04451521040099937
5 0.2653198838233992 0.5539090294135842 0.0339531473211343 0.04451521040099937
8 0.3174065122733286 0.5192557974034069 0.0339531473211343 0.04451521040099937
6 0.371480357646946 0.4866466586521119 0.0339531473211343 0.04451521040099937
10 0.4255371570587193 0.45306095740081687 0.0339531473211343 0.04451521040099948
1 0.48151298954680477 0.4176130994084042 0.0339531473211343 0.04451521040099948
7 0.5384483385730463 0.3812341630454327 0.03792758116851025 0.04860339691876414
3 0.5963772960611318 0.3458772733119023 0.0339531473211343 0.04451521040099948
0 0.6562423325873733 0.3096347893372543 0.03600854809219811 0.05046555365988181
2 0.7189859187280829 0.2705990702509298 0.03600854809219811 0.0504655536598817