9 0.5 0.5 1 1
11 0.122832837890625 0.40732605859375 0.121491072265625 0.4580181875 0.80645163671875 0.40732605859375 0.80376810546875 0.35544113671875 0.122832837890625 0.40732605859375
2 0.6904296875 0.3896484375 0.0390625 0.048828125
0 0.626953125 0.39453125 0.0390625 0.05078125
3 0.5654296875 0.400390625 0.041015625 0.05078125
7 0.5029296875 0.4052734375 0.0390625 0.05078125
1 0.443359375 0.41015625 0.0390625 0.048828125
10 0.3837890625 0.4150390625 0.0390625 0.048828125
6 0.3232421875 0.4189453125 0.0390625 0.05078125
8 0.263671875 0.4228515625 0.0390625 0.05078125
5 0.203125 0.4267578125 0.037109375 0.048828125
4 0.142578125 0.431640625 0.037109375 0.048828125