9 0.5 0.5 1 1
11 0.349838443359375 0.597012955078125 0.416050708984375 0.61241861328125 0.482748294921875 0.627375064453125 0.568563826171875 0.6483761953125 0.9756305625 0.745626580078125 0.973165033203125 0.738126623046875 0.9719204765625 0.72923033984375 0.971900654296875 0.72040805078125 0.9738486328125 0.710162841796875 0.8256314453125 0.674374298828125 0.620912107421875 0.625040283203125 0.42333384765625 0.578495255859375 0.179371291015625 0.522187591796875 0.176208228515625 0.52335894140625 0.168779830078125 0.553209982421875 0.170128896484375 0.555514794921875 0.282879673828125 0.58163396484375 0.349838443359375 0.597012955078125
2 0.798531421367695 0.685546875 0.05064749017764636 0.0390625
0 0.7313974252966364 0.669921875 0.05064749017764658 0.0390625
3 0.6631958984666955 0.65234375 0.05064749017764636 0.0390625
7 0.5941542615250781 0.6376953125 0.05064749017764658 0.0390625
1 0.5288824221951371 0.6201171875 0.05064749017764636 0.0390625
10 0.4647690818829609 0.6064453125 0.05064749017764647 0.0390625
6 0.39758960168246116 0.58984375 0.05064749017764636 0.0390625
8 0.33147765224084375 0.5751953125 0.05064749017764647 0.0390625
5 0.26239053116978517 0.5595703125 0.05064749017764647 0.0390625
4 0.1972096600987266 0.5439453125 0.05064749017764647 0.0390625