9 0.5 0.5 1 1
11 0.86112748046875 0.020882275390625 0.852775048828125 0.185593583984375 0.8405868046875 0.454732142578125 0.837201388671875 0.56130390234375 0.82839880859375 0.743740080078125 0.814179068359375 0.999331349609375 0.86434126953125 0.997909390625 0.87791269921875 0.760473544921875 0.8848583828125 0.567469576171875 0.894119294921875 0.379097552734375 0.905695435546875 0.02474239453125 0.86112748046875 0.020882275390625
2 0.8466796875 0.8974609375 0.04296875 0.05859375
0 0.8525390625 0.7958984375 0.041015625 0.0546875
3 0.857421875 0.703125 0.04296875 0.046875
7 0.8603515625 0.60546875 0.046875 0.05078125
1 0.86328125 0.51171875 0.04296875 0.052734375
10 0.8681640625 0.41796875 0.04296875 0.05078125
6 0.8720703125 0.32421875 0.046875 0.052734375
8 0.8759765625 0.2333984375 0.044921875 0.052734375
5 0.87890625 0.1435546875 0.04296875 0.0546875
4 0.8837890625 0.052734375 0.04296875 0.0546875