9 0.5 0.5 1 1
11 0.10619196484375 0.766093916015625 0.1101961796875 0.82481812109375 0.83339112109375 0.708597552734375 0.82653075390625 0.648487763671875 0.10619196484375 0.766093916015625
2 0.1845703125 0.783203125 0.0390625 0.0546875
0 0.25 0.7724609375 0.0390625 0.0546875
3 0.31640625 0.76171875 0.04296875 0.0546875
7 0.3857421875 0.7490234375 0.04296875 0.0546875
1 0.4521484375 0.7392578125 0.0390625 0.0546875
10 0.5205078125 0.7265625 0.0390625 0.0546875
6 0.58984375 0.716796875 0.041015625 0.05859375
8 0.66015625 0.705078125 0.04296875 0.05859375
5 0.73046875 0.6953125 0.04296875 0.05859375
4 0.8056640625 0.6826171875 0.04296875 0.05859375