9 0.5 0.5 1 1
11 0.13405687890625 0.76337847265625 0.185693453125 0.7954032734375 0.6623396171875 0.321736111328125 0.634535052734375 0.300882935546875 0.13405687890625 0.76337847265625
2 0.29296875 0.654296875 0.04296875 0.03125
0 0.345703125 0.603515625 0.041015625 0.029296875
3 0.3935546875 0.5576171875 0.0390625 0.02734375
7 0.4375 0.5146484375 0.03515625 0.025390625
1 0.4765625 0.4755859375 0.033203125 0.0234375
10 0.513671875 0.4404296875 0.025390625 0.0234375
6 0.5458984375 0.40625 0.025390625 0.0234375
8 0.578125 0.3759765625 0.029296875 0.01953125
5 0.6064453125 0.3466796875 0.01953125 0.021484375
4 0.63671875 0.3193359375 0.0234375 0.01953125