9 0.5 0.5 1 1
11 0 0.667790224609375 0.261930525390625 0.623084341796875 0.669771642578125 0.551559802734375 0.66535711328125 0.502377994140625 0.281023064453125 0.568046400390625 0 0.61846116796875 0 0.667790224609375
2 0.13392609608352848 0.6200369895049973 0.03339953782215599 0.042471117142117265
0 0.19704024974700163 0.6112292237892316 0.033297178878243794 0.040517992142117265
3 0.25542512932634304 0.5992643499262602 0.033297178878243794 0.040517992142117265
7 0.3166373374617723 0.5893890534516122 0.033297178878243794 0.040517992142117265
1 0.3739432955972015 0.5793318204591995 0.031344053878243794 0.040427023883234714
10 0.42939848767654293 0.5672304942079045 0.029186210990419403 0.03642980562435261
6 0.48562552436806 0.5590809020860505 0.029083852046507208 0.03447668062435261
8 0.5390252325034892 0.5488417325758732 0.029186210990419514 0.03642980562435261
5 0.5922714022230502 0.5415322505656961 0.029288569934331488 0.03838293062435261
4 0.6476242353584793 0.5313840493144011 0.03319481993433149 0.038564867142117265