9 0.5 0.5 1 1
11 0.5384461796875 0.2409203046875 0.58769965234375 0.39200462890625 0.64717633984375 0.5698568125 0.70369097265625 0.724957341796875 0.739007935546875 0.81715277734375 0.76186383984375 0.79611078125 0.690455109375 0.61564153515625 0.63272271875 0.45525859765625 0.5852822421875 0.320290013671875 0.52152480078125 0.131333994140625 0.512761904296875 0.166788359375 0.5384461796875 0.2409203046875
2 0.6962890625 0.669921875 0.0234375 0.02734375
0 0.6669921875 0.5908203125 0.01953125 0.02734375
3 0.6396484375 0.5244140625 0.017578125 0.02734375
7 0.619140625 0.458984375 0.017578125 0.029296875
1 0.599609375 0.4013671875 0.015625 0.02734375
10 0.5810546875 0.3466796875 0.015625 0.02734375
6 0.5634765625 0.2958984375 0.013671875 0.02734375
8 0.548828125 0.25 0.013671875 0.0234375
5 0.53515625 0.2021484375 0.01171875 0.02734375
4 0.5205078125 0.16015625 0.01171875 0.02734375