9 0.5 0.5 1 1
11 0.408451890625 0.23143541015625 0.206617203125 0.23911304296875 0.088398421875 0.24754180078125 0.0883971015625 0.297009345703125 0.247942189453125 0.28892819140625 0.358597169921875 0.285032431640625 0.52977519921875 0.278183666015625 0.658119611328125 0.271584654296875 0.838713056640625 0.26143044140625 0.840654263671875 0.20291225 0.7183911796875 0.214026568359375 0.594370177734375 0.221900587890625 0.408451890625 0.23143541015625
4 0.8160376750103296 0.23407336825270147 0.04224303120234385 0.05440563365010276
5 0.750539798276866 0.2396691112183416 0.04224303120234385 0.05440563365010276
8 0.6870632357768661 0.24225558293873878 0.04215211222439241 0.05049938365010276
6 0.6254943387878904 0.24671559591389297 0.04219757171336802 0.05245250865010276
10 0.5649701935323783 0.24820612951642562 0.04224303120234385 0.05440563365010276
1 0.5053544215434025 0.2525865587463368 0.04019898722439241 0.050419799904859786
7 0.4458068387878904 0.25403730047624795 0.03829132171336813 0.05229334115961681
3 0.3861910667989147 0.25841772970615917 0.04224303120234385 0.05440563365010287
0 0.3285966090434026 0.2597888876908273 0.03833678120234385 0.05424646615961681
2 0.2719559840434026 0.262096816302874 0.03833678120234385 0.05424646615961681