9 0.5 0.5 1 1
11 0.072520076171875 0.200513865234375 0.074726763671875 0.253865556640625 0.79250362109375 0.102457861328125 0.7903379375 0.048294431640625 0.072520076171875 0.200513865234375
2 0.22854484886027998 0.19453875362473128 0.04842640923772623 0.058091476142186904
0 0.28757666563999573 0.18326284724361788 0.04867673311184961 0.06199772614218696
3 0.34478051935677323 0.17018181482520828 0.04867673311184961 0.061997726142186904
7 0.40582804210501977 0.15778134698139107 0.04867673311184961 0.061997726142186904
1 0.4638832963847356 0.1465794400816296 0.04867673311184961 0.061997726142186904
10 0.523040275101513 0.13335040870051618 0.04855157117478792 0.06004460114218696
6 0.5831112353497596 0.12102394033805089 0.04855157117478792 0.06004460114218696
8 0.6441587580980062 0.10862347249423371 0.04867673311184939 0.06199772614218696
5 0.7063705862518452 0.09321931766906465 0.04867673311184939 0.06199772614218693
4 0.7704103774686227 0.0796202888811918 0.05050469617478792 0.06019260010489072