9 0.5 0.5 1 1
11 0.52067376953125 0 0.45873472265625 0.97829505078125 0.459644341796875 0.97832075 0.5097358828125 0.97598769921875 0.565703603515625 0 0.52067376953125 0
2 0.49007771968523695 0.8431504838733315 0.04723861436318466 0.0646832382131759
0 0.49647683475558924 0.7501041415966845 0.05114486436318466 0.06486517473094033
3 0.5009228248259415 0.6571487675789198 0.051156227312034286 0.06681829973094033
7 0.5073219398962938 0.5641024253022728 0.04918037641433526 0.062821081472058
1 0.5127274480433719 0.47403125465506707 0.049180376414335036 0.06282108147205812
10 0.518127274716025 0.3849366465078613 0.04915765051663623 0.058914831472058005
6 0.5245036638886784 0.2957965542312143 0.047227251414335036 0.06273011321317568
8 0.5289212465869069 0.20772399271344966 0.049169013465485634 0.060867956472058005
5 0.5343153917851353 0.11960594706624383 0.047227251414335036 0.06273011321317573
4 0.5407088253810629 0.028451307383371788 0.04525140051663623 0.056902614766743576