9 0.5 0.5 1 1
11 0 0.429560515625 0.2392106484375 0.40579042578125 0.9644193125 0.3401396328125 0.956873345703125 0.295429068359375 0 0.382020337890625 0 0.429560515625
2 0.1005859375 0.3955078125 0.056640625 0.0400390625
0 0.1923828125 0.3876953125 0.0537109375 0.0419921875
3 0.2861328125 0.37890625 0.0576171875 0.0400390625
7 0.37890625 0.37109375 0.0556640625 0.0400390625
1 0.4697265625 0.3642578125 0.056640625 0.041015625
10 0.55859375 0.35546875 0.052734375 0.041015625
6 0.6513671875 0.3466796875 0.05859375 0.041015625
8 0.7412109375 0.337890625 0.0546875 0.041015625
5 0.8349609375 0.3291015625 0.05859375 0.0390625
4 0.9267578125 0.3203125 0.0625 0.0390625