9 0.5 0.5 1 1
11 1 0.179252119140625 0.863174580078125 0.181557904296875 0.600178794921875 0.19060861328125 0.32853517578125 0.19644291015625 0.04515633984375 0.202062072265625 0.046986056640625 0.248403576171875 0.41357530859375 0.24133594921875 0.688295580078125 0.2334769296875 0.870151201171875 0.228267640625 1 0.225673228515625 1 0.179252119140625
2 0.9118893901599645 0.20381165879361904 0.056241883334949616 0.044196156202343795
0 0.822125356258486 0.20687935778650107 0.058513872729035965 0.04814786569131946
3 0.734234731258486 0.2089250347904074 0.054607622729035965 0.048056946713368076
7 0.6404050151599645 0.2101305277612408 0.06242012272903619 0.048238784669270895
1 0.5497441348570076 0.21419751899861067 0.05851387272903619 0.04814786569131946
10 0.4589238223570076 0.21631138523598054 0.060466997729036076 0.04819332518029518
6 0.3641972598570076 0.21851617045130178 0.062420122729036076 0.048238784669270895
8 0.2704472598570076 0.2206982259221352 0.062420122729036076 0.048238784669270895
5 0.17661754375848604 0.22190371889296862 0.060466997729036076 0.04819332518029518
4 0.07700816875848604 0.2242221528307291 0.0622606905319929 0.046285659669270895