9 0.5 0.5 1 1
11 0.74672083984375 0 0.75490444921875 0.031523890625 0.866160505859375 0.482771041015625 0.9418934765625 0.786347033203125 0.982536669921875 0.7780470859375 0.91010170703125 0.485285599609375 0.814906091796875 0.1015594140625 0.7887249375 0 0.74672083984375 0
2 0.7860085000099427 0.0686742820624921 0.051417596674090627 0.05498293667008758
0 0.8034509491864196 0.14084332199727115 0.051417596674090627 0.05498293667008758
3 0.822880613363294 0.21593068648320068 0.05341617500795426 0.05890054961893709
7 0.8423330042071004 0.29297117596913025 0.053370721674090404 0.05499429961893709
1 0.860774742550509 0.3670876594294845 0.05341617500795426 0.05890054961893709
10 0.8782853717277813 0.4451160743642636 0.055392026674885964 0.060865037567786606
6 0.897692309237724 0.5182503138501932 0.055392026674885964 0.060865037567786606
8 0.9171674267484622 0.5972439283361227 0.05541475334181767 0.0628181625677866
5 0.9366084542588026 0.6733078553220522 0.053438901674885964 0.06085367461893698
4 0.9551183726030066 0.7532837137824065 0.05541475334181767 0.0628181625677866