9 0.5 0.5 1 1
11 0.365880626953125 0.268647474609375 0.803859693359375 0.268001810546875 0.930456435546875 0.26706891796875 0.938620044921875 0.204049525390625 0.792980171875 0.20519996484375 0.36665265625 0.21569289453125 0.1054177578125 0.217538455078125 0.1040123828125 0.266925677734375 0.365880626953125 0.268647474609375
2 0.3351049726073784 0.24175189950486176 0.03405542309219811 0.05173302203113417
0 0.3906667593363147 0.24274130007031325 0.036042640015885974 0.05385702332708331
3 0.44331590452709485 0.24301045257968837 0.036042640015886085 0.05385702332708325
7 0.502818033179719 0.24170497555324172 0.037995765015886196 0.05402789962303234
1 0.5623031158704992 0.2413760610267951 0.03802985693957406 0.05598102462303234
10 0.6237413235612794 0.24087627020439933 0.038029856939573836 0.05598102462303234
6 0.6891028272139035 0.2390581642901055 0.04001707386326192 0.05810502591898137
8 0.7583535349046837 0.23787486828391352 0.04392332386326192 0.05844677851087954
5 0.8295744135573078 0.23554413348177244 0.043991507710637645 0.06235302851087954
4 0.9085566543244001 0.23545958099583508 0.047897757710637645 0.06269478110277771