9 0.5 0.5 1 1
11 0.72149255859375 0.998658400390625 0.76325248046875 1 0.773818453125 0.70415773828125 0.783880953125 0.36676355859375 0.797465525390625 0.0193336640625 0.754468998046875 0.0216481484375 0.7451396328125 0.2836461640625 0.736083333984375 0.538566798828125 0.72149255859375 0.998658400390625
2 0.7490234375 0.82421875 0.04296875 0.05078125
0 0.751953125 0.7421875 0.04296875 0.048828125
3 0.75390625 0.6611328125 0.04296875 0.052734375
7 0.7568359375 0.578125 0.04296875 0.0546875
1 0.759765625 0.49609375 0.04296875 0.0546875
10 0.76171875 0.4130859375 0.041015625 0.0546875
6 0.7646484375 0.3251953125 0.041015625 0.0546875
8 0.7685546875 0.236328125 0.04296875 0.0546875
5 0.771484375 0.14453125 0.04296875 0.05859375
4 0.775390625 0.052734375 0.04296875 0.056640625