9 0.5 0.5 1 1
11 0.31003689453125 0.87981572265625 0.733383265625 0.875316287109375 0.72639670703125 0.824717599609375 0.07770926171875 0.833643048828125 0.07929287890625 0.87899192578125 0.31003689453125 0.87981572265625
4 0.7107174942003908 0.8524207436997204 0.036793161069925695 0.04933336448238901
5 0.6561664034562179 0.8525028711715598 0.034840036069925695 0.049196788677811965
8 0.6035002330841315 0.8507684494479762 0.032818706442012235 0.0471070878732347
6 0.5509363696539153 0.8519637152243926 0.036724956442012235 0.04738023948238901
10 0.49739594372369933 0.8530906930985205 0.03281870644201201 0.0471070878732347
1 0.44574043816556963 0.8524011217772255 0.032886911069925695 0.0490602128732347
7 0.3922000122353536 0.8535280996513535 0.03672495644201201 0.04738023948238901
3 0.3406127113051375 0.8547916533300584 0.036793161069925695 0.04933336448238901
0 0.28707228537492147 0.8559186312041862 0.036793161069925695 0.04933336448238901
2 0.23349775713074855 0.8560690465783141 0.034840036069925695 0.04919678867781174