9 0.5 0.5 1 1
11 0.960795328125 0.15890718359375 0.89925847265625 0.144835330078125 0.70594172265625 0.82351231640625 0.75305334375 0.834032251953125 0.89885327734375 0.356066587890625 0.960795328125 0.15890718359375
4 0.7343231410260858 0.8119511686836335 0.05568760875746537 0.04487847958157998
5 0.7479032805351569 0.7655411964742818 0.057640733757465146 0.04494668420949344
8 0.7604841277997403 0.7181887640788867 0.057640733757465146 0.04494668420949344
6 0.77494991083086 0.6678384395555781 0.05764073375746537 0.04494668420949344
10 0.790346796873004 0.6155008877183128 0.061637902735416805 0.04898934346532058
1 0.8057436829151481 0.5631633358810475 0.05973023722439241 0.0508742638374069
7 0.8239793374793407 0.5068172271019118 0.06368194671336802 0.05296379809323426
3 0.8411702403100698 0.4475755331367328 0.06172882171336802 0.05289559346532058
0 0.8612226414073354 0.38530184472968354 0.06377286569131946 0.05687004809323426
2 0.8792537282711375 0.3201666734505479 0.0658169096692709 0.06084450272114783