9 0.5 0.5 1 1
11 0.29877480078125 0.636551091796875 0.231372685546875 0.632368798828125 0.087405423828125 0.62279290625 0.078904431640625 0.64665773828125 0.22672619140625 0.65537053515625 0.36484523828125 0.663411458984375 0.48921924609375 0.670570189453125 0.6697652109375 0.684876984375 0.7383174609375 0.691546626953125 0.850435185546875 0.70319965234375 0.850551587890625 0.682902529296875 0.72466369140625 0.66826512890625 0.66963756640625 0.66338616015625 0.5543568125 0.652930802734375 0.430790013671875 0.64421825390625 0.29877480078125 0.636551091796875
2 0.701171875 0.67578125 0.0234375 0.015625
0 0.6435546875 0.6689453125 0.0234375 0.01953125
3 0.5869140625 0.6630859375 0.02734375 0.01953125
7 0.5263671875 0.66015625 0.03125 0.01953125
1 0.4638671875 0.6552734375 0.03515625 0.01953125
10 0.3984375 0.6513671875 0.037109375 0.01953125
6 0.330078125 0.6474609375 0.04296875 0.021484375
8 0.2626953125 0.642578125 0.046875 0.01953125
5 0.189453125 0.638671875 0.046875 0.01953125
4 0.1123046875 0.634765625 0.05078125 0.0234375