9 0.5 0.5 1 1
11 0.622901337890625 0.67326825390625 0.814406298828125 0.701144873046875 0.830418802734375 0.67404096875 0.73282123828125 0.6609321640625 0.569219951171875 0.6417013984375 0.3826992890625 0.624836314453125 0.224508720703125 0.6117473828125 0.146582646484375 0.603848091796875 0.113576916015625 0.620558189453125 0.311857556640625 0.639028599609375 0.4538713359375 0.65407077734375 0.622901337890625 0.67326825390625
2 0.6772472012718174 0.6663076412798765 0.03490947365634711 0.030262987265731844
0 0.5937178525801766 0.6560514455489075 0.03272883550216754 0.02629990713245367
3 0.5229406946770807 0.6451880831842477 0.03261507892507787 0.02434678213245367
7 0.45475195454271544 0.6402693410195053 0.03468196050216754 0.026356737265731844
1 0.3944325926968951 0.6346013568878766 0.03250132234798797 0.02239365713245345
10 0.3370429183510747 0.6290186179561651 0.03250132234798797 0.02239365713245367
6 0.2835594940052544 0.6235495392910104 0.030434440770898075 0.020383701999175274
8 0.23582168808234416 0.6202040760256908 0.026528190770898075 0.020270041732618704
5 0.18607387887088905 0.6177783451270928 0.03032068419380829 0.018430576999175274
4 0.14137951702506868 0.6125650020616908 0.03032068419380829 0.018430576999175274