9 0.5 0.5 1 1
11 0.902512279296875 0.317736251953125 0.922285482421875 0.268641685546875 0.2668614296875 0.194592462890625 0.261396064453125 0.24199606640625 0.902512279296875 0.317736251953125
4 0.28301200086528266 0.22066305404860076 0.037700268340226994 0.0527260699343316
5 0.33781313419994163 0.22756262861905946 0.0396761200071587 0.054781553878243794
8 0.38869665420113475 0.2336903585773425 0.0396761200071587 0.054781553878243794
6 0.44055673670232787 0.2397669090636695 0.0396761200071587 0.054781553878243794
10 0.49340474503698695 0.24676884257804033 0.0416292450071587 0.05488391282215599
1 0.5462413900381801 0.2527942135924112 0.0435823700071587 0.054986271766068184
7 0.6020190858728391 0.2596426086909138 0.04558094834102233 0.05899488070998038
3 0.6567974925405663 0.26458905826137247 0.047511346674090627 0.057144114653892464
0 0.7125751883752254 0.27143745335987507 0.04753407334102233 0.059097239653892575
2 0.7693408100433503 0.2792112314864216 0.04748862000715892 0.055190989653892575