9 0.5 0.5 1 1
11 0.794260251953125 0.379345734375 0.73450661328125 0.37216641796875 0.732146494140625 0.3730049609375 0.708668982421875 0.3702100703125 0.70345171875 0.368626240234375 0.6531431875 0.3627569453125 0.6491683203125 0.363874751953125 0.6292933203125 0.362290921875 0.630038359375 0.360707341796875 0.579978173828125 0.3543720234375 0.576872685546875 0.35614211328125 0.560103173828125 0.35399950390625 0.559233796875 0.35204290625 0.51612962890625 0.34701215234375 0.513396826171875 0.34831646875 0.49501256640625 0.346639384765625 0.49513657421875 0.34449652734375 0.456256283203125 0.33890674609375 0.451908400390625 0.3413291171875 0.43613260546875 0.339279513671875 0.4362569453125 0.336484623046875 0.4024566796875 0.3323896328125 0.397311177734375 0.333899552734375 0.3854546953125 0.3323896328125 0.38657308203125 0.3307118046875 0.3340009921875 0.32400049609375 0.214741072265625 0.309846974609375 0.123133927734375 0.299198908203125 0.122567791015625 0.31851810546875 0.122001654296875 0.332530009765625 0.204219576171875 0.344695189453125 0.565444775390625 0.396668650390625 0.77290674609375 0.42557762890625 0.777338625 0.42497321484375 0.795468916015625 0.38176314453125 0.794260251953125 0.379345734375
2 0.224609375 0.328125 0.01953125 0.0234375
0 0.265625 0.333984375 0.0234375 0.02734375
3 0.306640625 0.33984375 0.01953125 0.03125
7 0.3583984375 0.3466796875 0.01953125 0.03125
1 0.41015625 0.353515625 0.021484375 0.03125
10 0.4658203125 0.361328125 0.025390625 0.03515625
6 0.525390625 0.3681640625 0.02734375 0.03515625
8 0.59375 0.376953125 0.02734375 0.03515625
5 0.6689453125 0.38671875 0.03515625 0.041015625
4 0.75390625 0.3974609375 0.041015625 0.04296875