9 0.5 0.5 1 1
11 1 0.68672227734375 0.81242128515625 0.271023490234375 0.69447025390625 0.0121220234375 0.6479726328125 0.011310404296875 0.7843143125 0.299261328125 1 0.771217734375 1 0.68672227734375
2 0.7005248380166362 0.0688625796421211 0.03936929961893698 0.053416213473758495
0 0.743045402638139 0.16041586850141148 0.041299698721238176 0.04954405539744644
3 0.7806206585409694 0.24114174005148206 0.03939202551663623 0.05732246347375852
7 0.8211767352136226 0.33070781198708454 0.039380662567786606 0.05536933847375858
1 0.8558166221420282 0.41040598315162324 0.03740481167008758 0.051428996550070494
10 0.8914217086215843 0.4881680752780059 0.03936929961893698 0.05341621347375858
6 0.9280033576011405 0.5659472133662324 0.03740481167008758 0.051428996550070494
8 0.959668105234148 0.6377817466452392 0.03541759782353893 0.04553552962638263
5 0.9872889452788436 0.7066525005005582 0.025422109442312824 0.04738637885531882