9 0.5 0.5 1 1
11 0 0.3680677421875 0.121781083984375 0.357456349609375 0.93124338671875 0.286539185546875 0.921931216796875 0.23335119140625 0 0.292330904296875 0 0.3680677421875
0 0.0556640625 0.328125 0.0859375 0.0673828125
3 0.1845703125 0.318359375 0.0859375 0.064453125
7 0.30859375 0.3076171875 0.080078125 0.064453125
1 0.4248046875 0.2998046875 0.0693359375 0.064453125
10 0.52734375 0.2919921875 0.0576171875 0.064453125
6 0.6318359375 0.2822265625 0.0576171875 0.0615234375
8 0.72265625 0.2763671875 0.0576171875 0.0556640625
5 0.8115234375 0.26953125 0.0576171875 0.0556640625
4 0.896484375 0.2607421875 0.0478515625 0.05078125