9 0.5 0.5 1 1
11 0.474730478515625 0.683880681640625 0.476872798828125 0.684532662109375 0.51168134765625 0.6694780625 0.512371443359375 0.666546078125 0.526715974609375 0.66071656640625 0.528495916015625 0.661514888671875 0.56336648046875 0.64635084375 0.563261345703125 0.6449401484375 0.575879818359375 0.639322658203125 0.5788344921875 0.63977335546875 0.611844169921875 0.6255496953125 0.6115758359375 0.62405721875 0.624069998046875 0.61865832421875 0.62722437890625 0.618881162109375 0.658083322265625 0.605125015625 0.658454115234375 0.603859185546875 0.67122265234375 0.59822326171875 0.67418180078125 0.599893693359375 0.70516743359375 0.586528966796875 0.70526151953125 0.584890474609375 0.7175175703125 0.579419 0.71982494140625 0.580762505859375 0.7500130078125 0.5683093828125 0.749615884765625 0.565815767578125 0.761760564453125 0.560663458984375 0.7643530625 0.561260138671875 0.79311337890625 0.5489700390625 0.7935311953125 0.54688480078125 0.805380189453125 0.54298876171875 0.809149232421875 0.54324994921875 0.834230720703125 0.53245841015625 0.83623855078125 0.52706255078125 0.83241992578125 0.49337601953125 0.82949512890625 0.4906456796875 0.78566441796875 0.50794032421875 0.65040712109375 0.561758767578125 0.5024326640625 0.62200743359375 0.254238404296875 0.72446905078125 0.266836646484375 0.74135 0.27398709375 0.75437990625 0.2790723046875 0.765584505859375 0.363542267578125 0.7309939453125 0.3643312109375 0.73120219140625 0.40277869921875 0.71539544921875 0.4024094609375 0.71371204296875 0.419464232421875 0.706431166015625 0.45826781640625 0.692207615234375 0.458848587890625 0.690204189453125 0.47165362890625 0.684258626953125 0.474730478515625 0.683880681640625
4 0.819643756047686 0.5173430956033875 0.029505124964706475 0.03854240021477073
5 0.7765516178758596 0.5342946093414118 0.0313444933876168 0.03669163415868271
8 0.7315632329925781 0.5523250445233483 0.03329761838761658 0.036793993102595124
6 0.6866886046863865 0.5723086047052848 0.03318386181052668 0.034840868102595124
10 0.638770532303105 0.5904925783030894 0.035364499964706475 0.03884947704650732
1 0.5899327757083683 0.6097042938728503 0.03525074338761658 0.0368963520465071
7 0.5402890914792664 0.6318968764145672 0.035364499964706475 0.0388494770465071
3 0.4887491605387094 0.6551683804001964 0.03743138154179615 0.040904960990419514
0 0.43416578552106266 0.6766402978016937 0.037317624964706475 0.038951835990419514
2 0.3767664795805057 0.7002188786190595 0.039498263118886046 0.04296044493433149