9 0.5 0.5 1 1
11 0.1812304765625 0.936013642578125 0.389000833984375 0.02756945703125 0.34785858984375 0.0060352109375 0.294239541015625 0.248075474609375 0.137532251953125 0.931463412109375 0.1812304765625 0.936013642578125
2 0.1953441416011159 0.7669070041474441 0.04692944833273793 0.05714061167249973
0 0.21527173441802916 0.6884865574773306 0.05056254672358357 0.05327981500636336
3 0.23317791433265384 0.6091122749741489 0.05069912252816067 0.05523294000636336
7 0.2519923688449899 0.5287500666375013 0.05056254672358351 0.05327981500636336
1 0.2698985487596146 0.44937578413431967 0.05056254672358351 0.05327981500636336
10 0.2889178669788164 0.3719432632976721 0.05056254672358351 0.05327981500636336
6 0.3066874710888639 0.29061585579449045 0.05056254672358351 0.05327981500636336
8 0.32452536310119995 0.21026501079130877 0.05056254672358351 0.05327981500636336
5 0.3432715297112475 0.12892623995466118 0.05069912252816078 0.05523294000636336
4 0.3617445447121406 0.043681219118013606 0.05237909591900636 0.05134941667329515