9 0.5 0.5 1 1
11 0.02862962890625 0.865249751953125 0.081439814453125 0.897826884765625 0.6808115078125 0.37841170703125 0.647940806640625 0.358927580078125 0.539784390625 0.446804564453125 0.193588955078125 0.729179810546875 0.02862962890625 0.865249751953125
2 0.25390625 0.7158203125 0.0517578125 0.0263671875
0 0.3115234375 0.6650390625 0.0458984375 0.02734375
3 0.3671875 0.6181640625 0.04296875 0.0283203125
7 0.4189453125 0.57421875 0.037109375 0.02734375
1 0.4658203125 0.53515625 0.0361328125 0.0244140625
10 0.505859375 0.4990234375 0.033203125 0.0224609375
6 0.5478515625 0.46484375 0.03515625 0.0205078125
8 0.583984375 0.4345703125 0.0390625 0.0166015625
5 0.619140625 0.404296875 0.03515625 0.0185546875
4 0.65234375 0.376953125 0.0302734375 0.015625