9 0.5 0.5 1 1
11 0 0.58881927734375 0.964029650390625 0.664162794921875 0.969414611328125 0.571706580078125 0 0.486085904296875 0 0.58881927734375
2 0.05172475380030188 0.5409755260024987 0.08806034858576 0.1073362918730576
0 0.17546379985757735 0.5516348229415261 0.08806034858576 0.1073362918730576
3 0.2944337899919426 0.5601135742333477 0.08806034858576006 0.1073362918730576
7 0.4170825169721283 0.5726805120429339 0.08783283543158038 0.10343004187305738
1 0.5302500103950385 0.5799097960581087 0.0838128288544906 0.10129498035529294
10 0.643189990663769 0.5910453300732833 0.0838128288544906 0.10129498035529294
6 0.756471240663769 0.5963214890884581 0.0838128288544906 0.10129498035529272
8 0.8665384117210445 0.6063440082153091 0.0856521972774007 0.09943282361417527
5 0.9511580794897752 0.6161605024766901 0.03648280254613123 0.09129924214211727