2 0.5998597140681728 0.16061544022384755 0.03722542737631773 0.05282886838761658
11 0.57521200390625 0.513195990234375 0.57043416796875 0.92429689453125 0.610747373046875 0.931256837890625 0.617432501953125 0.279940166015625 0.620956373046875 0.039064591796875 0.58204252734375 0.036120970703125 0.580209404296875 0.125504578125 0.57521200390625 0.513195990234375
9 0.5 0.5 1 1
0 0.5982398351231354 0.24040917378112303 0.03722542737631773 0.05282886838761658
3 0.5985332893054764 0.3193401014154883 0.03722542737631773 0.05282886838761658
7 0.595936847860439 0.39907695668421883 0.03722542737631773 0.05282886838761658
1 0.595333323288023 0.47990413103003926 0.03722542737631773 0.05282886838761658
10 0.5957063612156072 0.5607881836644045 0.03722542737631773 0.05282886838761658
6 0.5941660660158127 0.64253504222168 0.03722542737631773 0.05282886838761658
8 0.5946584795612613 0.7263487823560453 0.03722542737631773 0.05282886838761658
5 0.5922609974793313 0.8109684501247758 0.03722542737631773 0.0528288683876168
4 0.5918962241426443 0.8976549994705962 0.03722542737631773 0.05282886838761658