9 0.5 0.5 1 1
11 0.631722544921875 0.950626181640625 0.6709332890625 0.78882266796875 0.7377713125 0.470857021484375 0.79601488671875 0.220231125 0.741062857421875 0.217632126953125 0.71105095703125 0.347595107421875 0.616154626953125 0.789698099609375 0.5799326171875 0.946738859375 0.631722544921875 0.950626181640625
2 0.6388524935783582 0.815843846073674 0.06057077980682868 0.04822081573560455
0 0.6520475969007539 0.7538653822653147 0.06091253239872674 0.05212706573560455
3 0.664986385779226 0.6948166059569554 0.0626947811027776 0.050287697312694224
7 0.6784378035455453 0.6299084546485962 0.06252390480682868 0.048334572312694224
1 0.691632906867941 0.5679299908402369 0.0626947811027776 0.050287697312694224
10 0.7040223239862857 0.5040552803204226 0.06286565739872696 0.052240822312694224
6 0.719255990456656 0.4409864974349736 0.06286565739872674 0.052240822312694335
8 0.7344896569270263 0.3779177145495245 0.06286565739872674 0.052240822312694446
5 0.7490885134892946 0.3109995599526204 0.06481878239872696 0.05235457888978412
4 0.7648348088475121 0.24207140206717132 0.06286565739872674 0.052240822312694335