9 0.5 0.5 1 1
11 0.2930555546875 1 0.289079365234375 0.75611838671875 0.27357167578125 0.054661375 0.233808283203125 0.062083994140625 0.248520833984375 1 0.2930555546875 1
2 0.267578125 0.9033203125 0.04296875 0.064453125
0 0.2666015625 0.8046875 0.04296875 0.064453125
3 0.265625 0.7099609375 0.04296875 0.064453125
7 0.2646484375 0.615234375 0.04296875 0.05859375
8 0.2578125 0.26171875 0.0390625 0.05859375
6 0.2607421875 0.34765625 0.041015625 0.05859375
10 0.2626953125 0.4345703125 0.04296875 0.05859375
1 0.263671875 0.525390625 0.04296875 0.05859375
5 0.255859375 0.1748046875 0.0390625 0.0546875
4 0.25390625 0.08984375 0.0390625 0.05078125