9 0.5 0.5 1 1
11 0.03604497265625 0.747767857421875 0.03604497265625 0.794890873046875 0.98015873046875 0.780009919921875 0.978505291015625 0.736607142578125 0.03604497265625 0.747767857421875
2 0.8720703125 0.76171875 0.0546875 0.04296875
0 0.7861328125 0.76171875 0.0546875 0.04296875
3 0.7021484375 0.7626953125 0.056640625 0.04296875
7 0.61328125 0.7626953125 0.0546875 0.046875
1 0.5263671875 0.7626953125 0.056640625 0.046875
10 0.4365234375 0.7646484375 0.056640625 0.046875
6 0.34765625 0.765625 0.05859375 0.046875
8 0.2578125 0.7666015625 0.05859375 0.046875
5 0.166015625 0.7685546875 0.05859375 0.048828125
4 0.0703125 0.76953125 0.060546875 0.046875