9 0.5 0.5 1 1
11 0 0.58599454296875 0.167462962890625 0.59855431640625 0.710965609375 0.633324404296875 0.715621693359375 0.60673040625 0.31089054296875 0.571271826171875 0.17832506640625 0.559720734375 0 0.543603173828125 0 0.58599454296875
2 0.205078125 0.58203125 0.04296875 0.03515625
0 0.27734375 0.5859375 0.04296875 0.03515625
3 0.341796875 0.5908203125 0.04296875 0.03125
7 0.404296875 0.595703125 0.0390625 0.03125
1 0.4619140625 0.599609375 0.03515625 0.03125
10 0.513671875 0.6044921875 0.029296875 0.03125
6 0.5654296875 0.6083984375 0.029296875 0.03125
8 0.611328125 0.6123046875 0.029296875 0.02734375
5 0.6552734375 0.615234375 0.029296875 0.02734375
4 0.6982421875 0.6201171875 0.0234375 0.025390625