9 0.5 0.5 1 1
11 0.182233205078125 0.41754870703125 0.349408611328125 0.44535159375 0.55470282421875 0.479320673828125 0.732429201171875 0.50838984375 0.968797470703125 0.547801802734375 0.970595724609375 0.5396570078125 0.977453138671875 0.52636318359375 0.983939076171875 0.517839755859375 0.989016806640625 0.5108313984375 0.752069423828125 0.4700182265625 0.57463002734375 0.43939301953125 0.497534048828125 0.426958267578125 0.254519603515625 0.384041353515625 0.020949171875 0.34345858984375 0.0141486484375 0.3471228125 0.00295805859375 0.3822384921875 0.00688541015625 0.387182021484375 0.182233205078125 0.41754870703125
2 0.767574396828752 0.49403219739619797 0.03926703307929147 0.0356107833386361
0 0.6903464186868054 0.4812580257400043 0.04317328307929147 0.03565623667249973
3 0.617041734968133 0.471368088249947 0.04119743218159222 0.031727260005567914
7 0.5388258313773368 0.4566521549272192 0.037302545130441844 0.03363493167170439
1 0.4606099277865406 0.4419362216044915 0.04510368218159233 0.031772713339431546
10 0.38338194964459393 0.4291620499482978 0.04707953307929147 0.03570169000636336
6 0.3012711590026472 0.4164446949594337 0.04707953307929147 0.03570169000636336
8 0.21621363643742633 0.40083174247096726 0.04905538397699044 0.03963066667329518
5 0.1331206018210549 0.387149188315569 0.045126408079291414 0.035678963339431546
4 0.040250579255833974 0.37162714249482975 0.05295027102814093 0.0377229950071587