9 0.5 0.5 1 1
11 0.198751130859375 0.268271462890625 0.198612962890625 0.0855506875 0.1426698125 0.08714139453125 0.141615673828125 0.13127969921875 0.144010626953125 0.39084073828125 0.1435729140625 0.644220251953125 0.144043123046875 0.872239126953125 0.196795673828125 0.867558935546875 0.198751130859375 0.268271462890625
2 0.16959099341921618 0.6671522643868126 0.05387097766556703 0.04336716932016538
0 0.1703477499842059 0.6076616679853342 0.05387097766556703 0.0433671693201656
3 0.17018477418247396 0.5462976626823773 0.057890887932123714 0.04759228371425195
7 0.17194650831410285 0.48575078768237734 0.05588093279884543 0.04547972651720866
1 0.17077855494573174 0.4254430609779421 0.055937762932123714 0.047432851517208774
10 0.171620556710639 0.3630227770764637 0.05588093279884537 0.045479726517208774
6 0.17053784854218543 0.2997853628720284 0.05588093279884537 0.04547972651720866
8 0.16942672530709268 0.23752451116759318 0.05599459306540211 0.04938597651720872
5 0.16932057963863908 0.17420738086463636 0.055937762932123714 0.04743285151720872
4 0.16927126410346388 0.10893712556167953 0.057890887932123714 0.04759228371425189