9 0.5 0.5 1 1
11 0.56290376953125 0.188976521484375 0.83978521875 0.18603273828125 0.999751984375 0.186177248046875 0.999751984375 0.119375 0.84044766796875 0.11744014453125 0.763519345703125 0.1174222890625 0.54207862109375 0.119777447265625 0.21063516796875 0.1165393515625 0.06689980078125 0.116244708984375 0.06816269921875 0.18809325390625 0.214415177734375 0.188976521484375 0.379068205078125 0.190448412109375 0.56290376953125 0.188976521484375
2 0.814453125 0.1484375 0.04296875 0.064453125
0 0.740234375 0.150390625 0.04296875 0.060546875
3 0.6669921875 0.1533203125 0.046875 0.06640625
7 0.5888671875 0.15234375 0.046875 0.06640625
1 0.5107421875 0.15234375 0.046875 0.06640625
10 0.43359375 0.154296875 0.046875 0.06640625
6 0.3515625 0.154296875 0.046875 0.064453125
8 0.26953125 0.1533203125 0.046875 0.06640625
5 0.1845703125 0.15234375 0.046875 0.068359375
4 0.095703125 0.1533203125 0.046875 0.06640625