9 0.5 0.5 1 1
11 0.395591390625 0.6902691328125 0.69178308984375 0.6158977109375 0.7641000859375 0.599827392578125 0.76563683203125 0.554292830078125 0.0301191640625 0.705735609375 0.03931593359375 0.7766040625 0.193361736328125 0.74161785546875 0.395591390625 0.6902691328125
2 0.2922684725529069 0.6862196786754637 0.0567333847980207 0.07190374373179376
0 0.3620306360524945 0.6695537714440823 0.050703519398185626 0.06587387833195879
3 0.42587659441880377 0.6550114796125359 0.044730484131628945 0.061797137932123825
7 0.4828866152851131 0.6406680932474638 0.04272052899835055 0.05978718279884543
1 0.5349285784515048 0.6293964697155874 0.03870061873179376 0.055767272532288636
10 0.5830642916178965 0.6182385064502678 0.03473753859851536 0.053700487265731844
6 0.6302234422842884 0.6071089582515874 0.03272758346523719 0.05169053213245345
8 0.6734195128174018 0.5980461953194636 0.03272758346523719 0.05169053213245345
5 0.7117327708505152 0.5891255077205357 0.02876450333195879 0.04962374686589688
4 0.7500460288836286 0.5802048201216079 0.028707673198680395 0.04767062186589688