9 0.5 0.5 1 1
11 0.50004487890625 0.759530927734375 0.23470468359375 0.696083806640625 0.099855486328125 0.665213115234375 0.09907525390625 0.689100955078125 0.28589437109375 0.733630728515625 0.443345734375 0.771928525390625 0.888730625 0.891246458984375 0.8961815625 0.861633224609375 0.50004487890625 0.759530927734375
2 0.5841334053204226 0.7958622461715598 0.038701967079257216 0.029938690286966274
0 0.5272556355715065 0.7791379474365332 0.03468196050216754 0.027712413677811742
3 0.47015035266841054 0.7663198987015067 0.03468196050216754 0.027712413677811742
7 0.41511195134240453 0.7516853007710576 0.034568203925077756 0.025759288677811742
1 0.3628894809393087 0.7392086915474739 0.03284259207925733 0.0295289628732347
10 0.3116435730362128 0.7268003702261789 0.030661953925077756 0.025486137068657655
6 0.26137422763311696 0.7144603368071726 0.030661953925077756 0.025486137068657433
8 0.21196768815293132 0.7041417162904549 0.030661953925077756 0.025486137068657655
5 0.16365146774983547 0.6919382586760255 0.026755703925077756 0.025212985459503123
4 0.1152214907696498 0.6816879260615963 0.028708828925077756 0.02534956126408039