9 0.5 0.5 1 1
11 0.180403439453125 0.572565228515625 0.167657408203125 0.601243798828125 0.9996693125 0.64401016796875 0.999557208984375 0.60728125 0.180403439453125 0.572565228515625
4 0.193359375 0.58984375 0.02734375 0.02734375
5 0.2548828125 0.591796875 0.02734375 0.02734375
8 0.31640625 0.59375 0.03125 0.029296875
6 0.375 0.5966796875 0.03125 0.02734375
10 0.4384765625 0.5986328125 0.03125 0.02734375
1 0.501953125 0.6015625 0.033203125 0.029296875
7 0.5654296875 0.60546875 0.037109375 0.02734375
3 0.6337890625 0.607421875 0.0390625 0.029296875
0 0.7021484375 0.611328125 0.04296875 0.02734375
2 0.775390625 0.6142578125 0.044921875 0.03125