9 0.5 0.5 1 1
11 0.6419351875 0.751448140625 0.669431263671875 0.75018896875 0.68821024609375 0.184555283203125 0.664435646484375 0.18572783203125 0.6419351875 0.751448140625
2 0.6720753378671793 0.2923647124356765 0.02566955075860422 0.027889263867708403
0 0.670441238433708 0.3362645654467008 0.025669550758604442 0.027889263867708403
3 0.6688071390002366 0.3801644184577251 0.02598841515269079 0.0317955138677084
7 0.6669338912712006 0.42699395896874937 0.02598841515269079 0.0317955138677084
1 0.6649809274436429 0.47480006197977376 0.02598841515269079 0.0317955138677084
10 0.6629482475175636 0.523582727490798 0.02598841515269079 0.0317955138677084
6 0.6609155675914844 0.5723653930018223 0.02598841515269079 0.0317955138677084
8 0.6597000179683621 0.6230784537683588 0.02630727954677692 0.0357017638677084
5 0.6583250361481965 0.6757446395348952 0.026147847349733855 0.03374863886770818
4 0.6557343435324663 0.7313632425459196 0.02630727954677692 0.0357017638677084