9 0.5 0.5 1 1
11 0.099228099609375 0.663370455078125 0.106224166015625 0.73592123046875 0.920373859375 0.488897353515625 0.91416909765625 0.43380717578125 0.326726072265625 0.60024346484375 0.099228099609375 0.663370455078125
4 0.9017918485797372 0.46447235979253565 0.034771831442012235 0.045887987265731955
5 0.8416076944285151 0.4837838038575254 0.031001990697839155 0.049680576999175274
8 0.7805151824052066 0.5011705379891542 0.036929570325752614 0.05180419239901024
6 0.7214098976958547 0.5175238794875048 0.04097222958157998 0.05582410266556703
10 0.6573535958585894 0.5359724213190512 0.04090402495366652 0.05387097766556703
1 0.5933313963352809 0.5534444006505976 0.04689980920949344 0.05794771806540222
7 0.5262431000561452 0.5749078751820615 0.04299355920949344 0.05783405779884543
3 0.454340195904923 0.5945603000467214 0.04689980920949344 0.05794771806540222
0 0.3794393996257873 0.6162510951112988 0.05080605920949355 0.05806137833195879
2 0.30150660890478126 0.6409568228757937 0.04885293420949355 0.058004548198680395