9 0.5 0.5 1 1
11 0.604252126953125 0.102986953125 0.61960083984375 0.545216302734375 0.6352400234375 0.90759284765625 0.68873966796875 0.90226803515625 0.679440017578125 0.647957001953125 0.667653080078125 0.145506294921875 0.665303908203125 0.101201033203125 0.604252126953125 0.102986953125
2 0.6400852017231339 0.2741950894016699 0.05973023722439241 0.049169013465485634
0 0.6427664950597225 0.34744295837609473 0.05582398722439241 0.049146287567786606
3 0.6453795991628476 0.41776113985051944 0.05973023722439241 0.049169013465485634
7 0.6460168485214848 0.48709139587609473 0.05973023722439241 0.049169013465485634
1 0.6485617633911462 0.5544798898505194 0.05582398722439219 0.049146287567786606
10 0.6501301157608078 0.6218627023505194 0.05178135875746537 0.04326418667008758
6 0.6536061336414936 0.687303752799369 0.051781358757465146 0.04326418667008758
8 0.6570366920332038 0.7507916782482185 0.053779943246440975 0.04522867461893698
5 0.6585823146583774 0.8171979282482185 0.055687608757465146 0.043286912567786606
4 0.6610590402945754 0.8816567347226433 0.057686193246440975 0.04525140051663623