9 0.5 0.5 1 1
11 0 0.5294400078125 0.76497321875 0.4415817421875 0.7667080546875 0.4104460625 0 0.484417794921875 0 0.5294400078125
2 0.12504309324746368 0.495448894489914 0.05387097766556703 0.04151864298982266
0 0.21215606121393793 0.4845648694696507 0.05392780779884543 0.04347176798982266
3 0.29533436411377295 0.47483934346715195 0.04801160266556703 0.041245738213175676
7 0.3735446093136905 0.4682709256118591 0.044048522532288636 0.03911067669541102
1 0.44397076958024717 0.46108981829209555 0.042095397532288636 0.0390197084365288
10 0.512472219913443 0.4530231167312143 0.038075487265732066 0.03493152191876403
6 0.5760340276133606 0.44713696081753884 0.036122362265731844 0.03484055365988181
8 0.6357464154465564 0.439479616421628 0.034169237265731844 0.03474958540099948
5 0.6924438705798348 0.4348884119140407 0.03215928213245367 0.032705492142117154
4 0.7492265709130307 0.42736751990645333 0.02825303213245367 0.032523555624352496