9 0.5 0.5 1 1
11 0.84222818359375 0.077650662109375 0.796860875 0.07791503125 0.76135764453125 0.730143533203125 0.811763171875 0.735093724609375 0.83360536328125 0.3094906328125 0.84222818359375 0.077650662109375
4 0.7894671522352481 0.7134505021917703 0.0504197999048599 0.04219154842654138
5 0.7916954971020518 0.6587630021917703 0.0503402161596167 0.04023842342654138
8 0.7928676957236125 0.6059660462232395 0.04830750741437395 0.03816013648947969
6 0.7960328112177948 0.5523176896917703 0.0484666749048599 0.04206638648947969
10 0.7991979267119769 0.4986693331603011 0.04830750741437395 0.03816013648947958
1 0.8003303334609162 0.4468489396917703 0.05026063241437395 0.03828529842654138
7 0.8034954489550983 0.39320058316030115 0.0484666749048599 0.04206638648947969
3 0.8075575432040376 0.3415679325973628 0.0504197999048599 0.04219154842654127
0 0.8107624505708413 0.2869430135658936 0.0504197999048599 0.04219154842654127
2 0.8129510035650235 0.23323207606589358 0.0503402161596167 0.04023842342654127