9 0.5 0.5 1 1
11 0.701742806640625 0.549998015625 0.682118798828125 0.99798544921875 0.735754712890625 0.999302248046875 0.75040575390625 0.577905091796875 0.75930133984375 0.376973875 0.77496924609375 0.0383376328125 0.730192708984375 0.030989748046875 0.701742806640625 0.549998015625
2 0.712890625 0.92578125 0.05078125 0.068359375
0 0.7158203125 0.81640625 0.046875 0.06640625
3 0.720703125 0.712890625 0.046875 0.06640625
7 0.724609375 0.6103515625 0.048828125 0.0625
1 0.7294921875 0.5126953125 0.046875 0.05859375
10 0.7333984375 0.419921875 0.044921875 0.0546875
6 0.73828125 0.3271484375 0.044921875 0.0546875
8 0.7431640625 0.2373046875 0.04296875 0.052734375
5 0.74609375 0.150390625 0.04296875 0.05078125
4 0.75 0.064453125 0.04296875 0.05078125