9 0.5 0.5 1 1
11 1 0.379898916015625 0.70921250390625 0.3655379140625 0.0203468671875 0.3302459140625 0.01772630859375 0.338238130859375 0.019691712890625 0.375740283203125 1 0.422929978515625 1 0.379898916015625
2 0.7999097445998036 0.39038916232524745 0.05467919493433149 0.041105346993002057
0 0.7203475668521988 0.38759405781475054 0.05663231993433171 0.041253345955705845
3 0.6426873346326378 0.38367439184154983 0.058687803878243905 0.04335446991840963
7 0.5620462354411209 0.3790001618124048 0.05272606993433149 0.04095734803029827
1 0.47862898716547203 0.3774776177273155 0.05097766282215599 0.04471559906759448
10 0.3969601460019989 0.37190082467952235 0.05488391282215599 0.045011596993002057
6 0.31143623431048184 0.3675965920571368 0.05108002176606807 0.04666872406759448
8 0.22596350209092092 0.36426892193475124 0.053033146766068184 0.04681672303029827
5 0.13740754395549168 0.3582335627564213 0.05879016282215599 0.04530759491840963
4 0.04602425726397464 0.3543733270221471 0.057041755709980366 0.049065845955705845