9 0.5 0.5 1 1
11 0.9855251328125 0.570889880859375 0.979403109375 0.5280243046875 0.012126322265625 0.52113516796875 0.01370304296875 0.559987599609375 0.9855251328125 0.570889880859375
2 0.1708984375 0.541015625 0.0390625 0.03515625
0 0.2490234375 0.5419921875 0.041015625 0.037109375
3 0.3271484375 0.5419921875 0.04296875 0.0390625
7 0.41015625 0.54296875 0.046875 0.0390625
1 0.4921875 0.54296875 0.05078125 0.0390625
10 0.5751953125 0.544921875 0.0546875 0.0390625
6 0.6640625 0.5458984375 0.05859375 0.041015625
8 0.75390625 0.5458984375 0.05859375 0.04296875
5 0.8486328125 0.546875 0.05859375 0.041015625
4 0.94921875 0.5478515625 0.05859375 0.04296875