9 0.5 0.5 1 1
11 0.740597966796875 0.002293650390625 0.710062251953125 0.0074546953125 0.696299603515625 0.3262529765625 0.68511755859375 0.68813955078125 0.68038665625 0.86991997265625 0.7113524296875 0.880242064453125 0.740597966796875 0.002293650390625
2 0.7138671875 0.2939453125 0.029296875 0.0400390625
0 0.7109375 0.35546875 0.029296875 0.0390625
3 0.708984375 0.4169921875 0.0283203125 0.0419921875
7 0.7080078125 0.4775390625 0.0302734375 0.041015625
1 0.7041015625 0.5390625 0.029296875 0.0380859375
10 0.703125 0.6005859375 0.0283203125 0.0380859375
6 0.701171875 0.6630859375 0.0302734375 0.037109375
8 0.7001953125 0.7236328125 0.0302734375 0.0361328125
5 0.6982421875 0.787109375 0.0302734375 0.0380859375
4 0.6953125 0.8505859375 0.0302734375 0.0361328125