9 0.5 0.5 1 1
11 0.379345734375 0.205739748046875 0.37216641796875 0.26549338671875 0.3730049609375 0.267853505859375 0.3702100703125 0.291331017578125 0.368626240234375 0.29654828125 0.3627569453125 0.3468568125 0.363874751953125 0.3508316796875 0.362290921875 0.3707066796875 0.360707341796875 0.369961640625 0.3543720234375 0.420021826171875 0.35614211328125 0.423127314453125 0.35399950390625 0.439896826171875 0.35204290625 0.440766203125 0.34701215234375 0.48387037109375 0.34831646875 0.486603173828125 0.346639384765625 0.50498743359375 0.34449652734375 0.50486342578125 0.33890674609375 0.543743716796875 0.3413291171875 0.548091599609375 0.339279513671875 0.56386739453125 0.336484623046875 0.5637430546875 0.3323896328125 0.5975433203125 0.333899552734375 0.602688822265625 0.3323896328125 0.6145453046875 0.3307118046875 0.61342691796875 0.32400049609375 0.6659990078125 0.309846974609375 0.785258927734375 0.299198908203125 0.876866072265625 0.31851810546875 0.877432208984375 0.332530009765625 0.877998345703125 0.344695189453125 0.795780423828125 0.396668650390625 0.434555224609375 0.42557762890625 0.22709325390625 0.42497321484375 0.222661375 0.38176314453125 0.204531083984375 0.379345734375 0.205739748046875
2 0.328125 0.775390625 0.0234375 0.01953125
0 0.333984375 0.734375 0.02734375 0.0234375
3 0.33984375 0.693359375 0.03125 0.01953125
7 0.3466796875 0.6416015625 0.03125 0.01953125
1 0.353515625 0.58984375 0.03125 0.021484375
10 0.361328125 0.5341796875 0.03515625 0.025390625
6 0.3681640625 0.474609375 0.03515625 0.02734375
8 0.376953125 0.40625 0.03515625 0.02734375
5 0.38671875 0.3310546875 0.041015625 0.03515625
4 0.3974609375 0.24609375 0.04296875 0.041015625