9 0.5 0.5 1 1
11 0.698747271484375 0.286265873046875 0.682144841796875 0.249120701171875 0.62430431640625 0.33055489453125 0.5514677578125 0.438419642578125 0.476489087890625 0.549141865234375 0.211395833984375 0.929561837890625 0.2446006953125 0.971707671875 0.36259424609375 0.796302248046875 0.458280009765625 0.64914880859375 0.540220982421875 0.524854166015625 0.60341741015625 0.429133267578125 0.698747271484375 0.286265873046875
2 0.32421875 0.8134765625 0.02734375 0.037109375
0 0.3740234375 0.7392578125 0.02734375 0.041015625
3 0.4208984375 0.6689453125 0.02734375 0.0390625
7 0.466796875 0.6015625 0.02734375 0.0390625
1 0.5068359375 0.5419921875 0.0234375 0.037109375
10 0.5439453125 0.4853515625 0.0234375 0.03515625
6 0.580078125 0.4306640625 0.0234375 0.033203125
8 0.615234375 0.3818359375 0.0234375 0.03515625
5 0.6474609375 0.33203125 0.01953125 0.03515625
4 0.6796875 0.2841796875 0.017578125 0.033203125