9 0.5 0.5 1 1
11 0.758205388671875 0.71300604296875 0.908883080078125 0.741810693359375 0.925092876953125 0.670341775390625 0.204113798828125 0.548463388671875 0.201148935546875 0.594079609375 0.271919771484375 0.60724686328125 0.5609332109375 0.66975521484375 0.758205388671875 0.71300604296875
2 0.6654271905486591 0.661646932839607 0.05786793425276526 0.07394219617478792
0 0.5963980803618505 0.6485120566052955 0.05389350040538954 0.06978562230066476
3 0.5341878617131978 0.6359156760912684 0.04597872463432573 0.063425599552418
7 0.47781997210270116 0.6239203722660563 0.043991507710637756 0.06134731261535631
1 0.42726031960667266 0.6144792701296593 0.04005116578694978 0.05914386374123293
10 0.3806069171106442 0.6047878441191389 0.03607673193957395 0.05498728986710977
6 0.3339364686527717 0.5960729806086186 0.034089515015885974 0.05290900293004808
8 0.29213178673305534 0.588021774755444 0.034089515015886085 0.05290900293004808
5 0.254199262889651 0.5816733700281462 0.032136390015886085 0.052783840992986386
4 0.21727739346993458 0.5733092593323177 0.030115081168510194 0.04875242905592492