9 0.5 0.5 1 1
11 0.529663740234375 0.455490146484375 0.98137037109375 0.2934096796875 0.981904642578125 0.201576244140625 0.30344629296875 0.46775140625 0.004278369140625 0.580290716796875 0.049216958984375 0.630337794921875 0.529663740234375 0.455490146484375
2 0.9261162011887057 0.2695659264713919 0.0861331361215607 0.05615647604544852
0 0.7929886894492806 0.3198978780401116 0.08238605361204665 0.059903558554962544
3 0.6649429495729628 0.3655459764719388 0.06676105361204665 0.05926688859301865
7 0.5605336690597527 0.40726626734668187 0.06285480361204687 0.059107721102532707
1 0.4553069935370283 0.4450405163488034 0.05504230361204665 0.058789386121560705
10 0.36684104800479 0.4795849771854904 0.05300959486680368 0.05675667737631773
6 0.27259531121779473 0.5119375617864484 0.050976886121560705 0.05472396863107476
8 0.19503072067604244 0.5430134832219718 0.04886459363107476 0.05073813488583179
5 0.12051519325215457 0.5712790927753597 0.04675230114058876 0.046752301140588814
4 0.049985499573509735 0.5977507448192336 0.04854625865010277 0.04292563488583179