9 0.5 0.5 1 1
11 0.86832605859375 0.908951140625 0.850959326171875 0.703818453125 0.813125330078125 0.2074305546875 0.7647470234375 0.207895833984375 0.805062169921875 0.90988144921875 0.86832605859375 0.908951140625
4 0.7900390625 0.224609375 0.048828125 0.0302734375
5 0.79296875 0.2734375 0.0498046875 0.0322265625
8 0.794921875 0.322265625 0.0498046875 0.03125
6 0.7978515625 0.3740234375 0.05078125 0.0322265625
10 0.8017578125 0.4287109375 0.052734375 0.03515625
1 0.8056640625 0.482421875 0.0517578125 0.037109375
7 0.810546875 0.541015625 0.0537109375 0.0380859375
3 0.814453125 0.6025390625 0.052734375 0.0390625
0 0.8203125 0.6669921875 0.0556640625 0.0439453125
2 0.82421875 0.734375 0.0546875 0.0478515625