9 0.5 0.5 1 1
11 0.87492615234375 0.94253678125 0.925733619140625 0.9459073359375 0.9418583359375 0.944874017578125 0.93910629296875 0.788563830078125 0.930772197265625 0.63675343359375 0.921781783203125 0.496184134765625 0.91657326953125 0.364477083984375 0.912334453125 0.245620771484375 0.911134177734375 0.13362903125 0.85105751953125 0.131660005859375 0.8566583125 0.35974421484375 0.866475609375 0.64814838671875 0.87492615234375 0.94253678125
2 0.9039752706743935 0.7558758415005515 0.06923609091129501 0.06272409392303446
0 0.9016636649897101 0.6794536426264282 0.06696410151720888 0.05869268198597277
3 0.8976380826005912 0.6060862931893667 0.06517040871425195 0.06052064504891108
1 0.8930746180120046 0.4659997889096508 0.06501097651720888 0.05856752004891119
10 0.8896867644110584 0.4004449394725892 0.06273898712312231 0.05453610811184961
6 0.8872754733101123 0.33482750906699665 0.06062642992607925 0.05245782117478792
8 0.8851830466032524 0.27311632866140423 0.0603075655319929 0.04855157117478792
5 0.8851234609949141 0.21225654881875006 0.05803557613790655 0.04452015923772623
4 0.8831904664850976 0.1524984934131576 0.058195008334949616 0.04647328423772623
7 0.8955656252114723 0.5325937818152433 0.06891722651720888 0.05881784392303446