9 0.5 0.5 1 1
11 0.87520558203125 0.50645123828125 0.86340681640625 0.475282939453125 0.370641974609375 0.62052919921875 0.09319332421875 0.70419462109375 0.100406796875 0.734910591796875 0.87520558203125 0.50645123828125
2 0.2814372867599957 0.6635773185671301 0.045330955004772466 0.03908640480682868
0 0.34378956342493894 0.6454139645967598 0.0473295333386361 0.0431635311027776
3 0.4041887150898822 0.6274214869223387 0.04535368167170439 0.04103952980682868
7 0.4665409917548255 0.6092581329519684 0.04535368167170428 0.04103952980682868
1 0.5288819050863028 0.5901182164815982 0.04535368167170439 0.04103952980682868
10 0.5902576192512461 0.5720403006592025 0.0473295333386361 0.0431635311027776
6 0.6535978217496552 0.5547680710408578 0.04535368167170439 0.04103952980682868
8 0.7169152975811326 0.5355427164225128 0.0473295333386361 0.0431635311027776
5 0.7802555000795418 0.5182704868041681 0.04535368167170439 0.04103952980682868
4 0.8455147375775532 0.4978976933898743 0.0473295333386361 0.04316353110277771