9 0.5 0.5 1 1
11 0.79943353125 0.49191811328125 0.788517896484375 0.462134908203125 0.034853396484375 0.616579845703125 0.0431073515625 0.66187394140625 0.79943353125 0.49191811328125
2 0.17540620733924983 0.6089817680289897 0.05200893330244427 0.03663383346523719
0 0.26062755874615734 0.5909744813932372 0.05207713793035784 0.038586958465236965
3 0.3410343022809784 0.5747782444242888 0.04614955830244427 0.03646334306540222
7 0.41554756850184277 0.5574349545555053 0.04224330830244427 0.03634968279884543
1 0.4833272041645774 0.5428224467202476 0.04029018330244427 0.03629285266556703
10 0.5501643796412689 0.5291580863183507 0.03624752404661713 0.03227294239901024
6 0.6101656176179603 0.5152948204499797 0.03429439904661713 0.032216112265732066
8 0.668316037536522 0.5043044119483302 0.03227306941870367 0.03020615713245367
5 0.7224920028271704 0.49124721818012407 0.03031994441870367 0.030149326999175274
4 0.777746837559689 0.481148126978557 0.02641369441870367 0.030035666732618482