9 0.5 0.5 1 1
11 0.320912203125 0.348047619140625 0.324096478515625 0.353992064453125 0.77085987109375 0.926685845703125 0.77829042578125 0.909985119140625 0.786994791015625 0.89809623046875 0.794849703125 0.892717923828125 0.341747271484375 0.31492890234375 0.339624255859375 0.3140796953125 0.33707663671875 0.315778109375 0.3213368046875 0.344367724609375 0.320912203125 0.348047619140625
2 0.6982421875 0.802734375 0.0234375 0.03125
0 0.654296875 0.7470703125 0.0234375 0.03125
3 0.611328125 0.6943359375 0.025390625 0.03125
7 0.5703125 0.6396484375 0.025390625 0.033203125
1 0.53125 0.5888671875 0.025390625 0.03515625
10 0.4921875 0.5390625 0.0234375 0.03125
6 0.4541015625 0.4892578125 0.0234375 0.03515625
8 0.4169921875 0.443359375 0.0234375 0.03125
5 0.37890625 0.3955078125 0.0234375 0.029296875
4 0.34375 0.3486328125 0.01953125 0.033203125