9 0.5 0.5 1 1
11 0.319591734375 0.058237265625 0.279921078125 0.050897560546875 0.237334791015625 0.965680908203125 0.281512990234375 0.974011837890625 0.319591734375 0.058237265625
2 0.2642788633507367 0.8561949167509995 0.053712090769224785 0.06701209859780466
0 0.2690416621036591 0.7650121954144726 0.053564091806521 0.06505897359780466
3 0.27402645930063707 0.6767591615779458 0.05341609284381721 0.06310584859780466
7 0.27705813149761505 0.5884037687975068 0.053564091806521 0.06505897359780466
1 0.2812883646386488 0.5030292429890237 0.05341609284381721 0.06310584859780466
10 0.28559259726103436 0.41863127968054076 0.05326809388111342 0.06115272359780477
6 0.289822830402068 0.33325675387205783 0.05131496888111342 0.061050364653892575
8 0.29224793750580547 0.24973299411966265 0.05131496888111342 0.061050364653892575
5 0.29474704409089486 0.16718579686726753 0.049065845955705845 0.05704175570998038
4 0.2989772772319285 0.08181127105878458 0.049065845955705845 0.05704175570998038