9 0.5 0.5 1 1
11 0.882985986328125 0.74666371484375 0.165501771484375 0.340064419921875 0.04577466796875 0.269343287109375 0.04222671875 0.30951977734375 0.1721085234375 0.385403744140625 0.85053663671875 0.77661266015625 0.882985986328125 0.74666371484375
2 0.21161232180627942 0.38671875 0.04488081126408039 0.02734375
0 0.27259614838637986 0.4208984375 0.0471070878732347 0.03125
3 0.3356696757710575 0.45703125 0.0451539628732347 0.03125
7 0.4017411785580237 0.494140625 0.0432008378732347 0.03125
1 0.46683611884498993 0.53125 0.0471070878732347 0.03125
10 0.5360421728388218 0.5712890625 0.04919678867781174 0.033203125
6 0.6062247893326538 0.611328125 0.0510133378732347 0.03125
8 0.6805185195333516 0.654296875 0.05505616367781174 0.033203125
5 0.7567653747340493 0.697265625 0.0588258378732347 0.03125
4 0.8392813323484785 0.74609375 0.05896241367781174 0.033203125