9 0.5 0.5 1 1
11 0.92389068359375 0.090852076171875 0.71768653125 0.9522563671875 0.762285076171875 0.949137732421875 0.966809384765625 0.10075005859375 0.92389068359375 0.090852076171875
2 0.7701204066308903 0.8320951204675415 0.048648320325752836 0.05405906930985216
0 0.7879682386422611 0.7544891995194813 0.048648320325752836 0.05405906930985216
3 0.8049418150955022 0.6798812539737096 0.048648320325752836 0.05405906930985216
7 0.8245722605370891 0.5972559447210721 0.048648320325752836 0.05405906930985216
1 0.8415117346763734 0.5216714366753006 0.048648320325752836 0.05405906930985216
10 0.8603361291877443 0.44399722782495166 0.048648320325752614 0.05405906930985205
6 0.8810113417572446 0.36325675567002563 0.048648320325752836 0.05405906930985205
8 0.8998357362686155 0.2855825468196768 0.048648320325752836 0.05405906930985205
5 0.9195343863381158 0.20491036256703934 0.048648320325752614 0.05405906930985205
4 0.9381882692797027 0.1223533412166905 0.048648320325752836 0.05405906930985205