9 0.5 0.5 1 1
11 0.806581349609375 0.965465939453125 0.82250396875 0.948198744140625 0.8354541171875 0.939707009765625 0.8418231640625 0.936876322265625 0.69731795703125 0.766317791015625 0.488957837890625 0.5211481484375 0.402216021484375 0.418809193359375 0.273849703125 0.269948744140625 0.27131398828125 0.270147486328125 0.24744866015625 0.30415575390625 0.24789608203125 0.30694014453125 0.320536458984375 0.39126455078125 0.420541666015625 0.50807804296875 0.550309771484375 0.66167592578125 0.67164459375 0.80618088671875 0.806581349609375 0.965465939453125
2 0.66796875 0.767578125 0.02734375 0.0390625
0 0.623046875 0.7119140625 0.02734375 0.041015625
3 0.578125 0.66015625 0.02734375 0.0390625
7 0.5341796875 0.6083984375 0.02734375 0.03515625
1 0.490234375 0.5576171875 0.025390625 0.0390625
10 0.4482421875 0.5068359375 0.02734375 0.0390625
6 0.4033203125 0.4560546875 0.0234375 0.0390625
8 0.361328125 0.4052734375 0.025390625 0.03515625
5 0.3173828125 0.35546875 0.02734375 0.03515625
4 0.2734375 0.3037109375 0.0234375 0.0390625