9 0.5 0.5 1 1
11 0.4822877109375 0.16683052734375 0.424510126953125 0.17643759765625 0.53649530078125 0.9281951953125 0.58876379296875 0.918836134765625 0.4822877109375 0.16683052734375
4 0.45762009080602395 0.19581974493755971 0.061183221674090627 0.055392026674885964
5 0.4675213916295472 0.2679603732694348 0.063090893340227 0.05150850334181778
8 0.478444708286934 0.3361833882678439 0.061137768340226994 0.051485776674885964
6 0.48841418911125256 0.40246464159971895 0.061137768340226994 0.051485776674885964
10 0.49742983410250297 0.46680413326506 0.06111504167329507 0.049532651674885964
1 0.5074334049272193 0.530155699096935 0.06111504167329507 0.049532651674885964
7 0.5164945032523333 0.590588940762276 0.06109231500636336 0.047579526674885964
3 0.5245563124105155 0.6529866707610829 0.06111504167329507 0.049532651674885964
0 0.5336174107356295 0.7134199124264238 0.06109231500636336 0.047579526674886186
2 0.5417246732276753 0.7719113924252308 0.05913919000636314 0.04755680000795426