9 0.5 0.5 1 1
11 0.396266865234375 1 0.57213794921875 0.033323240234375 0.47086824609375 0.027424953125 0.294897609375 1 0.396266865234375 1
2 0.346152526428051 0.9849332400108377 0.08438550570998038 0.030133519978324586
0 0.37167042556896834 0.8871614108739985 0.0896224219808388 0.07531778939195166
3 0.39729483618663214 0.7630618318959803 0.0915755469808388 0.07543154596904156
7 0.41361423705190076 0.6471825325325132 0.0896224219808388 0.07531778939195166
1 0.4328121459452132 0.5304973055346808 0.08160520409301442 0.07095651308359252
10 0.45391200036656965 0.4129492726139381 0.08140048620519003 0.06705026308359252
6 0.47321226820379436 0.29821717061610564 0.087771655924751 0.07715715781486199
8 0.4954934030129752 0.18463226598390792 0.08551145409301442 0.07118402623777209
5 0.5165932574343316 0.06708423306316529 0.08140048620519003 0.06705026308359244