9 0.5 0.5 1 1
11 0.23063553515625 0.335625908203125 0.698876140625 0.4740091953125 0.716739228515625 0.455816466796875 0.031105244140625 0.24919887890625 0.029008912109375 0.276914611328125 0.23063553515625 0.335625908203125
2 0.20776123482412387 0.3179151592234443 0.03187513146606186 0.022939867142117154
0 0.2669232861569074 0.33471736145697467 0.03382825646606191 0.023030835400999483
3 0.32318406505633 0.3526325785788285 0.03762084619950512 0.01930652191876414
7 0.37938801382247445 0.36859467070068236 0.03762084619950512 0.01930652191876414
1 0.43363883758861876 0.3846477310814185 0.029751516066226724 0.016989523883234936
10 0.48590812128812394 0.399815197221037 0.031704641066226835 0.017080492142117154
6 0.5381489899209899 0.4140061008606555 0.033657766066226724 0.017171460400999372
8 0.5894985412537734 0.4311721761297151 0.029694685932948328 0.015036398883234825
5 0.6387813073200002 0.44452296965765703 0.029694685932948328 0.015036398883234825
4 0.6910790060861445 0.46066699829727553 0.023778480799669932 0.012810369106587949