9 0.5 0.5 1 1
11 0.971324736328125 0.43517584375 0.98868088671875 0.403482390625 0.45517294921875 0.482150296875 0.04873743359375 0.534339037109375 0.083180224609375 0.553373263671875 0.400418982421875 0.51258556640625 0.74082506640625 0.46975818359375 0.913493716796875 0.44528571484375 0.971324736328125 0.43517584375
2 0.78125 0.4521484375 0.060546875 0.021484375
0 0.68359375 0.4658203125 0.0546875 0.01953125
3 0.59375 0.48046875 0.05078125 0.01953125
7 0.509765625 0.4912109375 0.046875 0.01953125
1 0.431640625 0.5009765625 0.046875 0.017578125
10 0.3564453125 0.5087890625 0.037109375 0.017578125
6 0.2822265625 0.5185546875 0.03515625 0.01953125
8 0.216796875 0.5283203125 0.03125 0.017578125
5 0.1484375 0.5361328125 0.0390625 0.01171875
4 0.0908203125 0.5439453125 0.0390625 0.01171875