9 0.5 0.5 1 1
11 0 0.846472578125 0.84449676171875 0.907875205078125 0.855863666015625 0.86064673828125 0 0.785219869140625 0 0.846472578125
2 0.5886109709906566 0.8640280407828307 0.05149853371425195 0.05745883116851025
0 0.5294392389832645 0.858105424610349 0.05149853371425195 0.05745883116851025
3 0.46823466587735096 0.8531252790141793 0.0537705231083383 0.06139917309219811
7 0.40613324636995884 0.8471515249561659 0.0557236481083383 0.061433265015886196
1 0.3429755482640452 0.8421372874363082 0.0557236481083383 0.061433265015886196
10 0.27884128765813154 0.8371060039546068 0.0557236481083383 0.061433265015886196
6 0.21275390205221786 0.8320406285492172 0.05556421591129507 0.059480140015885974
8 0.1456102378477826 0.8279347696819839 0.05767677310833824 0.061467356939573836
5 0.07659316474186895 0.8228182563910624 0.05947046591129507 0.05954832386326192
4 0.01731039269358379 0.8156974802146093 0.03462078538716758 0.06150144886326192