9 0.5 0.5 1 1
11 0.632620634765625 0.53771344140625 0.696554400390625 0.7863443359375 0.72225053125 0.881881908203125 0.772099939453125 0.87321018359375 0.72461284375 0.692155796875 0.680539787109375 0.529891376953125 0.649405068359375 0.415894462890625 0.608384724609375 0.258958693359375 0.596775015625 0.21418076953125 0.548462603515625 0.223663607421875 0.5769757265625 0.32705592578125 0.60669052734375 0.4370644375 0.632620634765625 0.53771344140625
4 0.5781511609445857 0.23555763154919562 0.049036374964706475 0.038473298198680395
5 0.5921354108916452 0.29090912831616467 0.049036374964706475 0.038473298198680395
8 0.6059490259730702 0.3433309375831337 0.049263888118886046 0.042379548198680395
6 0.61981951934304 0.39672930935010287 0.049036374964706475 0.038473298198680395
10 0.6336900127130098 0.4501276811170719 0.05110325654179615 0.04048325333195879
1 0.6476742626600694 0.505479177884041 0.049263888118886046 0.042379548198680395
7 0.6634978810300393 0.5588207195177317 0.049263888118886046 0.04237954819868062
3 0.6785724500541888 0.6160969262180616 0.053397651273065616 0.04639945846523719
0 0.6925567000012482 0.6714484229850306 0.051444526273065616 0.04634262833195879
2 0.7086647098139427 0.7296727771187214 0.05351140785015529 0.04835258346523719