9 0.5 0.5 1 1
11 0.314818794921875 1 0.36924737890625 0.73583934375 0.493895130859375 0.14837797265625 0.456036716796875 0.13955647265625 0.35199474609375 0.62804834375 0.2926418359375 0.89629502734375 0.272188478515625 0.994531232421875 0.2922918515625 1 0.314818794921875 1
2 0.3224700507234223 0.8583010658799209 0.052656644398185515 0.06830109803029827
0 0.3395621839543914 0.7754266831001992 0.050589859131628945 0.0642468490675947
3 0.35751721941880377 0.6965325498018295 0.050589859131628945 0.06424684906759448
7 0.3745525225164946 0.6156112920221078 0.05047619886507215 0.06034059906759448
1 0.3914457502809895 0.5395728467423863 0.04852307386507215 0.06019260010489069
10 0.40733400047884516 0.46443696448131266 0.04852307386507215 0.06019260010489069
6 0.4231938356100617 0.3902776447202392 0.04852307386507215 0.06019260010489069
8 0.4390536707412782 0.3161183249591656 0.04852307386507215 0.06019260010489069
5 0.4539085283058556 0.24286156821674018 0.04645628859851558 0.05613835114218696
4 0.4697399483704329 0.16967881095566664 0.04656994886507215 0.06004460114218696