9 0.5 0.5 1 1
11 0.680653068359375 0.65339476171875 0.539186736328125 0.61635450390625 0.2350667265625 0.541000826171875 0.22368778515625 0.58115130859375 0.351160486328125 0.609016359375 0.6690608984375 0.681083818359375 0.680653068359375 0.65339476171875
2 0.37251154329813435 0.5955821808864576 0.037545138118886046 0.04388540454677692
0 0.41220933606686494 0.6047099159258426 0.03134449338761658 0.037547732955647506
3 0.4489774413355955 0.6135985026696628 0.03134449338761658 0.037547732955647506
7 0.485745546604326 0.622487089413483 0.03134449338761658 0.037547732955647506
1 0.5196408426616015 0.6301599653617385 0.03134449338761658 0.037547732955647506
10 0.551583013718877 0.6376734091129508 0.02939136838761658 0.03738830075860422
6 0.5825486222761525 0.6451071367656415 0.02939136838761658 0.03738830075860444
8 0.6106414216219729 0.6513251536227674 0.027324486810526682 0.03527574356156116
5 0.6396539051792482 0.658599449078415 0.027324486810526682 0.03527574356156116
4 0.6657367012365238 0.6656345962384977 0.023190723656347334 0.031050629167474808