9 0.5 0.5 1 1
11 0.871426091796875 0.68000760546875 0.648014880859375 0.615606482421875 0.0713643359375 0.445882935546875 0.061301587890625 0.5008921953125 0.859350943359375 0.7524586640625 0.871426091796875 0.68000760546875
4 0.08203125 0.4765625 0.03125 0.04296875
5 0.140625 0.49609375 0.02734375 0.048828125
8 0.2001953125 0.513671875 0.033203125 0.048828125
6 0.2587890625 0.5302734375 0.037109375 0.052734375
10 0.3212890625 0.5498046875 0.037109375 0.05078125
1 0.384765625 0.5673828125 0.04296875 0.0546875
7 0.4501953125 0.5888671875 0.0390625 0.0546875
3 0.5205078125 0.609375 0.04296875 0.0546875
0 0.59375 0.630859375 0.046875 0.0546875
2 0.6708984375 0.65625 0.044921875 0.0546875