9 0.5 0.5 1 1
11 0.478497685546875 0.80187450390625 0.446653109375 0.6396748515625 0.40015178515625 0.42404538671875 0.37249735546875 0.2964012890625 0.3435856484375 0.16597891796875 0.310484126953125 0.000668154296875 0.25559424609375 0.000982390625 0.302095568359375 0.22673090234375 0.347348544921875 0.425685763671875 0.403076388671875 0.685285962890625 0.42695965625 0.802503224609375 0.478497685546875 0.80187450390625
2 0.3212890625 0.197265625 0.046875 0.041015625
0 0.3369140625 0.2666015625 0.05078125 0.03515625
3 0.3515625 0.3310546875 0.05078125 0.03515625
7 0.3662109375 0.396484375 0.048828125 0.03515625
1 0.3798828125 0.4609375 0.046875 0.033203125
10 0.3955078125 0.525390625 0.046875 0.03515625
6 0.4072265625 0.5888671875 0.044921875 0.03515625
8 0.4208984375 0.650390625 0.046875 0.03515625
5 0.435546875 0.71484375 0.046875 0.03515625
4 0.4482421875 0.779296875 0.046875 0.03125