9 0.5 0.5 1 1
11 0.19638743359375 0 0.190584541015625 0.0994256484375 0.186611671875 0.3520454296875 0.182937462890625 0.566680880859375 0.17406159375 0.797045966796875 0.2456315703125 0.79865662890625 0.248396138671875 0.654874310546875 0.252415375 0.22009651953125 0.25484248046875 0 0.19638743359375 0
4 0.20952489013975545 0.7705973659698833 0.08129816387847211 0.0616975160644766
5 0.21317571135786906 0.6891049678710468 0.07705016128657394 0.05763209857399065
8 0.21521516016788078 0.6115984035174533 0.07492615999062491 0.05559938982874746
6 0.21768179971776513 0.5389746516638599 0.07297303499062491 0.05551980608350471
10 0.21908643861967503 0.46541412918288794 0.07297303499062491 0.05551980608350471
1 0.2176468281695594 0.3929495448197805 0.07722103758252302 0.05958522357399065
7 0.21850209531134196 0.32431162671143 0.07280215869467577 0.05356668108350471
3 0.21731879930514997 0.25477672984832256 0.06516053499062491 0.055201471102532707
0 0.2184303808908561 0.1890684992399721 0.06516053499062491 0.05520147110253265
2 0.22060396312453678 0.12429703925900014 0.06677190739872674 0.05137480484777565