9 0.5 0.5 1 1
11 0.0123740078125 0.472960318359375 0.013676587890625 0.492009919921875 0.299583994140625 0.48175248046875 0.592655091796875 0.467098958984375 0.912425595703125 0.4505887890625 0.902007935546875 0.4275342265625 0.0123740078125 0.472960318359375
2 0.20703125 0.47265625 0.025390625 0.015625
0 0.2763671875 0.4697265625 0.029296875 0.015625
3 0.341796875 0.4658203125 0.033203125 0.01953125
7 0.4130859375 0.462890625 0.03515625 0.017578125
1 0.484375 0.4599609375 0.03515625 0.01953125
10 0.5576171875 0.4580078125 0.03515625 0.017578125
6 0.63671875 0.451171875 0.0390625 0.015625
8 0.7119140625 0.447265625 0.0390625 0.017578125
5 0.7939453125 0.443359375 0.037109375 0.01953125
4 0.880859375 0.4384765625 0.0390625 0.017578125