9 0.5 0.5 1 1
11 0.93823855078125 0.342386005859375 0.210444923828125 0.244495048828125 0.060214416015625 0.229371091796875 0.0622474140625 0.287695203125 0.24650468359375 0.30918738671875 0.939039888671875 0.406346861328125 0.93823855078125 0.342386005859375
2 0.281912067774182 0.28598318402476797 0.04591054078694978 0.06057077980682868
0 0.35128209719786985 0.29400241753096 0.049850882710637756 0.06286565739872674
3 0.41875013950708967 0.3047804622412029 0.047897757710637756 0.06269478110277771
7 0.48913082335446556 0.3148382588953694 0.047897757710637645 0.06269478110277771
1 0.5585349447018414 0.3248106174015615 0.04597872463432573 0.06447702980682868
10 0.6279561120110613 0.3357595384077534 0.045944632710637645 0.06252390480682868
6 0.6992622204729051 0.3429730857098945 0.045944632710637645 0.06252390480682868
8 0.769642904320281 0.35303088236406105 0.047897757710637645 0.06269478110277771
5 0.840983104705813 0.36219755466620207 0.04597872463432573 0.06447702980682868
4 0.9133169135531887 0.3724262276163177 0.045944632710637645 0.06252390480682868