9 0.5 0.5 1 1
11 1 0.289229830078125 0.451629921875 0.188304458984375 0.1362078203125 0.12717658984375 0.127461599609375 0.166970142578125 0.585972548828125 0.2540863515625 1 0.326142419921875 1 0.289229830078125
2 0.8497143817134638 0.2806430116492633 0.05525566667329507 0.052972095955705845
0 0.7762562908776116 0.26763828525065503 0.05720879167329507 0.05312009491840963
3 0.7047513250417594 0.25448555988934296 0.059184643340226994 0.05522121888111342
7 0.6303166717059072 0.24155483297208663 0.05720879167329507 0.05312009491840963
1 0.5568358542031233 0.22659698157347838 0.059184643340226994 0.055221218881113365
10 0.4794715133672711 0.2138882531002777 0.059184643340226994 0.05522121888111342
6 0.4030610083644872 0.1991524001457251 0.059184643340226994 0.05522121888111342
8 0.3237208158617032 0.1846385456352282 0.063090893340227 0.055517216806521
5 0.24436926002545337 0.16914812862473128 0.06504401834022694 0.055665215769224785
4 0.1610887275222717 0.15200058453964194 0.063090893340227 0.05551721680652094