9 0.5 0.5 1 1
11 0.371205755859375 0.952744861328125 0.407835494140625 0.958720931640625 0.489616162109375 0.062943376953125 0.44839781640625 0.057673 0.371205755859375 0.952744861328125
2 0.40417364809291983 0.7887289024494795 0.045425364653892575 0.04787510875746537
0 0.41205393769621274 0.7157594718833337 0.04748084859780477 0.049873693246440975
3 0.4180834612434178 0.6446977068282121 0.047583207541716854 0.051826818246440975
7 0.4229317044027985 0.5697069620286028 0.04377931648562916 0.05368902426848976
1 0.4316350180902231 0.49383057370694483 0.047583207541716965 0.051826818246440975
10 0.4384875657215599 0.4198618508963111 0.047583207541716854 0.051826818246440975
6 0.4450842159931162 0.3410103155856774 0.047787925429541245 0.055733068246440975
8 0.4515785073207603 0.2602056552750438 0.049945768317365635 0.059684777735416694
5 0.45899818167644835 0.17844716220889795 0.049945768317365635 0.059684777735416694
4 0.4660595997284437 0.08985273164275212 0.050150486205190026 0.0635910277354167