9 0.5 0.5 1 1
11 0.84917675390625 0.783037 0.882224828125 0.769279482421875 0.449743447265625 0.319458873046875 0.42149108203125 0.324687880859375 0.84917675390625 0.783037
4 0.8505676804957023 0.7579091231398578 0.028846083850349036 0.023716425758604442
5 0.8093538840872457 0.7152593987063866 0.030799208850348814 0.023875857955647506
8 0.7654152638856548 0.6694408384773505 0.036385432241194504 0.02044790454677692
6 0.7278345658680438 0.6310162284379655 0.032479182241194504 0.02012904015269079
10 0.6921387049481443 0.5937276130956237 0.024666682241194504 0.019491311364518094
1 0.6601442303213791 0.5596875496473682 0.02843635643661724 0.017857050758604442
7 0.6299663048900366 0.527760043396156 0.02816320482746293 0.01395080075860422
3 0.5997883794586941 0.49583253714494363 0.028299780632040195 0.01590392575860433
0 0.5704504407227744 0.46593787199225295 0.03206945482746315 0.01426966515269068
2 0.5439739015845663 0.43725891763512703 0.024393530632040195 0.015585061364518094