9 0.5 0.5 1 1
11 0.715664390625 0 0.63123544921875 0.099543650390625 0.301839947265625 0.493761904296875 0 0.850603763671875 0 1 0.018936025390625 1 0.115449736328125 0.885542162109375 0.51423544921875 0.41412152734375 0.859960755859375 0 0.715664390625 0
2 0.0244140625 0.9306640625 0.0478515625 0.0634765625
0 0.1044921875 0.8115234375 0.09375 0.0654296875
3 0.2060546875 0.689453125 0.0947265625 0.0625
7 0.3076171875 0.5712890625 0.1025390625 0.0576171875
1 0.40625 0.4541015625 0.1015625 0.05859375
10 0.50390625 0.33984375 0.0986328125 0.05859375
6 0.60546875 0.21875 0.1044921875 0.0556640625
8 0.7021484375 0.1015625 0.0966796875 0.0595703125
5 0.7998046875 0.005859375 0.09765625 0.01171875