9 0.5 0.5 1 1
11 0.244463189453125 0.091430064453125 0.191897484375 0.082915525390625 0.05207592578125 0.79958782421875 0.10674363671875 0.802197296875 0.20047190625 0.33659275 0.244463189453125 0.091430064453125
4 0.08336108503018276 0.7828969764821219 0.06034459239534576 0.043309638465485634
5 0.09758672300533693 0.721441716675219 0.06034459239534576 0.043309638465485634
8 0.1078265272352481 0.661916855970617 0.060344592395345786 0.043309638465485634
6 0.12005924833778077 0.6014267957148647 0.06034459239534576 0.043309638465485634
10 0.13420530256769195 0.5419246609079618 0.060344592395345786 0.043309638465485634
1 0.1453420855523601 0.48435860667778463 0.06034459239534573 0.043309638465485634
7 0.1557012654001358 0.4219040584731827 0.060344592395345786 0.043309638465485634
3 0.16699721587528996 0.36043175424300555 0.060344592395345786 0.043309638465485634
0 0.17915035323257966 0.3018948189872532 0.06034459239534573 0.043309638465485634
2 0.18857276245297677 0.2384580268082265 0.06034459239534573 0.04330963846548569