9 0.5 0.5 1 1
11 0.98086165234375 0.72182524609375 0.585692751953125 0.749249556640625 0.085157287109375 0.787839048828125 0.088719154296875 0.830870416015625 0.979627248046875 0.7642490078125 0.98086165234375 0.72182524609375
2 0.8772862401861852 0.7508712850798288 0.05599459306540222 0.04842640923772623
0 0.7959189869531542 0.7564192521917703 0.055937762932123825 0.04647328423772623
3 0.7145801487867626 0.7609906568037118 0.055994593065402 0.04842640923772623
7 0.6302547929870925 0.7673274435100608 0.05599459306540222 0.04842640923772623
1 0.5479109772540616 0.7728128296534713 0.05990084306540222 0.04867673311184939
10 0.4635856214543914 0.7791496163598204 0.05990084306540211 0.04867673311184961
6 0.37828370315472126 0.7854238220976386 0.059900843065402 0.04867673311184939
8 0.2929249547217728 0.7936511528354566 0.059900843065402 0.04867673311184939
5 0.20466493385546358 0.8007141781676823 0.05990084306540211 0.04867673311184939
4 0.1144233729225151 0.8086286040628464 0.05990084306540208 0.04867673311184961