9 0.5 0.5 1 1
11 0.435397818359375 0.2619242734375 0.40552306640625 0.2702308203125 0.641638888671875 0.9990453046875 0.704656994140625 0.9990453046875 0.435397818359375 0.2619242734375
2 0.6162109375 0.826171875 0.03515625 0.046875
0 0.583984375 0.7333984375 0.03515625 0.04296875
3 0.5556640625 0.6552734375 0.03125 0.037109375
7 0.5302734375 0.5849609375 0.03125 0.03125
1 0.5107421875 0.521484375 0.029296875 0.03125
10 0.4892578125 0.46484375 0.029296875 0.02734375
6 0.4716796875 0.41015625 0.02734375 0.02734375
8 0.4560546875 0.3623046875 0.02734375 0.0234375
5 0.439453125 0.3203125 0.02734375 0.01953125
4 0.42578125 0.27734375 0.025390625 0.01953125