9 0.5 0.5 1 1
11 0.4152705859375 0.803481150390625 0.417506697265625 0.804254298828125 0.45005605078125 0.802818783203125 0.451912947265625 0.80171428515625 0.46798040625 0.801162037109375 0.50094394921875 0.79928472265625 0.516305802734375 0.79950562109375 0.54748189453125 0.7987328046875 0.54855853125 0.797738755859375 0.562058779296875 0.796965939453125 0.563798115234375 0.797738755859375 0.59172420703125 0.797186837890625 0.593546130859375 0.795971890625 0.607813244140625 0.79586144140625 0.609883927734375 0.79641369140625 0.63905902734375 0.796192791015625 0.639307291015625 0.795530091796875 0.652724703125 0.795419642578125 0.682996279296875 0.794978173828125 0.766357390625 0.79388260546875 0.76826215234375 0.7915634921875 0.770167162109375 0.75490079296875 0.767765376953125 0.752029431640625 0.697632689453125 0.752241732421875 0.61019196484375 0.753125 0.564513640625 0.753677248046875 0.518023560546875 0.75445006640625 0.418970982421875 0.75687962890625 0.045742310546875 0.767922619140625 0.04425148828125 0.770020833984375 0.043340525390625 0.81827876953125 0.04516269921875 0.820708333984375 0.3092393359375 0.80900264453125 0.34621626953125 0.806904431640625 0.364685763671875 0.806352513671875 0.398755705078125 0.805248015625 0.40107465234375 0.80392294921875 0.4152705859375 0.803481150390625
4 0.75390625 0.7734375 0.02734375 0.0390625
5 0.7109375 0.7744140625 0.02734375 0.0390625
8 0.66796875 0.7744140625 0.02734375 0.0390625
6 0.625 0.775390625 0.02734375 0.0390625
10 0.5791015625 0.775390625 0.02734375 0.0390625
7 0.4853515625 0.7783203125 0.029296875 0.04296875
1 0.533203125 0.77734375 0.02734375 0.0390625
3 0.4345703125 0.7802734375 0.03125 0.04296875
0 0.3828125 0.7822265625 0.03125 0.044921875
2 0.3291015625 0.7841796875 0.033203125 0.044921875