9 0.5 0.5 1 1
11 0.776079642578125 0.583647248046875 0.803453244140625 0.94210764453125 0.840947044921875 0.9413274140625 0.818987494140625 0.64707507421875 0.802824263671875 0.416454255859375 0.77740490234375 0.058908220703125 0.738941048828125 0.055993603515625 0.756491287109375 0.279511759765625 0.776079642578125 0.583647248046875
2 0.771484375 0.23033459026799308 0.037109375 0.05359323029137186
0 0.7763671875 0.31175927517475255 0.0390625 0.05374122925407554
3 0.78125 0.385371460081512 0.041015625 0.05584235321677933
7 0.7861328125 0.46386645748827143 0.0390625 0.05569435425407565
1 0.7919921875 0.5395057668763827 0.0390625 0.05569435425407576
10 0.796875 0.6140945142831422 0.0390625 0.05569435425407554
6 0.802734375 0.6907103861712536 0.0390625 0.05569435425407554
8 0.8095703125 0.7644705700407168 0.041015625 0.05584235321677955
5 0.8154296875 0.8391333169288282 0.037109375 0.057499480291371974
4 0.8203125 0.9146986268355876 0.037109375 0.05554635529137175