9 0.5 0.5 1 1
11 0.40842680078125 0.92002276953125 0.446479419921875 0.910907361328125 0.255901494140625 0.016975125 0.216080068359375 0.02767540625 0.40842680078125 0.92002276953125
2 0.2719504918583848 0.1941093259790454 0.05200125226127783 0.06424684906759448
0 0.2908980050026968 0.27503058375876704 0.047992643317365635 0.061997726142186904
3 0.3087665967030966 0.3540727160198406 0.04984340937345344 0.06019260010489069
7 0.32576098484740856 0.43514197276226596 0.049741050429541245 0.05823947510489069
1 0.34131819524411566 0.5074961664860433 0.04963869148562905 0.05628635010489069
10 0.35821022444451545 0.5866122982284687 0.04768556648562905 0.056138351142186904
6 0.37392097325709084 0.6618961794522461 0.049741050429541245 0.05823947510489069
8 0.38958054259771013 0.7362034981760234 0.04789028437345355 0.060044601142186904
5 0.4053936503541977 0.8134405043998008 0.047787925429541356 0.058091476142187126
4 0.4211555786387292 0.889700948123578 0.047787925429541245 0.058091476142186904