9 0.5 0.5 1 1
11 0.23236855078125 0.000725529296875 0.224749751953125 0.99338359765625 0.26991741015625 0.994109126953125 0.275359375 0.4585694453125 0.28080133984375 0 0.23236855078125 0.000725529296875
2 0.255859375 0.1171875 0.046875 0.0625
0 0.2548828125 0.21875 0.046875 0.0625
3 0.2568359375 0.3115234375 0.046875 0.0625
7 0.25390625 0.4091796875 0.046875 0.0625
1 0.2529296875 0.501953125 0.046875 0.0625
10 0.2529296875 0.5947265625 0.046875 0.0625
6 0.251953125 0.6875 0.046875 0.0625
8 0.2509765625 0.779296875 0.046875 0.0625
4 0.248046875 0.9609375 0.046875 0.0625
5 0.2490234375 0.8681640625 0.046875 0.060546875