9 0.5 0.5 1 1
11 0 0.69181456640625 0.4292168046875 0.484278708984375 0.600122146484375 0.401948662109375 0.86097206640625 0.275166693359375 0.947963865234375 0.231968958984375 0.948347435546875 0.2287310078125 0.94721877734375 0.22569840625 0.9199314453125 0.193695986328125 0.913347248046875 0.192436083984375 0.739852470703125 0.277687708984375 0.480423587890625 0.403302107421875 0.21926266015625 0.5291379453125 0 0.63496716015625 0 0.69181456640625
2 0.11522056057645967 0.6081379925595234 0.04947587155007058 0.04023842342654138
0 0.20574614905021815 0.5633180434546875 0.04759093039744644 0.04401951148947969
3 0.29231434963844477 0.5216781057239749 0.04173155539744644 0.04364402567829462
7 0.3808527211885153 0.4789364435562005 0.04950996347375858 0.04219154842654127
1 0.467420921776742 0.43729650582548785 0.04563780539744644 0.043894349552418
10 0.5539891223649687 0.39565656809477523 0.04365058847375858 0.04181606261535631
6 0.6405743689150392 0.35304006786406256 0.04365058847375858 0.04181606261535631
8 0.7271425695032658 0.3114001301333499 0.04560371347375858 0.041941224552418
5 0.8166745495151803 0.26761932449704473 0.04759093039744644 0.04401951148947969
4 0.9051958751034069 0.22585422482927042 0.04563780539744644 0.043894349552418