9 0.5 0.5 1 1
11 0.65296944921875 0.590678474609375 0.609674716796875 0.0879857890625 0.5711772265625 0.08969573046875 0.622775671875 0.694147265625 0.64484972265625 0.97161124609375 0.68718094140625 0.968139865234375 0.678938501953125 0.867134931640625 0.65296944921875 0.590678474609375
2 0.6541799795588801 0.8236352445231272 0.04672360811184939 0.06059505169541124
0 0.6477588727966982 0.7387197911525685 0.04256703423772623 0.05650686517764658
3 0.6385958214401088 0.656870477670333 0.04256703423772623 0.05650686517764636
7 0.6322998766149885 0.5739081492997742 0.04426983536360307 0.05269158343652869
1 0.6243637116325226 0.4959196016880977 0.04231671036360285 0.05260061517764636
10 0.6183806716500566 0.41784008581753884 0.04231671036360307 0.05260061517764636
6 0.6115462311046521 0.34175917907642117 0.04231671036360285 0.05260061517764636
8 0.6047117905592476 0.2656782723353035 0.04231671036360307 0.05260061517764636
5 0.5989164934823741 0.19052844396474464 0.04011326148947969 0.048603396918764086
4 0.5930586154369697 0.1144020530941858 0.04036358536360307 0.052509646918764086