9 0.5 0.5 1 1
11 0.9953444375 0.800223353515625 0.995641396484375 0.749180408203125 0.78246876171875 0.791280791015625 0.602834693359375 0.8253879140625 0.49766544921875 0.8435723046875 0.232554267578125 0.89309878125 0.0704268671875 0.9242933125 0.080198439453125 0.967890310546875 0.42984755859375 0.90711012109375 0.615303365234375 0.871723017578125 0.80565866796875 0.83798396875 0.9953444375 0.800223353515625
2 0.9368213001392178 0.7880859375 0.06474856167008758 0.05078125
0 0.8370982956507227 0.8076171875 0.060830948721238176 0.048828125
3 0.746175716611077 0.8251953125 0.053018448721238176 0.048828125
7 0.6493994440458559 0.841796875 0.05694742461893698 0.052734375
1 0.557505983980635 0.8583984375 0.05888918667008758 0.05078125
10 0.4646302799409893 0.8759765625 0.056924698721238065 0.048828125
6 0.37273681987576834 0.892578125 0.058911912567786606 0.0546875
8 0.2827964848105474 0.9091796875 0.05890054961893709 0.052734375
5 0.19481495621975126 0.9248046875 0.06084231167008758 0.05078125
4 0.10486893968010555 0.9423828125 0.06084231167008758 0.05078125