9 0.5 0.5 1 1
11 0.976569580078125 0.172918130859375 0.98054812890625 0.12844269140625 0.07066033203125 0.091308328125 0.062453130859375 0.134104615234375 0.976569580078125 0.172918130859375
2 0.2333984375 0.11844481635302832 0.05078125 0.050425970919006385
0 0.3125 0.122679121267653 0.05078125 0.050425970919006385
3 0.3876953125 0.125233452791432 0.05078125 0.05042597091900636
7 0.470703125 0.1301711685969023 0.05078125 0.05042597091900636
1 0.546875 0.13461033721839274 0.05078125 0.05042597091900641
10 0.6259765625 0.1378680796330174 0.05078125 0.05042597091900636
6 0.7080078125 0.13994439584077634 0.05078125 0.05042597091900636
8 0.7861328125 0.1422938636576896 0.05078125 0.05042597091900636
5 0.8681640625 0.14534674236544848 0.05078125 0.05042597091900636
4 0.951171875 0.1502844581709188 0.05078125 0.05042597091900636