9 0.5 0.5 1 1
11 0 0.385911080078125 0.1356057421875 0.3911143359375 0.14118432421875 0.394285755859375 0.200767833984375 0.39543060546875 0.2026269296875 0.392880869140625 0.2297632265625 0.39439786328125 0.2321390390625 0.396243751953125 0.291267677734375 0.399563130859375 0.295357939453125 0.39611783984375 0.3167769140625 0.397238005859375 0.318958669921875 0.40080380078125 0.375762984375 0.40184697265625 0.379692568359375 0.400754228515625 0.380691328125 0.39809220703125 0.4057679453125 0.398363373046875 0.405901447265625 0.400893689453125 0.46219019921875 0.402633236328125 0.46397140625 0.39860733984375 0.4868057265625 0.39956318359375 0.487200056640625 0.401639123046875 0.5397138359375 0.40233173828125 0.542727455078125 0.400072306640625 0.5629585234375 0.400269529296875 0.565334337890625 0.402115416015625 0.61574871484375 0.402203087890625 0.619656048828125 0.40068858203125 0.640549234375 0.40123303125 0.640399681640625 0.403796458984375 0.691169978515625 0.40426715234375 0.694749734375 0.40194198828125 0.71324934375 0.401703720703125 0.71426544140625 0.404768330078125 0.76415865625 0.40491651171875 0.766866958984375 0.4022681796875 0.786532216796875 0.402531095703125 0.786893171875 0.403974392578125 0.836267203125 0.40485753515625 0.8378432265625 0.402340666015625 0.8563870078125 0.402945955078125 0.857652783203125 0.405344814453125 0.89959826953125 0.40577921484375 0.90581465625 0.40484531640625 0.934441275390625 0.38603342578125 0.93314210546875 0.3830016796875 0 0.356174455078125 0 0.385911080078125
2 0.1683630300212547 0.3815959391410807 0.06167282338303409 0.022188901674885964
0 0.26576338266147426 0.38534241829449045 0.05971969838303415 0.02216617500795426
3 0.35437467280169377 0.3891911674490932 0.05396268232694634 0.0240511200071587
7 0.44221411832973767 0.389145029937162 0.04800094838303415 0.022029815006363362
1 0.5221387049138694 0.3911429240929579 0.04224393232694634 0.023914760005567914
10 0.6022168299138694 0.3902111307487539 0.03813296443912195 0.019963056671704393
6 0.680137112026045 0.3932083140714816 0.03247830732694634 0.023801126670908834
8 0.7543046825540889 0.39332126322807304 0.028367339439121952 0.019849423337045202
5 0.8265703075540889 0.3924803765515962 0.026516573383034148 0.021779821670113497
4 0.8977058316382206 0.3945805407085853 0.026311855495209757 0.017873571670113497