9 0.5 0.5 1 1
11 0.158726671875 0.727125697265625 0.177969703125 0.750647400390625 0.28000177734375 0.6963098671875 0.427712880859375 0.617960484375 0.5355948359375 0.56134530078125 0.784977697265625 0.430507091796875 0.764752759765625 0.407059455078125 0.659808599609375 0.46308561328125 0.502298427734375 0.544377712890625 0.158726671875 0.727125697265625
2 0.6440774319513646 0.48734425092493894 0.032626781307678154 0.021848001670908834
0 0.5944736023325015 0.5141311975851097 0.030798818244739845 0.02377840000397713
3 0.5449949346506999 0.5389650192452805 0.030798818244739845 0.02377840000397713
7 0.4933753990633061 0.5667058017385194 0.030798818244739845 0.02377840000397713
1 0.44584985638150454 0.591562350065622 0.030923980181801536 0.02573152500397713
10 0.39533204523117227 0.6173613708923269 0.030923980181801536 0.02573152500397713
6 0.3426733661752475 0.6460673525520999 0.034705068244739845 0.02382385333784054
8 0.2921555550249152 0.6718663733788047 0.034705068244739845 0.02382385333784076
5 0.24053601943752126 0.6996071558720437 0.03470506824473979 0.02382385333784076
4 0.1859242153815965 0.7282904108648849 0.03483023018180148 0.02577697833784054