9 0.5 0.5 1 1
11 0.80118353125 0.389282986328125 0.998939484375 0.4012118046875 0.998939484375 0.364629712890625 0.807577380859375 0.35349603125 0.4528568125 0.33202380859375 0.169741732421875 0.310154017578125 0.163910052734375 0.345543154296875 0.80118353125 0.389282986328125
4 0.1923828125 0.3291015625 0.044921875 0.03125
2 0.8408203125 0.373046875 0.046875 0.03125
0 0.76953125 0.369140625 0.044921875 0.03125
3 0.6962890625 0.365234375 0.046875 0.03125
7 0.625 0.359375 0.04296875 0.03125
1 0.5537109375 0.35546875 0.04296875 0.03125
10 0.484375 0.3515625 0.04296875 0.03125
6 0.4111328125 0.345703125 0.04296875 0.03125
8 0.3408203125 0.3408203125 0.04296875 0.03125
5 0.267578125 0.3349609375 0.04296875 0.03125