9 0.5 0.5 1 1
11 0.102173115234375 0.918560185546875 0.134750248046875 0.97137037109375 0.270820189453125 0.806411044921875 0.553195435546875 0.460215609375 0.641072419921875 0.352059193359375 0.62158829296875 0.3191884921875 0.102173115234375 0.918560185546875
2 0.2841796875 0.74609375 0.02734375 0.052734375
0 0.3349609375 0.6884765625 0.02734375 0.046875
3 0.3818359375 0.6328125 0.02734375 0.04296875
7 0.42578125 0.5810546875 0.02734375 0.037109375
1 0.46484375 0.5341796875 0.0234375 0.03515625
10 0.5009765625 0.494140625 0.0234375 0.033203125
6 0.53515625 0.4521484375 0.01953125 0.03515625
8 0.5654296875 0.416015625 0.015625 0.0390625
5 0.595703125 0.380859375 0.01953125 0.03515625
4 0.623046875 0.34765625 0.015625 0.03125