9 0.5 0.5 1 1
11 0.365032228515625 0.295890728515625 0.326744953125 0.091090796875 0.324436291015625 0.08965304296875 0.27898401953125 0.09643451171875 0.276935447265625 0.09773051953125 0.27654184375 0.09992680078125 0.2894014921875 0.1668716484375 0.291963517578125 0.16928109765625 0.298629275390625 0.202468517578125 0.296836787109375 0.2036023984375 0.3076228125 0.265369318359375 0.310260576171875 0.2705385 0.311627775390625 0.271982845703125 0.31818393359375 0.303926552734375 0.316342142578125 0.3041860390625 0.328054939453125 0.368731248046875 0.3310168046875 0.37070655078125 0.336484275390625 0.400033232421875 0.335048810546875 0.401620673828125 0.347073283203125 0.46346990625 0.349186109375 0.465438779296875 0.354909662109375 0.494603333984375 0.353896712890625 0.494746046875 0.364714369140625 0.556130697265625 0.3663870078125 0.55828763671875 0.371836998046875 0.586357294921875 0.3707067265625 0.588657365234375 0.382212818359375 0.650219248046875 0.384020505859375 0.6514758203125 0.389052982421875 0.6787229609375 0.38794285546875 0.681145908203125 0.398776138671875 0.739752921875 0.40032769140625 0.741171294921875 0.40553278515625 0.768897642578125 0.4044000390625 0.772331501953125 0.415849974609375 0.832400435546875 0.41732330859375 0.83219286328125 0.421785498046875 0.858260859375 0.42094546875 0.858883072265625 0.431122328125 0.915784017578125 0.432927294921875 0.918174412109375 0.437461458984375 0.944106220703125 0.436668015625 0.9467366484375 0.444176798828125 0.986522908203125 0.4907588046875 0.984896228515625 0.476792828125 0.91090880859375 0.46691477734375 0.84950776953125 0.465320109375 0.848976814453125 0.46205868359375 0.825635763671875 0.46160225390625 0.819403630859375 0.450516541015625 0.76098102734375 0.444939015625 0.73213348046875 0.4347323671875 0.67217634375 0.395548177734375 0.45731020703125 0.365032228515625 0.295890728515625
2 0.46416172933345057 0.9633183975800207 0.051444526273065616 0.046626990697839155
0 0.44984584124985816 0.8855344207195885 0.052468335466874017 0.06420511569783915
3 0.43490429199227165 0.7970082563591564 0.052468335466874017 0.06420511569783915
7 0.4178389828690505 0.7056206091266378 0.052468335466874017 0.06420511569783915
1 0.40083055203437434 0.6152095243941191 0.052468335466874017 0.06420511569783915
10 0.38267492383406343 0.5219028544755575 0.052468335466874017 0.06420511569783915
6 0.3664724206337524 0.4285279799290821 0.052468335466874017 0.06420511569783915
8 0.3472264733563517 0.3333022873244771 0.0525820920439638 0.06615824069783915
5 0.3286158188476815 0.23218311740591524 0.05464897362105359 0.06817957032575284
4 0.3088010886848317 0.12719179980131023 0.05682961177523316 0.0721540249536664