9 0.5 0.5 1 1
11 0.69072420703125 0.677910052734375 0.688244046875 0.62169312109375 0.047123015625 0.606812169921875 0.047123015625 0.65145502734375 0.69072420703125 0.677910052734375
2 0.1435546875 0.6318359375 0.03515625 0.046875
0 0.19921875 0.6328125 0.03515625 0.046875
3 0.2548828125 0.6357421875 0.03515625 0.05078125
7 0.3115234375 0.63671875 0.037109375 0.05078125
1 0.3681640625 0.6376953125 0.0390625 0.05078125
10 0.4267578125 0.6396484375 0.0390625 0.05078125
6 0.4853515625 0.6416015625 0.0390625 0.05078125
8 0.5439453125 0.6435546875 0.0390625 0.05078125
5 0.6044921875 0.6455078125 0.041015625 0.05078125
4 0.66796875 0.6484375 0.04296875 0.052734375