9 0.5 0.5 1 1
11 0.244757689453125 0 0.24320858203125 0.910870701171875 0.287358134765625 0.909837962890625 0.285034474609375 0 0.244757689453125 0
2 0.263671875 0.08984375 0.0390625 0.046875
0 0.263671875 0.169921875 0.0390625 0.048828125
3 0.265625 0.251953125 0.0390625 0.048828125
7 0.265625 0.337890625 0.0390625 0.05078125
1 0.2666015625 0.4208984375 0.0390625 0.05078125
10 0.2666015625 0.5068359375 0.0390625 0.05078125
6 0.2666015625 0.5966796875 0.041015625 0.052734375
8 0.2666015625 0.6865234375 0.0390625 0.0546875
5 0.265625 0.7802734375 0.041015625 0.0546875
4 0.2646484375 0.8779296875 0.0390625 0.05078125