9 0.5 0.5 1 1
11 0.177266498046875 0.911199716796875 0.184222412109375 0.927351271484375 0.64840362109375 0.324520677734375 0.651766326171875 0.31836483984375 0.651448283203125 0.314721306640625 0.6365160625 0.28728257421875 0.634013798828125 0.2857650859375 0.631862578125 0.28676092578125 0.161183515625 0.89511990625 0.168894462890625 0.8999401171875 0.177266498046875 0.911199716796875
2 0.2606203770879455 0.7986575720338289 0.027393215992986386 0.03213666016287631
0 0.3063048417312642 0.7395739850336871 0.027393215992986386 0.03213666016287631
3 0.35076242000045965 0.6844307503475021 0.029346340992986386 0.03220486479078999
7 0.3934546161752475 0.6264260327892307 0.029471502930048077 0.03415798979078999
1 0.43388078250738127 0.5733723323588729 0.029596664867109768 0.03611111479078999
10 0.47424436787098423 0.5212951944285151 0.027393215992986386 0.03213666016287631
6 0.5146705342031179 0.46824149399815723 0.027643539867109546 0.03604291016287642
8 0.5528306706925976 0.420138810695713 0.027393215992986386 0.03213666016287631
5 0.5920925316191389 0.37004890007931196 0.027268054055924695 0.030183535162876418
4 0.6283621240771493 0.32103785890478126 0.023612127930048077 0.03395337590704928