9 0.5 0.5 1 1
11 0.12359346875 0.4991399609375 0.11932307421875 0.539424908203125 0.896815755859375 0.540862671875 0.893575265625 0.51124706640625 0.12359346875 0.4991399609375
2 0.3515483120058898 0.5214004550857464 0.05087574338761658 0.035440323721237954
0 0.42186081200588976 0.5218095212443292 0.049036374964706475 0.03738208577238855
3 0.4902770652944347 0.5231837869540625 0.047083249964706475 0.03737072282353893
7 0.5547301902944348 0.5235587642660967 0.04294948681052668 0.0334417469258399
1 0.6143005027944348 0.5239053342060072 0.04294948681052668 0.03344174692584012
10 0.6719176902944348 0.5242405411970681 0.03904323681052668 0.03341902102814087
6 0.7275817527944348 0.5245643852392794 0.03904323681052668 0.03341902102814087
8 0.7793964435829797 0.5258420658837917 0.03904323681052668 0.03341902102814087
5 0.8282245685829797 0.5261261396050299 0.03709011181052668 0.03340765807929147
4 0.8780292560829797 0.5264158948006926 0.032956348656347334 0.02947868218159244