9 0.5 0.5 1 1
11 0.138388146484375 0.173562341796875 0.130162537109375 0.234648380859375 0.77665560546875 0.302195435546875 0.7882411796875 0.25526673046875 0.322065279296875 0.199454767578125 0.138388146484375 0.173562341796875
4 0.7669809795370788 0.2775597234400219 0.027263872729036187 0.04851390965492608
5 0.7231950992341218 0.2725336428370355 0.029216997729036187 0.04865048545950312
8 0.6764795314311651 0.26730269852718347 0.031170122729036187 0.04878706126408039
6 0.6276514064311651 0.26388830341275427 0.033442112123122314 0.052829887068657544
10 0.5770295886282082 0.2583842074937479 0.03507637272903619 0.0490602128732347
1 0.5254312083252515 0.2528118236724529 0.039301487123122314 0.05323961448238901
7 0.47187970302229454 0.24710286404658077 0.039301487123122314 0.05323961448238901
3 0.4126282549163809 0.23903105200697713 0.04352660151720866 0.05741901609154337
0 0.3521610960149025 0.2338206395650849 0.043526601517208774 0.05741901609154337
2 0.2899799604089888 0.2255439638186155 0.047432851517208774 0.05769216770069768