9 0.5 0.5 1 1
11 0.955083994140625 0.47881498046875 0.66577678515625 0.52254290625 0.425948412109375 0.5562061015625 0.085768849609375 0.61103943359375 0.000053572265625 0.624999255859375 0.00058928515625 0.65955902734375 0.43848445703125 0.584250248046875 0.76840674609375 0.53531696484375 0.983320435546875 0.505884671875 0.98563458984375 0.500331845703125 0.955083994140625 0.47881498046875
2 0.2138671875 0.60546875 0.0595703125 0.0224609375
0 0.306640625 0.587890625 0.0517578125 0.021484375
3 0.396484375 0.5732421875 0.0498046875 0.0244140625
7 0.4833984375 0.5595703125 0.044921875 0.021484375
1 0.56640625 0.548828125 0.0419921875 0.021484375
10 0.6455078125 0.5380859375 0.037109375 0.021484375
6 0.724609375 0.5263671875 0.03125 0.025390625
8 0.80078125 0.513671875 0.02734375 0.0244140625
5 0.8740234375 0.50390625 0.0283203125 0.021484375
4 0.947265625 0.494140625 0.0224609375 0.0244140625