9 0.5 0.5 1 1
11 0.048724421875 0.088023478515625 0.2914561953125 0.122227140625 0.58759549609375 0.168668125 0.98428466015625 0.2290751015625 0.98670769140625 0.187473255859375 0.61801319921875 0.130562017578125 0.058529392578125 0.04822376953125 0.048724421875 0.088023478515625
2 0.2565524573371502 0.09476473626481793 0.05523701969597583 0.045117511121560705
0 0.3377305330089766 0.10607065646461238 0.059257026273065616 0.04722980361204668
3 0.41684172710371326 0.11940928540964982 0.055350776273065616 0.047070636121560705
7 0.4969863619869947 0.13173155998206576 0.0574176578501554 0.04910334486680368
1 0.5742013093702762 0.1441732101723462 0.05937078285015551 0.04918292861204665
10 0.6543459442535577 0.1564954847447621 0.05937078285015551 0.04918292861204665
6 0.7354671416368392 0.16877796744455656 0.05937078285015551 0.049182928612046706
8 0.8146352140201207 0.18114003388959402 0.06132390785015551 0.04926251235728968
5 0.8957564114034022 0.19342251658938844 0.06132390785015551 0.04926251235728968
4 0.9661354212866837 0.20614270988801933 0.04179265785015529 0.048466674904859786