9 0.5 0.5 1 1
11 1 0.74333440234375 0.851378521484375 0.768441201171875 0.527015435546875 0.822749654296875 0.29663558203125 0.86483934375 0.304948552734375 0.918850453125 1 0.805367599609375 1 0.74333440234375
2 0.8872241858979465 0.7945649237091138 0.05303200272114772 0.06593070846523719
0 0.8183656807933415 0.8062193289777324 0.0550533323490614 0.06794066359851536
3 0.7533793233747796 0.8170108320129075 0.05310020734906118 0.06788383346523696
7 0.6883247613283043 0.8258492100480828 0.05107887772114772 0.06587387833195879
1 0.6252574265957858 0.8357209807165363 0.04912575272114772 0.0658170481986804
10 0.5641091145493103 0.8446730190182683 0.04905754809323426 0.0638639231986804
6 0.5030631094447053 0.8565547448200002 0.04501488883740712 0.059844012932123825
8 0.44386792239823003 0.8655636132550105 0.04898934346532058 0.061910798198680395
5 0.3818112524796682 0.8764403614901033 0.04892113883740712 0.05995767319868062
4 0.3236608325611064 0.8874307699917527 0.04703621846532069 0.06185396806540222