9 0.5 0.5 1 1
11 0 0.56128079296875 0.000162099609375 0.5635884140625 0.235711740234375 0.5680929765625 0.387331068359375 0.5712661640625 0.53756008984375 0.574248044921875 0.69565109375 0.577321892578125 0.86468822265625 0.581048412109375 0.869153333984375 0.578301720703125 0.867142623046875 0.543116748046875 0.861878392578125 0.540606080078125 0.6414988359375 0.537503267578125 0.383977767578125 0.53344135546875 0.10925736328125 0.529702880859375 0 0.52791122265625 0 0.56128079296875
2 0.13848243304080615 0.5476916467856298 0.04512640807929136 0.0388231905319929
3 0.285017941310629 0.5508599990638674 0.04512640807929136 0.03882319053199268
7 0.3592594172083281 0.5530121725515079 0.04512640807929147 0.0388231905319929
0 0.21175302791292996 0.5487875416747485 0.04709089602814093 0.04093574772903619
1 0.43448881855487664 0.55329093713767 0.051008508976990496 0.043207737123122314
10 0.5116713449014252 0.5537291339208751 0.049055383976990496 0.04304830492607925
6 0.591777877273549 0.555383041499645 0.052961633976990496 0.0433671693201656
8 0.668949040671248 0.5577743632828502 0.052961633976990496 0.04336716932016538
5 0.7519909420177966 0.5586908566571849 0.0568792469258399 0.04563915871425195
4 0.8369802868899204 0.5607433447285628 0.056867883976990496 0.04368603371425195