9 0.5 0.5 1 1
11 0.184938763671875 0.603912505859375 0.2934979140625 0.06476315625 0.23576411328125 0.057892119140625 0.19531573828125 0.2565553125 0.13595649609375 0.539074421875 0.055942916015625 0.8948311328125 0.122346875 0.900829810546875 0.184938763671875 0.603912505859375
2 0.2309027455805877 0.22671884187075675 0.0682477749536664 0.056214579093014416
0 0.2178416007315263 0.2936880660622738 0.0702008999536664 0.05631693803692661
3 0.20474635356850818 0.36163385275379084 0.07026910458157998 0.05827006303692661
7 0.19060633927757642 0.43158394391726396 0.07033730920949355 0.06022318803692661
1 0.1755579671145583 0.4996320895526932 0.07033730920949355 0.06022318803692661
10 0.15943072550966977 0.5706611021600785 0.07229043420949355 0.06032554698083903
6 0.1432011769629109 0.6446198022674638 0.07033730920949355 0.06022318803692661
8 0.12602916823010882 0.7176531193468053 0.07033730920949355 0.06022318803692661
5 0.1096973127414796 0.7945415069541906 0.07633309346532066 0.06443651486866342
4 0.09434201975285038 0.8713787150896198 0.07424355920949352 0.060427905924751