9 0.5 0.5 1 1
11 0.24084940234375 0.799538724609375 0.2657663359375 0.834977134765625 0.737104501953125 0.275510892578125 0.718438751953125 0.243247234375 0.520000271484375 0.476475833984375 0.24084940234375 0.799538724609375
2 0.44326061853525534 0.5946438086518233 0.026846117142117043 0.03184097335668401
0 0.4774376134692854 0.5534926216978737 0.023030835400999483 0.033703179378732795
3 0.5126366550327568 0.5133407269884118 0.022939867142117265 0.031750054378732795
7 0.5440204148551102 0.4750510383009987 0.022939867142117265 0.031750054378732684
1 0.5754496588069049 0.43773791211358554 0.020986742142117265 0.031704594889756965
10 0.6060842767764643 0.4043083061816845 0.020804805624352607 0.027798344889756965
6 0.6346748014871415 0.3688801157608078 0.018942648883234714 0.029706010400781246
8 0.6624252160861419 0.33635888309544326 0.018851680624352607 0.027752885400781246
5 0.6911067090557013 0.3028838176745665 0.016898555624352607 0.027707425911805528
4 0.7178350770252606 0.26936329276471416 0.016898555624352607 0.027707425911805528