9 0.5 0.5 1 1
11 0.55513097265625 0.17257813671875 0.555695318359375 0.175433736328125 0.54922669140625 0.199351515625 0.535365513671875 0.25577195703125 0.53545184375 0.25836152734375 0.52865412890625 0.284231275390625 0.51450633984375 0.342353013671875 0.494780017578125 0.426348037109375 0.47421288671875 0.510162037109375 0.4534271328125 0.593205275390625 0.432744970703125 0.676668583984375 0.432653046875 0.680317720703125 0.391359095703125 0.84889363671875 0.360402716796875 0.97679443359375 0.402288439453125 0.979508369140625 0.43151433203125 0.858777587890625 0.473686197265625 0.687266232421875 0.52822527734375 0.461788220703125 0.63310471875 0.0347234296875 0.632532087890625 0.028813537109375 0.595257474609375 0.023344615234375 0.591183533203125 0.02683925 0.577003466796875 0.083084103515625 0.57701175390625 0.086138400390625 0.55513097265625 0.17257813671875
2 0.4185862931893666 0.8244907336511966 0.04634812230066454 0.05448521739534584
0 0.4408201428571409 0.7359236468166311 0.04842640923772623 0.056517926140588814
3 0.4588348376822611 0.6523985399725518 0.04842640923772623 0.05651792614058859
7 0.47977922000738127 0.5687540575106078 0.04622296036360285 0.05253209239534584
1 0.5007236023325015 0.4851095750486639 0.04842640923772623 0.056517926140588814
10 0.5206914221576217 0.4015048844593415 0.04622296036360285 0.05253209239534584
6 0.5426749479512727 0.3168440476247761 0.04464532117478792 0.05831188365010276
8 0.5627679297134545 0.23128623203545368 0.04647328423772623 0.05643834239534573
5 0.5849391984126979 0.14369570770088824 0.04867673311184939 0.06042417614058876
4 0.6050947611434107 0.05716132961156582 0.04867673311184961 0.06042417614058876