9 0.5 0.5 1 1
11 0.225090435546875 0.202640142578125 0.19913404296875 0.06657209375 0.13422866796875 0.08255164453125 0.158944841796875 0.2107282421875 0.20592927734375 0.417019025390625 0.286235681640625 0.777510548828125 0.315951052734375 0.921758849609375 0.381550673828125 0.90564206640625 0.33847744921875 0.71205837890625 0.30546124609375 0.5573976328125 0.25683340625 0.345983830078125 0.225090435546875 0.202640142578125
2 0.20013367297473933 0.24429485114113567 0.07099745450758732 0.05942605608350465
0 0.2153680190255346 0.31482786806132723 0.07099745450758732 0.05942605608350471
3 0.2325100059468887 0.3862578637362759 0.07090648624870499 0.05747293108350471
7 0.24872091449768396 0.45675108878384596 0.07099745450758732 0.05942605608350471
1 0.2639552605484792 0.5272841057040376 0.06904432950758732 0.05934647233826151
10 0.28202832584039217 0.5996508720063647 0.07081551798982266 0.05551980608350471
6 0.29633159352062854 0.6692471182991777 0.07099745450758732 0.05942605608350471
8 0.31152045544198265 0.7407566977193694 0.07099745450758732 0.05942605608350471
5 0.3276403957338956 0.8132030477669394 0.07099745450758732 0.05942605608350471
4 0.34371485189636736 0.8866259603145097 0.07099745450758732 0.05942605608350471