9 0.5 0.5 1 1
11 0.14007450390625 0.444436154296875 0.13117170703125 0.477461724609375 0.925609388671875 0.488023904296875 0.925223150390625 0.455128783203125 0.14007450390625 0.444436154296875
2 0.7636904334697421 0.46913524926172223 0.04655930365988192 0.038034974552418
0 0.6951491219519774 0.4686608314645644 0.04469714691876403 0.03986293761535631
3 0.6266532945636538 0.46720985116740665 0.04469714691876403 0.03986293761535631
7 0.5600651080458892 0.4668605953073105 0.04274402191876403 0.03973777567829462
1 0.49445348402812456 0.46657392041574514 0.04655930365988181 0.038034974552418
10 0.4269342191398011 0.4651855210871182 0.0426530536598817 0.03778465067829462
6 0.3603915167514776 0.46385970272702204 0.0465593036598817 0.038034974552418
8 0.29477989273371297 0.46357302783545673 0.04460617865988181 0.03790981261535631
5 0.22823719034538947 0.4622472094753606 0.04460617865988181 0.03790981261535631
4 0.15969587882762482 0.46177279167820273 0.04460617865988181 0.03790981261535631