9 0.5 0.5 1 1
11 0.27255176953125 0.1788091484375 0.43224587109375 0.199483287109375 0.62474354296875 0.223874669921875 0.815699103515625 0.244251892578125 0.859364095703125 0.25051503125 0.872992814453125 0.1973243359375 0.77008941796875 0.18815056640625 0.552234177734375 0.1665232734375 0.363620314453125 0.145902244140625 0.272712708984375 0.13778462890625 0.27255176953125 0.1788091484375
4 0.8452436310323782 0.22188650738884225 0.04814786569131946 0.05741765785015551
5 0.7897841362327689 0.21633950733590188 0.04614928120234385 0.05535077627306567
8 0.7353239336776474 0.2097590664944166 0.04814786569131946 0.05741765785015551
6 0.6827941263780379 0.2040414315758415 0.04219757171336802 0.053170138118886046
10 0.6302415893339408 0.1993003591572664 0.04215211222439241 0.051217013118886046
1 0.5796421772898436 0.1944455301616015 0.04215211222439241 0.051217013118886046
7 0.5310186199902343 0.18850038208884679 0.042106652735416805 0.049263888118886046
3 0.4814185001906248 0.18261211230463698 0.04215211222439241 0.051217013118886046
0 0.4357473601355033 0.17551976686624754 0.042106652735416694 0.049263888118886046
2 0.38807763559140607 0.17049430300494792 0.042106652735416694 0.049263888118886046