9 0.5 0.5 1 1
11 1 0.517730912109375 0.98437005078125 0.498596650390625 0.53875084765625 0.501727591796875 0.13318476953125 0.50620271484375 0.1270468359375 0.539616912109375 0.59247214453125 0.535615845703125 1 0.532618794921875 1 0.517730912109375
2 0.7822265625 0.5166293590206152 0.044921875 0.034771831442012235
0 0.708984375 0.5172339075673742 0.046875 0.034840036069925695
3 0.638671875 0.5177361491722627 0.046875 0.034840036069925695
7 0.56640625 0.5183065954050647 0.046875 0.034840036069925695
1 0.498046875 0.5197171948820397 0.046875 0.034840036069925695
10 0.4296875 0.5191746693590147 0.04296875 0.032750501814098554
6 0.359375 0.5206534734639031 0.046875 0.034840036069925695
8 0.2919921875 0.5210534081269214 0.046875 0.034840036069925695
5 0.2255859375 0.5223958029759826 0.04296875 0.032750501814098554
4 0.154296875 0.521955584394828 0.046875 0.034840036069925695