9 0.5 0.5 1 1
11 0.425867779296875 0 0.354508435546875 0.905463376953125 0.400614466796875 0.916773384765625 0.475605384765625 0 0.425867779296875 0
2 0.44626736479079 0.021434832946136975 0.044742070325752836 0.04286966589227395
0 0.4397755619306413 0.11095628395841976 0.04703621846532069 0.061592443246441
3 0.43247770814027664 0.2098391236477861 0.04515129809323426 0.06350010875746531
7 0.4242032918499119 0.3087446930816403 0.04501488883740712 0.05959385875746537
1 0.4187562561176768 0.4046523857820309 0.04312996846532069 0.06150152426848954
10 0.41128789075752814 0.4986524129713973 0.04689980920949355 0.057686193246440975
6 0.40294526983924983 0.5956048574052514 0.040904024953666296 0.05364356477951393
8 0.39540869985118765 0.6876517595946178 0.04097222958157998 0.05559668977951393
5 0.38895099930499577 0.7826056195394963 0.04097222958157998 0.05559668977951393
4 0.3805401737588039 0.8776049389733505 0.04097222958157998 0.05559668977951393