9 0.5 0.5 1 1
11 0.8508908828125 0.366259287109375 0.839573806640625 0.329947513671875 0.162367333984375 0.605469279296875 0.175405283203125 0.6295645703125 0.8508908828125 0.366259287109375
2 0.6968047616460616 0.40665207337808973 0.05002155779884543 0.04414467342654127
0 0.6257818849800822 0.43557196561230915 0.04996472766556703 0.04219154842654127
3 0.557717110880742 0.46332755244093615 0.04801160266556703 0.04206638648947969
7 0.49266726948131934 0.4879657088639706 0.04203856739901046 0.03778465067829462
1 0.435486758215175 0.5101500925387585 0.04203856739901035 0.03778465067829462
10 0.3802593719490307 0.5322093142764848 0.04008544239901024 0.03765948874123293
6 0.3269566956162472 0.5551199365771493 0.03813231739901024 0.037534326804171236
8 0.27767392955002035 0.5738739850036907 0.036122362265731955 0.035456039867109546
5 0.22936772598379354 0.5925654524617011 0.034169237265731955 0.03533087793004808
4 0.1849961874842059 0.6100300335455883 0.032159282132453615 0.033252590992986386