9 0.5 0.5 1 1
11 0.21999636328125 0.3673271328125 0.21709424609375 0.40106696484375 0.99854894140625 0.4500438984375 0.99854894140625 0.414671626953125 0.21999636328125 0.3673271328125
2 0.908203125 0.4267578125 0.04296875 0.03125
0 0.8310546875 0.4228515625 0.041015625 0.03125
7 0.6826171875 0.4140625 0.04296875 0.03125
1 0.6103515625 0.41015625 0.04296875 0.03125
10 0.5380859375 0.4052734375 0.041015625 0.03125
6 0.4638671875 0.400390625 0.0390625 0.03125
8 0.3916015625 0.3955078125 0.0390625 0.03125
5 0.318359375 0.3916015625 0.0390625 0.03125
4 0.244140625 0.38671875 0.04296875 0.029296875
3 0.7587890625 0.4189453125 0.041015625 0.03125