9 0.5 0.5 1 1
11 0.7685429921875 0.649056720703125 0.749913119140625 0.527972916015625 0.724232111328125 0.345959173828125 0.69899984765625 0.147775861328125 0.6803274765625 0.032559697265625 0.631344248046875 0.04342781640625 0.65328218359375 0.19964444921875 0.66680526171875 0.30836645703125 0.688538986328125 0.476373607421875 0.70628398046875 0.602018900390625 0.732113197265625 0.77862352734375 0.7902278828125 0.767687732421875 0.7685429921875 0.649056720703125
4 0.7565364066220203 0.7504726481480473 0.055994593065402 0.04715021986680368
5 0.7457164885202059 0.6865368174921267 0.05599459306540222 0.04715021986680368
8 0.737769427785113 0.6244347362183417 0.05208834306540222 0.04699105237631773
6 0.728788974416742 0.564325571817178 0.05404146806540222 0.047070636121560705
10 0.7207566684817317 0.505153178043393 0.05599459306540222 0.04715021986680368
1 0.7117193849800822 0.44699713864222945 0.052031512932123825 0.04503792737631773
7 0.704663641545072 0.3877849529958229 0.053984637932123825 0.045117511121560705
3 0.6956263580434225 0.32962891359465935 0.05599459306540222 0.04715021986680368
0 0.6894619319084947 0.2733066235756313 0.055937762932123825 0.04519709486680368
2 0.6823209432735668 0.21702412542922478 0.055937762932123825 0.04519709486680368