9 0.5 0.5 1 1
11 0.4669481640625 0.87070105859375 0.502021578125 0.87093386328125 0.504464533203125 0.8658154765625 0.504988095703125 0.6450211640625 0.506034970703125 0.3870433203125 0.50655853125 0.111797619140625 0.507081845703125 0 0.47148487109375 0.0002328046875 0.469740080078125 0.23614980078125 0.468343998046875 0.387988095703125 0.46712251953125 0.5384444453125 0.465901041015625 0.69677876953125 0.46415625 0.86604794921875 0.4669481640625 0.87070105859375
2 0.4892578125 0.1396484375 0.033203125 0.04296875
3 0.4873046875 0.287109375 0.033203125 0.04296875
7 0.486328125 0.361328125 0.033203125 0.04296875
0 0.48828125 0.212890625 0.033203125 0.044921875
1 0.4873046875 0.4365234375 0.03515625 0.048828125
10 0.4873046875 0.513671875 0.03515625 0.046875
6 0.486328125 0.59375 0.03515625 0.05078125
8 0.4853515625 0.6708984375 0.03515625 0.05078125
5 0.4853515625 0.7548828125 0.037109375 0.0546875
4 0.484375 0.83984375 0.03515625 0.0546875