9 0.5 0.5 1 1
11 0.970723875 0.288311755859375 0.962901455078125 0.258977677734375 0.6348902109375 0.289887896484375 0.069331349609375 0.34140674609375 0.072104498046875 0.369634423828125 0.565742724609375 0.326252728515625 0.970723875 0.288311755859375
4 0.091796875 0.353515625 0.0390625 0.02734375
5 0.1572265625 0.34765625 0.0390625 0.02734375
8 0.2197265625 0.341796875 0.0390625 0.02734375
6 0.28125 0.3369140625 0.0390625 0.02734375
10 0.3427734375 0.33203125 0.0390625 0.02734375
1 0.4052734375 0.326171875 0.0390625 0.025390625
7 0.4677734375 0.3193359375 0.0390625 0.025390625
3 0.53125 0.3134765625 0.041015625 0.02734375
0 0.5947265625 0.3076171875 0.0390625 0.025390625
2 0.6591796875 0.3017578125 0.04296875 0.025390625