9 0.5 0.5 1 1
11 0.707313740234375 0.860572419921875 0.486318701171875 0.500624337890625 0.232150048828125 0.10013062109375 0.2196336796875 0.126251654296875 0.2065731640625 0.13350760546875 0.680104166015625 0.893223875 0.707313740234375 0.860572419921875
2 0.3408203125 0.310546875 0.03125 0.037109375
0 0.37890625 0.3701171875 0.02734375 0.037109375
3 0.4169921875 0.4296875 0.02734375 0.037109375
7 0.4541015625 0.490234375 0.02734375 0.0390625
1 0.490234375 0.548828125 0.025390625 0.0390625
10 0.5283203125 0.609375 0.02734375 0.0390625
6 0.5654296875 0.669921875 0.029296875 0.03515625
8 0.6025390625 0.728515625 0.02734375 0.037109375
5 0.6416015625 0.791015625 0.02734375 0.037109375
4 0.681640625 0.8544921875 0.02734375 0.03515625