9 0.5 0.5 1 1
11 0.872104498046875 0.57585491015625 0.87515773828125 0.571734623046875 0.8556180546875 0.5511336796875 0.636406083984375 0.56440972265625 0.48680489453125 0.574023560546875 0.32865476171875 0.585010912109375 0.160124337890625 0.596455853515625 0.000742064453125 0.60942237109375 0 0.634453373046875 0.16221527734375 0.621634919921875 0.412568453125 0.6024072421875 0.575685515625 0.59233556640625 0.737158068359375 0.581348462890625 0.872104498046875 0.57585491015625
2 0.119140625 0.6103515625 0.046875 0.021484375
0 0.2060546875 0.6044921875 0.0478515625 0.0205078125
3 0.2900390625 0.595703125 0.05078125 0.021484375
7 0.3740234375 0.5908203125 0.0478515625 0.0185546875
1 0.455078125 0.5869140625 0.046875 0.01953125
10 0.533203125 0.58203125 0.04296875 0.0185546875
6 0.6123046875 0.576171875 0.0400390625 0.0205078125
8 0.6884765625 0.5703125 0.03515625 0.0224609375
5 0.7646484375 0.5673828125 0.0361328125 0.021484375
4 0.8408203125 0.5625 0.033203125 0.0205078125