9 0.5 0.5 1 1
11 0.1994794765625 0.364376515625 0.595459318359375 0.84612645703125 0.633980333984375 0.826275197265625 0.230650865234375 0.338832375 0.1994794765625 0.364376515625
4 0.6028027606773871 0.8240049665888416 0.03490947365634711 0.030649798669130757
5 0.5711257178733631 0.782428932130594 0.03502323023343701 0.03260292366913076
8 0.5382445994151592 0.7447989395449677 0.03502323023343701 0.03260292366913076
6 0.5082931684569555 0.7070495713414771 0.03686259865634711 0.03072938241437395
10 0.4765592473643864 0.6664500993832294 0.04260821707925744 0.029015008650102647
1 0.4455743756176377 0.6297170855523602 0.031003223656347112 0.03049063117864481
7 0.41464638215943395 0.5920075092214909 0.03870196707925733 0.028855841159616702
3 0.3837752669897751 0.5533213703906218 0.03284259207925733 0.028617089923887784
0 0.3528472735315713 0.5156117940597527 0.030889467079257438 0.02853750617864481
2 0.3209995958619124 0.4769654471015049 0.029050098656347112 0.03041104743340184