9 0.5 0.5 1 1
11 0.41451554296875 0.852048859375 0.468856482421875 0.85230133984375 0.48090773828125 0.09572693359375 0.425401125 0.093936755859375 0.41451554296875 0.852048859375
4 0.443359375 0.8330078125 0.048828125 0.037109375
5 0.443359375 0.7705078125 0.046875 0.03515625
8 0.4443359375 0.7099609375 0.05078125 0.03515625
6 0.4453125 0.6494140625 0.05078125 0.03515625
10 0.4482421875 0.5888671875 0.046875 0.03515625
1 0.447265625 0.5283203125 0.048828125 0.03515625
7 0.44921875 0.46875 0.046875 0.03515625
3 0.44921875 0.4052734375 0.05078125 0.03515625
0 0.44921875 0.341796875 0.048828125 0.0390625
2 0.451171875 0.2783203125 0.05078125 0.0390625