9 0.5 0.5 1 1
11 0 0.77497123046875 0.3704203046875 0.76256498046875 0.67092493359375 0.753053572265625 0.899749669921875 0.746023560546875 0.892030091796875 0.70797792578125 0.5148941796875 0.7174893359375 0.2100777109375 0.729068453125 0 0.73568501953125 0 0.77497123046875
2 0.16796875 0.75 0.05078125 0.037109375
0 0.2451171875 0.7470703125 0.05078125 0.037109375
3 0.3251953125 0.744140625 0.05078125 0.037109375
7 0.4033203125 0.7412109375 0.05078125 0.037109375
1 0.478515625 0.73828125 0.05078125 0.037109375
10 0.5556640625 0.7353515625 0.05078125 0.037109375
6 0.634765625 0.734375 0.05078125 0.037109375
8 0.7119140625 0.7333984375 0.05078125 0.037109375
5 0.7890625 0.7294921875 0.05078125 0.037109375
4 0.8701171875 0.7275390625 0.05078125 0.037109375