9 0.5 0.5 1 1
11 0.286216939453125 0.637970111328125 0.31595992578125 0.6519610078125 0.73148803125 0.1728752109375 0.698458626953125 0.1575941875 0.286216939453125 0.637970111328125
2 0.3832993082926327 0.5520834641612951 0.032000250907049166 0.023304480233437008
0 0.4142981874901885 0.5150502306393132 0.03395337590704928 0.023418236810526682
3 0.4480903449319171 0.47394011225169663 0.03200025090704928 0.023304480233437008
7 0.48292726950155923 0.4347262405755351 0.031932046279135706 0.021351355233437008
1 0.5167535292572447 0.3945926846879185 0.03590650090704939 0.02353199338761658
10 0.5524988116989733 0.35336880972321205 0.03395337590704939 0.023418236810526794
6 0.5891865543267452 0.31111149396996074 0.03200025090704939 0.023304480233437008
8 0.6248977344545168 0.2689110565052544 0.03213666016287631 0.027210730233437008
5 0.6644128576404184 0.22355341838636827 0.035906500907049166 0.02353199338761658
4 0.7029514183263199 0.17825265855602718 0.03200025090704939 0.023304480233437008