9 0.5 0.5 1 1
11 0.453869046875 0.98048941796875 0.498511904296875 0.987103173828125 0.5853174609375 0.00330687890625 0.53447420703125 0 0.453869046875 0.98048941796875
2 0.5458984375 0.13671875 0.0390625 0.05859375
0 0.5390625 0.2294921875 0.04296875 0.056640625
3 0.5302734375 0.322265625 0.04296875 0.05859375
7 0.5224609375 0.4140625 0.041015625 0.0546875
1 0.515625 0.50390625 0.041015625 0.0546875
10 0.5078125 0.5927734375 0.04296875 0.05078125
6 0.5009765625 0.681640625 0.0390625 0.0546875
8 0.4931640625 0.76953125 0.041015625 0.052734375
5 0.4853515625 0.8564453125 0.0390625 0.0546875
4 0.478515625 0.9482421875 0.0390625 0.05078125