9 0.5 0.5 1 1
11 0.175684626953125 0.86090961328125 0.6289134453125 0.293732083984375 0.795648251953125 0.088403240234375 0.73878111328125 0.077397103515625 0.148348375 0.824987419921875 0.175684626953125 0.86090961328125
2 0.5966021483712359 0.2962447494189223 0.036793161069925695 0.04933336448238901
0 0.5473740887082178 0.36034974260907027 0.034840036069925695 0.049196788677811853
3 0.49629521098706997 0.42138847249464106 0.036793161069925695 0.04933336448238901
7 0.44912258326592214 0.48270035398936617 0.034840036069925695 0.049196788677811965
1 0.40198405785873115 0.5430356729840913 0.032818706442012124 0.0471070878732347
10 0.35696916902132403 0.5986247552833935 0.032750501814098554 0.0451539628732347
6 0.3098988482420466 0.6570069492781188 0.034908240697839266 0.05114991367781174
8 0.2658605219046395 0.7126643194797095 0.031001990697839155 0.050876762068657655
5 0.22182219556723243 0.7683216896813004 0.032818706442012124 0.0471070878732347
4 0.17492238635773888 0.8218210711760255 0.032955115697839266 0.0510133378732347