9 0.5 0.5 1 1
11 0.03992493359375 0.44949851171875 0.043647486328125 0.452988591796875 0.100262896484375 0.457699900390625 0.1032873671875 0.45717633984375 0.190302248046875 0.464505208984375 0.19309424609375 0.463458333984375 0.217197751953125 0.465901041015625 0.273966599609375 0.470263392578125 0.27652579296875 0.469740080078125 0.3025836640625 0.47218303515625 0.36105588671875 0.47654538671875 0.445511244140625 0.482129216796875 0.52984126953125 0.48858556640625 0.61342195703125 0.495390873046875 0.697412037109375 0.502021578125 0.701032076171875 0.501498015625 0.870641203125 0.51441071484375 0.99930191796875 0.523833333984375 0.99930191796875 0.481431298828125 0.877853505859375 0.472531994140625 0.70528075390625 0.4592353671875 0.47846527734375 0.442658482421875 0.048765873046875 0.4096788203125 0.042949404296875 0.411249255859375 0.03992493359375 0.44949851171875
2 0.8447265625 0.4912109375 0.048828125 0.037109375
0 0.755859375 0.484375 0.05078125 0.0390625
3 0.671875 0.4794921875 0.05078125 0.0390625
7 0.587890625 0.47265625 0.046875 0.0390625
1 0.5029296875 0.4658203125 0.05078125 0.0390625
10 0.4189453125 0.4599609375 0.046875 0.0390625
6 0.333984375 0.453125 0.052734375 0.03515625
8 0.248046875 0.447265625 0.05078125 0.037109375
5 0.16015625 0.439453125 0.0546875 0.0390625
4 0.072265625 0.43359375 0.0546875 0.0390625