9 0.5 0.5 1 1
11 0.42642381640625 0.467909533203125 0.299394552734375 0.5679673515625 0.32783215625 0.5845759296875 0.532656263671875 0.4266693046875 0.80297884765625 0.220144240234375 0.768505359375 0.19083959765625 0.42642381640625 0.467909533203125
2 0.6958922807336525 0.27634893049570236 0.04608135367453059 0.03634436850527489
0 0.6397414927337943 0.3223701042307288 0.04614955830244427 0.03829749350527489
3 0.5843967556641522 0.3634401775634667 0.03826885367453059 0.035798065286966274
7 0.5406343593386829 0.3997845460687416 0.03631572867453059 0.03566148948238901
1 0.4957930935713432 0.43326751497630506 0.0324094786745307 0.0353883378732347
10 0.45866202086213315 0.46327449316555985 0.03038814904661713 0.033298637068657544
6 0.41762469815292314 0.493554622963969 0.03038814904661713 0.03329863706865743
8 0.38527413100184277 0.5202904741417809 0.03031994441870356 0.031345512068657655
5 0.35383192172284883 0.5450049124173042 0.026209080534962848 0.025212985459503123
4 0.32336627494385484 0.5696510627905389 0.026209080534962848 0.025212985459503123