9 0.5 0.5 1 1
11 0.581758267578125 0.103844494140625 0.18694411328125 0.105805306640625 0.0017430546875 0.108419890625 0.0017430546875 0.149273314453125 0.10505489453125 0.14763913671875 0.56918187890625 0.1460049609375 0.881626984375 0.1440438984375 0.8829345234375 0.102537203125 0.581758267578125 0.103844494140625
2 0.1484375 0.1259765625 0.046875 0.041015625
0 0.22265625 0.1259765625 0.046875 0.041015625
3 0.2998046875 0.125 0.05078125 0.04296875
7 0.37890625 0.1240234375 0.046875 0.04296875
1 0.455078125 0.1240234375 0.05078125 0.04296875
10 0.53515625 0.125 0.052734375 0.04296875
6 0.611328125 0.1240234375 0.052734375 0.04296875
8 0.6923828125 0.123046875 0.0546875 0.04296875
5 0.7705078125 0.1220703125 0.0546875 0.041015625
4 0.8525390625 0.123046875 0.0546875 0.04296875