9 0.5 0.5 1 1
11 1 0.299390625 0.8030472890625 0.306182291015625 0.449136244140625 0.318067212890625 0.081641865234375 0.321463044921875 0.077869046875 0.35145858203125 0.447626984375 0.34693105078125 1 0.33221626953125 1 0.299390625
2 0.6806640625 0.3251953125 0.041015625 0.02734375
0 0.6123046875 0.328125 0.0390625 0.02734375
3 0.5478515625 0.3291015625 0.0390625 0.02734375
7 0.4814453125 0.3310546875 0.0390625 0.02734375
1 0.4189453125 0.33203125 0.041015625 0.02734375
10 0.3544921875 0.333984375 0.03515625 0.02734375
6 0.291015625 0.3349609375 0.03515625 0.02734375
8 0.2275390625 0.3349609375 0.0390625 0.02734375
5 0.166015625 0.3359375 0.03515625 0.02734375
4 0.1025390625 0.3359375 0.037109375 0.02734375