9 0.5 0.5 1 1
11 1 0.373209220703125 0.895464947265625 0.424667890625 0.216278671875 0.74089358984375 0.251796447265625 0.775104560546875 0.893341724609375 0.4693253984375 1 0.417585716796875 1 0.373209220703125
2 0.8542118111894144 0.46555387631693945 0.04504136856156116 0.028646602179483116
0 0.7962158513421052 0.4922159084731223 0.045360232955647506 0.03255285217948323
3 0.736426198691839 0.5206830666666014 0.043407107955647506 0.03240485321677933
7 0.6737068585415729 0.5489282264160247 0.041453982955647506 0.03225685425407576
1 0.6130203594898284 0.5782979476281519 0.047313357955647506 0.032700851142186904
10 0.5466339176351269 0.6091767969521676 0.04747279015269079 0.034653976142186904
6 0.4812240382804256 0.6401296457575354 0.051219607955647506 0.03299684906759448
8 0.4102736483198106 0.6745447476747918 0.05333216515269079 0.03509797303029827
5 0.338266979760674 0.7079092876106962 0.059032107955647506 0.03358884491840963
4 0.26079951669414525 0.7457126431584893 0.05723841515269079 0.035393970955705845