9 0.5 0.5 1 1
11 0.243143517578125 0.54255605078125 0.000725529296875 0.55833730078125 0.000725529296875 0.592621279296875 0.38455985546875 0.566500248046875 0.909230158203125 0.5311279765625 0.89907208984375 0.499020833984375 0.582716931640625 0.520788443359375 0.243143517578125 0.54255605078125
2 0.271484375 0.556640625 0.0458984375 0.029296875
0 0.3427734375 0.5517578125 0.0439453125 0.0302734375
3 0.4130859375 0.5478515625 0.0439453125 0.0302734375
7 0.482421875 0.54296875 0.041015625 0.0302734375
1 0.5478515625 0.5390625 0.04296875 0.0302734375
10 0.6162109375 0.5341796875 0.0400390625 0.0302734375
6 0.6826171875 0.5302734375 0.0400390625 0.0302734375
8 0.748046875 0.525390625 0.0400390625 0.0302734375
5 0.8154296875 0.521484375 0.0380859375 0.0302734375
4 0.8828125 0.517578125 0.0380859375 0.0302734375