9 0.5 0.5 1 1
11 0.020211322265625 0.285790822265625 0.014575517578125 0.322586099609375 0.818335779296875 0.405146640625 0.8354138046875 0.377164943359375 0.020211322265625 0.285790822265625
4 0.8084798777425575 0.3874589041359553 0.031795470779006685 0.03380091515269079
5 0.748120508322841 0.38165911474429354 0.031795470779006685 0.03380091515269068
8 0.6877611389031246 0.3758593253526318 0.03573581270269477 0.03607290454677703
6 0.6303314569834082 0.36982038766540526 0.035701720779006685 0.03411977954677703
10 0.5670424000636918 0.36425974656930826 0.035701720779006685 0.03411977954677703
1 0.5047469516058193 0.3576428268746897 0.03768893770269477 0.036232336743820204
7 0.44344511160979083 0.3499696285815495 0.04159518770269477 0.03655120113790655
3 0.3762668506519184 0.34375128937953886 0.04358240462638263 0.03866375833494973
0 0.30912268161773393 0.33557982517752816 0.04745456270269477 0.037029497729035965
2 0.23707865412170537 0.32878350396812545 0.049475871550070605 0.04109517992607925