9 0.5 0.5 1 1
11 0.21802380859375 0.62944708984375 0.218929810546875 0.680189484375 0.98898288671875 0.6536845234375 0.984851439453125 0.594008267578125 0.21802380859375 0.62944708984375
2 0.3798828125 0.646484375 0.033203125 0.044921875
0 0.4384765625 0.6435546875 0.03515625 0.046875
3 0.498046875 0.6416015625 0.03515625 0.046875
7 0.55859375 0.638671875 0.037109375 0.046875
1 0.6220703125 0.6357421875 0.037109375 0.046875
10 0.6865234375 0.6337890625 0.0390625 0.046875
6 0.751953125 0.6318359375 0.037109375 0.046875
8 0.8212890625 0.6298828125 0.0390625 0.046875
5 0.892578125 0.6279296875 0.0390625 0.048828125
4 0.96484375 0.625 0.0390625 0.044921875