9 0.5 0.5 1 1
11 0.5155868515625 0.993390783203125 0.6305829140625 0.217322568359375 0.59717862890625 0.21363589453125 0.480119376953125 0.993792173828125 0.4804428984375 0.993799720703125 0.5155868515625 0.993390783203125
2 0.5108944821369196 0.9036564232575035 0.03555738070998027 0.04530822833784076
0 0.5217224184494949 0.8274050049232422 0.035455021766068295 0.04335510333784054
7 0.5431735731868215 0.6788084182547196 0.03555738070998027 0.04530822833784054
1 0.5537967916115725 0.6064632499204582 0.03555738070998027 0.04530822833784076
10 0.5653965725363235 0.534106718252731 0.035455021766068295 0.04335510333784054
6 0.5760709704330305 0.4607849874184696 0.03535266282215588 0.04140197833784076
8 0.5876707513577815 0.3884284557507425 0.03535266282215588 0.04140197833784076
5 0.5973685867544887 0.315118088249947 0.03535266282215588 0.04140197833784076
4 0.6090707266231519 0.2408084315822198 0.03360425570998027 0.04528550167090889
3 0.532345636874246 0.7550598365889809 0.03545502176606807 0.04335510333784054