9 0.5 0.5 1 1
11 1 0.630828125 0.085173611328125 0.558781498046875 0.070652447265625 0.57386086328125 1 0.65428521875 1 0.630828125
2 0.796875 0.62109375 0.04296875 0.021484375
0 0.71875 0.61328125 0.044921875 0.01953125
3 0.642578125 0.607421875 0.046875 0.0234375
7 0.5654296875 0.6025390625 0.05078125 0.0234375
1 0.490234375 0.5966796875 0.05078125 0.021484375
10 0.4140625 0.5927734375 0.046875 0.0234375
6 0.3359375 0.5869140625 0.04296875 0.0234375
8 0.259765625 0.5810546875 0.0390625 0.0234375
5 0.18359375 0.5771484375 0.0390625 0.0234375
4 0.103515625 0.5712890625 0.03515625 0.021484375