9 0.5 0.5 1 1
11 0.3755458828125 0.025406416015625 0.3668350703125 0.0239546953125 0.358305802734375 0.021292990234375 0.35140972265625 0.01766369140625 0.3628427578125 0.4316240078125 0.365746279296875 0.518973875 0.366653521484375 0.5866421953125 0.36810540625 0.65390873046875 0.369375744140625 0.721901125 0.37173487109375 0.836428572265625 0.373731150390625 0.83812235546875 0.404763392578125 0.8357027109375 0.406578125 0.83279894140625 0.40167832421875 0.58502579296875 0.396778521484375 0.384208333984375 0.3906083828125 0.17595304296875 0.386071427734375 0.0251643515625 0.3755458828125 0.025406416015625
2 0.3740234375 0.2001953125 0.03125 0.04296875
0 0.375 0.2685546875 0.03125 0.04296875
3 0.37890625 0.3388671875 0.03125 0.04296875
7 0.37890625 0.408203125 0.03125 0.04296875
1 0.3828125 0.474609375 0.03125 0.04296875
10 0.3828125 0.5400390625 0.03125 0.04296875
6 0.384765625 0.6083984375 0.03125 0.04296875
8 0.3857421875 0.67578125 0.03125 0.04296875
5 0.38671875 0.7451171875 0.03125 0.04296875
4 0.388671875 0.8115234375 0.03125 0.04296875