9 0.5 0.5 1 1
11 0.173417181640625 0.710796076171875 0.16790133984375 0.7534991171875 0.735266724609375 0.803914021484375 0.73967366796875 0.7729245859375 0.173417181640625 0.710796076171875
4 0.1884765625 0.7340084624009148 0.0390625 0.04788185425407554
5 0.2421875 0.7380784338752687 0.037109375 0.04187448029137175
8 0.291015625 0.7437315329428632 0.037109375 0.03992135529137175
6 0.3369140625 0.7462329460664021 0.03515625 0.039773356328668186
10 0.3818359375 0.750613484708589 0.033203125 0.0396253573659644
1 0.4248046875 0.7548460243880721 0.033203125 0.039625357365964176
7 0.4658203125 0.7589305651048515 0.033203125 0.0396253573659644
3 0.5048828125 0.7628671068589271 0.03125 0.03947735840326039
0 0.5439453125 0.7668036486130028 0.029296875 0.03346998444055682
2 0.580078125 0.7705181919230226 0.029296875 0.03542310944055682