9 0.5 0.5 1 1
11 0.5319404765625 0.51535019921875 0.547499255859375 0.408743716796875 0.565651041015625 0.274477513671875 0.540152033203125 0.27159623046875 0.51076314453125 0.461758927734375 0.4826708828125 0.62602480078125 0.456739583984375 0.766042328125 0.416114087890625 0.96369609765625 0.456739583984375 0.982136244140625 0.476188244140625 0.87320171875 0.492611359375 0.77984920703125 0.50298387890625 0.71300396875 0.51465277734375 0.636362763671875 0.5319404765625 0.51535019921875
2 0.4677734375 0.8095703125 0.03125 0.044921875
0 0.4814453125 0.734375 0.029296875 0.0390625
3 0.4921875 0.6650390625 0.03125 0.0390625
7 0.50390625 0.5986328125 0.02734375 0.037109375
1 0.5126953125 0.5400390625 0.0234375 0.03515625
10 0.521484375 0.484375 0.025390625 0.033203125
6 0.529296875 0.4306640625 0.0234375 0.03125
8 0.5361328125 0.380859375 0.0234375 0.03125
5 0.5439453125 0.333984375 0.0234375 0.02734375
4 0.55078125 0.287109375 0.0234375 0.02734375