9 0.5 0.5 1 1
11 0.785557833984375 1 0.863995744140625 0.12865015625 0.816747185546875 0.120024533203125 0.724715109375 0.993801599609375 0.7630653515625 1 0.785557833984375 1
2 0.8153845348724543 0.38815430188803296 0.05861765480682868 0.049065845955705845
0 0.8082196828460078 0.44757661542532917 0.05861765480682868 0.049065845955705845
3 0.8029225176715865 0.5081234904253291 0.0626947811027776 0.05131496888111342
7 0.7955013512012162 0.5704754914626253 0.06286565739872674 0.0532680938811132
1 0.7888858709348969 0.6348546169812735 0.06286565739872674 0.05326809388111342
10 0.7822703906685776 0.6992337424999217 0.06286565739872674 0.05326809388111342
6 0.7764605966063092 0.7656399924999217 0.06286565739872696 0.05326809388111342
8 0.7715419268960663 0.8330968044812735 0.06303653369467588 0.05522121888111342
5 0.7654758183898742 0.9024327419812735 0.0612542849906248 0.05702634491840963
4 0.7572002704397587 0.9729815980390065 0.0632074099906248 0.05403680392198695