9 0.5 0.5 1 1
11 0.330957451171875 0.88868087109375 0.367052544921875 0.64444397265625 0.449002880859375 0.06409396875 0.410578578125 0.0626214375 0.3626440234375 0.429851052734375 0.310555056640625 0.7986696484375 0.3000730546875 0.884799548828125 0.330957451171875 0.88868087109375
2 0.337890625 0.7312966746634626 0.0390625 0.04915013154179615
0 0.3466796875 0.6692613325665584 0.0390625 0.04915013154179615
3 0.35546875 0.6023431779696543 0.041015625 0.053170138118886046
7 0.3662109375 0.5353112667956603 0.041015625 0.053170138118885824
1 0.375 0.46741654969875623 0.041015625 0.055123263118886046
10 0.384765625 0.3975118293133072 0.041015625 0.055123263118886046
6 0.39453125 0.3256539839278581 0.04296875 0.05719014469597583
8 0.404296875 0.25281957604240907 0.041015625 0.059029513118886046
5 0.4150390625 0.17406891486841508 0.04296875 0.05914326969597583
4 0.4267578125 0.09233168790587623 0.044921875 0.06316327627306567