9 0.5 0.5 1 1
11 0.9982569453125 0.149273314453125 0.9982569453125 0.108419890625 0.81305588671875 0.105805306640625 0.418241732421875 0.103844494140625 0.1170654765625 0.102537203125 0.118373015625 0.1440438984375 0.43081812109375 0.1460049609375 0.89494510546875 0.14763913671875 0.9982569453125 0.149273314453125
2 0.8515625 0.1259765625 0.046875 0.041015625
0 0.77734375 0.1259765625 0.046875 0.041015625
3 0.7001953125 0.125 0.05078125 0.04296875
7 0.62109375 0.1240234375 0.046875 0.04296875
1 0.544921875 0.1240234375 0.05078125 0.04296875
10 0.46484375 0.125 0.052734375 0.04296875
6 0.388671875 0.1240234375 0.052734375 0.04296875
8 0.3076171875 0.123046875 0.0546875 0.04296875
5 0.2294921875 0.1220703125 0.0546875 0.041015625
4 0.1474609375 0.123046875 0.0546875 0.04296875