9 0.5 0.5 1 1
11 0.8699424609375 0.108475859375 0.373145337890625 0.124171626953125 0.12648883984375 0.12888062109375 0.128254712890625 0.18538558203125 0.86876512890625 0.1649808203125 0.8699424609375 0.108475859375
2 0.705078125 0.142578125 0.04296875 0.05859375
0 0.640625 0.14453125 0.04296875 0.056640625
3 0.578125 0.146484375 0.04296875 0.05859375
7 0.513671875 0.1494140625 0.0390625 0.056640625
1 0.4521484375 0.1513671875 0.041015625 0.056640625
10 0.392578125 0.1533203125 0.0390625 0.0546875
6 0.3310546875 0.1533203125 0.0390625 0.056640625
8 0.2705078125 0.1533203125 0.0390625 0.0546875
5 0.208984375 0.1552734375 0.0390625 0.0546875
4 0.1484375 0.15625 0.0390625 0.0546875