9 0.5 0.5 1 1
11 0.426833001953125 0.86133060546875 0.47537136328125 0.86287946484375 0.491895171875 0.144066220703125 0.4412913359375 0.14251711328125 0.426833001953125 0.86133060546875
2 0.455078125 0.6884765625 0.046875 0.0390625
0 0.45703125 0.6328125 0.05078125 0.03515625
3 0.4580078125 0.576171875 0.05078125 0.037109375
7 0.458984375 0.5185546875 0.05078125 0.0390625
1 0.4599609375 0.4619140625 0.05078125 0.0390625
10 0.4619140625 0.4052734375 0.05078125 0.037109375
6 0.462890625 0.3466796875 0.05078125 0.0390625
8 0.4638671875 0.287109375 0.052734375 0.0390625
5 0.46484375 0.2265625 0.05078125 0.0390625
4 0.466796875 0.1640625 0.05078125 0.0390625