9 0.5 0.5 1 1
11 0.40172271875 0.485617724609375 0.500524552734375 0.581124669921875 0.59827380859375 0.6765896171875 0.693170634765625 0.7705393515625 0.7892041171875 0.865246693359375 0.8079561015625 0.81902976171875 0.715900544921875 0.7296259921875 0.6636220234375 0.678105158203125 0.61304836328125 0.628099537109375 0.514173859375 0.5296038359375 0.224346478515625 0.24775462890625 0.202184771484375 0.29321428515625 0.291967509765625 0.380344908203125 0.40172271875 0.485617724609375
2 0.3291015625 0.3818359375 0.03125 0.04296875
0 0.380859375 0.4345703125 0.02734375 0.04296875
3 0.43359375 0.482421875 0.02734375 0.0390625
7 0.4853515625 0.5341796875 0.0234375 0.04296875
1 0.53515625 0.58203125 0.02734375 0.04296875
10 0.583984375 0.630859375 0.02734375 0.04296875
6 0.634765625 0.6806640625 0.0234375 0.046875
8 0.6845703125 0.7275390625 0.02734375 0.04296875
5 0.7333984375 0.775390625 0.0234375 0.041015625
4 0.78125 0.82421875 0.0234375 0.04296875