9 0.5 0.5 1 1
11 0.39542678125 0.2891994375 0.38338549609375 0.02248593359375 0.343451037109375 0.019134583984375 0.36919346875 0.587632576171875 0.379189671875 0.883333564453125 0.415667103515625 0.877233556640625 0.4016454140625 0.464993953125 0.39542678125 0.2891994375
2 0.39216398015152154 0.71242398598489 0.0444300201144292 0.05193610321677955
0 0.3902447716162996 0.6426294823543532 0.0444300201144292 0.05193610321677955
3 0.38839385098336626 0.5718584162238165 0.04470317172358351 0.05584235321677933
7 0.38381810655729864 0.49837966103733544 0.0444300201144292 0.05193610321677933
1 0.38099062342436535 0.4276825943881505 0.0444300201144292 0.05193610321677933
10 0.37829971609600915 0.35503240273896564 0.0444300201144292 0.05193610321677933
6 0.37574538457223017 0.2804290860897808 0.0463831451144292 0.052084102179483116
8 0.37228277845073976 0.20492320642194778 0.04624656930985205 0.050130977179483116
5 0.3688884602315379 0.1284407642541148 0.04665629672358351 0.05599035217948317
4 0.36472244321920183 0.049102634067633696 0.04665629672358351 0.055990352179483144