9 0.5 0.5 1 1
11 0.43963005859375 0.500403302734375 0.5249852734375 0.61388742578125 0.6189842578125 0.739814509765625 0.696888458984375 0.84299671875 0.744353580078125 0.828777060546875 0.492290525390625 0.495596931640625 0.403965875 0.3815390703125 0.359161158203125 0.323262095703125 0.313015861328125 0.263049220703125 0.2330723515625 0.15724365625 0.18518998828125 0.167973369140625 0.270022421875 0.27859296875 0.35421265234375 0.38796430859375 0.43963005859375 0.500403302734375
2 0.6207073320802892 0.7027948204499797 0.0483870911596167 0.038473298198680395
0 0.5733979447229995 0.6428939773845775 0.04822792366913076 0.034567048198680395
3 0.5309713698657099 0.5831352096523714 0.04432167366913076 0.034453387932123825
7 0.4846385450084202 0.5232627816536084 0.04611563117864481 0.03060396806540222
1 0.442331345768995 0.4664337014214023 0.04822792366913076 0.034567048198680395
10 0.39807102152956986 0.40954779105591765 0.04822792366913076 0.034567048198680395
6 0.35377090541752315 0.35168531819043314 0.05002188117864481 0.03071762833195879
8 0.31240047680547645 0.2939080905248661 0.04822792366913087 0.034567048198680395
5 0.26915650693867277 0.23802715772602073 0.04416250617864481 0.030547137932123714
4 0.22497576644449052 0.18309437236053616 0.04611563117864481 0.03060396806540211