9 0.5 0.5 1 1
11 0.51390977734375 0 0.52570940625 0.966903525390625 0.5766734453125 0.9633397734375 0.55915478125 0 0.51390977734375 0
2 0.5463727541250563 0.8311792436259562 0.05015048620519025 0.06577781930985216
0 0.5463935167892271 0.7380643666145132 0.05200125226127783 0.0639612701144292
3 0.5444099749814421 0.6441095029076476 0.052103611205190026 0.0659143951144292
7 0.5425287921175692 0.5521077642007818 0.04994576831736586 0.06187156930985194
1 0.5417265306976085 0.4619908625916274 0.04994576831736586 0.06187156930985205
10 0.5409754487496037 0.3728505234824731 0.05169417542954147 0.0581018951144292
6 0.5402243668015991 0.28371018437331874 0.047992643317365635 0.06173499350527489
8 0.5384967223535946 0.194638133166453 0.04984340937345344 0.05991844430985205
5 0.536871436849502 0.10751920695958726 0.04799264331736586 0.061734993505274866
4 0.535966816485629 0.022181776051535183 0.04778792542954147 0.044363552103070365