9 0.5 0.5 1 1
11 1 0.687839861328125 0.01112711328125 0.27307891015625 0.013319376953125 0.3268809140625 1 0.74759181640625 1 0.687839861328125
2 0.6548174055596865 0.5695127783778722 0.05049938365010265 0.043289831472058005
0 0.5646370862631773 0.5331471600987266 0.0522933411596167 0.039474549730940334
3 0.48226926696666794 0.4971454148551102 0.06002625741437373 0.03788529776646965
7 0.39599519767015856 0.46096173309372923 0.06197938241437373 0.03797626602535198
1 0.3146039408736493 0.4250054719795541 0.05612000741437373 0.03770336124870499
10 0.2372781015676259 0.3931373973831435 0.05416688241437384 0.03761239298982266
6 0.15787976164373807 0.35824866702785063 0.05213417366913087 0.035568299730940334
8 0.08157027671033623 0.3274026390608813 0.05221375741437381 0.037521424730940334
5 0.02084599990431289 0.2963077946649705 0.01893104866913082 0.03402183932994096