9 0.5 0.5 1 1
11 0.471498365234375 0.76173430859375 0.5132353203125 0.766232923828125 0.51750541015625 0.6693432421875 0.5212341640625 0.306789955078125 0.524611029296875 0.152434162109375 0.47501034765625 0.147771048828125 0.474508115234375 0.4604744375 0.471498365234375 0.76173430859375
4 0.49268904384608453 0.7462903475592586 0.0433836084032605 0.0317272600055678
5 0.4947004458157862 0.695577277560054 0.043531607365964176 0.033680385005568025
8 0.49483272226683983 0.6458180433939177 0.045484732365964176 0.03370311167249973
6 0.49586756173654156 0.5950936100612472 0.043679606328667964 0.0356335100055678
10 0.4957778397435395 0.5424046883951108 0.045484732365964176 0.03370311167249973
1 0.49673867973188934 0.4907036925624403 0.045632731328667964 0.03565623667249973
7 0.4966489577388873 0.4380147708963039 0.04578073029137175 0.03760936167249973
3 0.49731379980182955 0.38240752506363346 0.04788185425407554 0.039585213339431546
0 0.4979786418647718 0.32680027923096294 0.04788185425407554 0.039585213339431546
2 0.4984954849650103 0.2692399083982925 0.054037227179483116 0.043559643340226994