9 0.5 0.5 1 1
11 0.7665071328125 0.57418348828125 0.62230957421875 0.577400759765625 0.313848306640625 0.588444087890625 0.3176905703125 0.630345373046875 0.44565125390625 0.622125162109375 0.765690732421875 0.604111833984375 0.7665071328125 0.57418348828125
2 0.4602124007129029 0.6027024405480226 0.029596664867109768 0.03642980562435261
0 0.5000637203073105 0.6016376023551102 0.025440090992986386 0.03234161910658795
3 0.5378993339331872 0.5995052334033155 0.025440090992986608 0.03234161910658795
7 0.5747583850590638 0.5973273803220795 0.025440090992986386 0.03234161910658795
1 0.6087503296534714 0.5959896373525202 0.025440090992986386 0.03234161910658795
10 0.6407891492478789 0.5945609261240785 0.023486965992986386 0.0322506508477054
6 0.6728279688422865 0.5931322148956368 0.023486965992986386 0.0322506508477054
8 0.7009605384366939 0.5915215671494305 0.021408679055924917 0.03020655758882329
5 0.7301322514996322 0.5909329660326654 0.021408679055924917 0.03020655758882329
4 0.7573508395625705 0.5902533966570178 0.017377267118863227 0.028071496071058633