9 0.5 0.5 1 1
11 0.556169748046875 0 0.4576017734375 0.28519326953125 0.200148 0.997115947265625 0.297963228515625 0.995408576171875 0.45151281640625 0.527841025390625 0.623982806640625 0.01064285546875 0.61165890625 0 0.556169748046875 0
2 0.264899682491606 0.9539679195429809 0.057620299000283454 0.08493894886326192
0 0.3146423469678722 0.811411783179719 0.061526549000283426 0.08500713271063765
3 0.35869614801392224 0.6738407350875208 0.06098091197697486 0.06938213271063765
7 0.40070692172284883 0.5617114498808546 0.06077629809323426 0.06352275771063765
1 0.4378007806178186 0.4486908319834082 0.06050347958157998 0.055710257710637756
10 0.4715681288500536 0.3523399604333376 0.05848214995366652 0.05372304078694978
6 0.5042225053264615 0.25209988484511103 0.056460820325752836 0.05173582386326192
8 0.5354693938261781 0.16751890118057233 0.052418161069925695 0.04776139001588603
5 0.5629805438956785 0.0878889138634095 0.046558786069925695 0.047659114244822276
4 0.5896856430349628 0.0184856480843289 0.044605661069925695 0.0369712961686578