9 0.5 0.5 1 1
11 0.292038603515625 0.231394216796875 0.294600896484375 0.173000826171875 0.241155361328125 0.176248876953125 0.2347122421875 0.361033587890625 0.227752400390625 0.546429423828125 0.215557720703125 0.864296201171875 0.261252228515625 0.860456044921875 0.26761784375 0.701266845703125 0.276642640625 0.536163357421875 0.292038603515625 0.231394216796875
4 0.26697929839829976 0.1974267060692224 0.05553979809219811 0.04978269886326192
5 0.26582017299291033 0.2638329560692224 0.0495781473211343 0.04382104809219811
8 0.26080593547305275 0.32737770241659825 0.0515312723211343 0.043855140015886085
6 0.2577959608387271 0.38795866934028617 0.0495781473211343 0.04382104809219811
10 0.2577327196662454 0.4475119358784422 0.04755683847375847 0.03988070616851025
1 0.25186124137929555 0.5042377906876621 0.04755683847375847 0.03988070616851003
7 0.24987896713050178 0.561872024149506 0.04755683847375847 0.03988070616851025
3 0.24596061384355195 0.6185637870350379 0.04755683847375847 0.03988070616851025
0 0.24504013190397797 0.6712981620350379 0.04755683847375852 0.03988070616851025
2 0.2422006168880919 0.7221135039587258 0.04162927962638263 0.03587218039744644