9 0.5 0.5 1 1
11 0.905213625 0.783029017578125 0.52604695703125 0.781929810546875 0.03440674609375 0.785818205078125 0.033935515625 0.822228173828125 0.270541005859375 0.82152108203125 0.90502976171875 0.81957415625 0.905213625 0.783029017578125
2 0.23046875 0.8037109375 0.05078125 0.0390625
0 0.3037109375 0.802734375 0.046875 0.037109375
3 0.3759765625 0.8017578125 0.05078125 0.0390625
7 0.44921875 0.802734375 0.05078125 0.0390625
1 0.521484375 0.8017578125 0.046875 0.037109375
10 0.5927734375 0.80078125 0.048828125 0.037109375
6 0.6650390625 0.80078125 0.05078125 0.037109375
8 0.736328125 0.80078125 0.05078125 0.0390625
5 0.80859375 0.80078125 0.048828125 0.03515625
4 0.8818359375 0.8017578125 0.046875 0.037109375