9 0.5 0.5 1 1
11 0.679087796875 0.651952380859375 0.675903521484375 0.646007935546875 0.22914012890625 0.073314154296875 0.22170957421875 0.090014880859375 0.213005208984375 0.10190376953125 0.205150296875 0.107282076171875 0.658252728515625 0.68507109765625 0.660375744140625 0.6859203046875 0.66292336328125 0.684221890625 0.6786631953125 0.655632275390625 0.679087796875 0.651952380859375
2 0.3017578125 0.197265625 0.0234375 0.03125
0 0.345703125 0.2529296875 0.0234375 0.03125
3 0.388671875 0.3056640625 0.025390625 0.03125
7 0.4296875 0.3603515625 0.025390625 0.033203125
1 0.46875 0.4111328125 0.025390625 0.03515625
10 0.5078125 0.4609375 0.0234375 0.03125
6 0.5458984375 0.5107421875 0.0234375 0.03515625
8 0.5830078125 0.556640625 0.0234375 0.03125
5 0.62109375 0.6044921875 0.0234375 0.029296875
4 0.65625 0.6513671875 0.01953125 0.033203125