9 0.5 0.5 1 1
11 0.433499751953125 0.38455985546875 0.4688720234375 0.909230158203125 0.500979166015625 0.89907208984375 0.479211556640625 0.582716931640625 0.45744394921875 0.243143517578125 0.44166269921875 0.000725529296875 0.407378720703125 0.000725529296875 0.433499751953125 0.38455985546875
2 0.443359375 0.271484375 0.029296875 0.046875
0 0.4482421875 0.3427734375 0.03125 0.04296875
3 0.4521484375 0.4130859375 0.03125 0.04296875
7 0.45703125 0.482421875 0.03125 0.041015625
1 0.4609375 0.5478515625 0.03125 0.04296875
10 0.4658203125 0.6162109375 0.03125 0.0390625
6 0.4697265625 0.6826171875 0.03125 0.0390625
8 0.474609375 0.748046875 0.03125 0.0390625
5 0.478515625 0.8154296875 0.03125 0.0390625
4 0.482421875 0.8828125 0.03125 0.0390625