9 0.5 0.5 1 1
11 0.94697031640625 0.670854939453125 0.973421453125 0.635453916015625 0.225160974609375 0.201735447265625 0.18749817578125 0.23552316015625 0.94697031640625 0.670854939453125
2 0.8454277105135675 0.5888744777389977 0.04679930405592492 0.031913276273065616
0 0.779260166366742 0.5505793789944167 0.04667414211886323 0.029960151273065616
3 0.7131552031884474 0.5132608427498355 0.050455230181801536 0.02823453942724541
7 0.6458859346045602 0.4730694972937992 0.050455230181801536 0.028234539427245187
1 0.5798435523947963 0.43672752354921807 0.046799304055924695 0.031913276273065616
10 0.51166030227944 0.3975696188817268 0.04314337793004808 0.035592013118886046
6 0.4434144711955529 0.35743515171423546 0.050455230181801536 0.028234539427245298
8 0.3741294966431349 0.31638100033528904 0.046799304055924695 0.031913276273065616
5 0.30380537862218604 0.2744071647448876 0.054361480181801536 0.02846205258142498
4 0.2274967236641756 0.23082147388575547 0.05618944324473979 0.02662268415851471