9 0.5 0.5 1 1
11 0.46376791015625 0.38144091015625 0.536676521484375 0.06526796484375 0.5065909453125 0.05396803515625 0.386393650390625 0.57836164453125 0.29821979296875 0.961985025390625 0.33210723828125 0.96318444140625 0.3870874296875 0.72087462890625 0.46376791015625 0.38144091015625
2 0.37788881976531474 0.6923158895159087 0.03604703942724519 0.05114991367781174
0 0.3937028065405479 0.6211839346884457 0.03788640785015551 0.04933336448238901
3 0.40951679331578117 0.5500519798609826 0.03788640785015551 0.04933336448238901
7 0.42521702351392454 0.4808731500335197 0.037772651273065616 0.04738023948238901
1 0.43971317805788834 0.41566885810834525 0.03788640785015551 0.04933336448238901
10 0.45633309246748677 0.34739830287859363 0.03765889469597594 0.04542711448238901
6 0.47088612529999546 0.2812174484534192 0.03765889469597583 0.04542711448238901
8 0.4863588423439592 0.2159448686259562 0.03765889469597594 0.04542711448238901
5 0.5010256317535577 0.14781088920078178 0.03765889469597594 0.04542711448238901
4 0.5156355428746113 0.08065347227560736 0.03765889469597572 0.045427114482389036