9 0.5 0.5 1 1
11 0.88171726171875 0.794124669921875 0.88318799609375 0.751479166015625 0.26730505859375 0.74020502734375 0.26730505859375 0.783340939453125 0.88171726171875 0.794124669921875
4 0.8642578125 0.7724609375 0.03515625 0.04296875
5 0.810546875 0.771484375 0.03515625 0.041015625
8 0.7578125 0.76953125 0.03515625 0.04296875
6 0.7060546875 0.767578125 0.03515625 0.04296875
10 0.6552734375 0.7666015625 0.033203125 0.041015625
1 0.603515625 0.765625 0.03515625 0.04296875
7 0.5537109375 0.7646484375 0.03125 0.04296875
3 0.501953125 0.7646484375 0.03515625 0.04296875
0 0.453125 0.763671875 0.03125 0.041015625
2 0.4033203125 0.763671875 0.033203125 0.0390625