9 0.5 0.5 1 1
11 0.993873345703125 0.348869791015625 0.08392592578125 0.286480654296875 0.08053075390625 0.3195850703125 0.498967591796875 0.351484126953125 0.99132671875 0.38197420703125 0.993873345703125 0.348869791015625
2 0.755859375 0.3505859375 0.0390625 0.03125
0 0.681640625 0.345703125 0.0390625 0.03125
3 0.609375 0.3408203125 0.0390625 0.029296875
7 0.5341796875 0.3359375 0.0390625 0.03125
1 0.4638671875 0.33203125 0.037109375 0.03125
10 0.3916015625 0.326171875 0.03515625 0.03125
6 0.3212890625 0.3212890625 0.03125 0.03125
8 0.25 0.3154296875 0.037109375 0.029296875
5 0.1767578125 0.310546875 0.0390625 0.029296875
4 0.1044921875 0.3046875 0.037109375 0.029296875