9 0.5 0.5 1 1
11 0.95767901171875 0.220652931640625 0.91406019921875 0.18559800390625 0.1610104453125 0.69096580078125 0.192644806640625 0.71714940234375 0.95767901171875 0.220652931640625
2 0.7064564742839841 0.35619272322107487 0.04387793977951393 0.039312484874689524
0 0.6380735530265187 0.39955349495638337 0.0418793552905381 0.0373479969258399
3 0.5745734442690535 0.44288585931956814 0.0399262302905381 0.037336633976990496
7 0.5150705044895395 0.4822892477850538 0.03601998029053832 0.03731390807929147
1 0.4565895866990013 0.5197338297761147 0.033975936312586885 0.033396295130441844
10 0.4020376486529509 0.5561791233694766 0.03597452080156249 0.03536078307929147
6 0.3464864183624127 0.5936066609372632 0.033975936312586885 0.033396295130442066
8 0.2959316492943137 0.626122978632926 0.035883601823611166 0.03145453307929147
5 0.24435485823723901 0.6605981028030136 0.033975936312586885 0.033396295130441844
4 0.1967525064136279 0.6921208135754021 0.033975936312586885 0.033396295130441844