9 0.5 0.5 1 1
11 0.331539791015625 0.95575875390625 0.378385322265625 0.94704545703125 0.23493025390625 0.364924736328125 0.187479654296875 0.369937611328125 0.331539791015625 0.95575875390625
2 0.32506230603721786 0.831369182225818 0.049538981328667964 0.03597445616851003
0 0.31445239498827143 0.7816838164587259 0.049538981328668075 0.03597445616851003
3 0.3020373579020288 0.7339856676153215 0.05164010529137175 0.03796167309219811
7 0.2914274468530824 0.6843003018482292 0.051492106328667964 0.03600854809219811
1 0.27901240976683983 0.6366021530048248 0.051492106328668075 0.03600854809219811
10 0.26742593621789346 0.5869338331995766 0.047585856328667964 0.03594036424482239
6 0.256816025168947 0.5372484674324842 0.049538981328668075 0.03597445616851003
8 0.24425298912000065 0.48759719358907994 0.049538981328668075 0.03597445616851025
5 0.23063939108970238 0.4369864032075196 0.04773385529137186 0.037893489244822276
4 0.21785435659670033 0.38440544186411524 0.047881854254075595 0.039846614244822276