9 0.5 0.5 1 1
11 0.257879552734375 0 0.68114611328125 0.888724951171875 0.729028978515625 0.84577246875 0.31337112109375 0 0.257879552734375 0
4 0.6883804337398498 0.8386627948485478 0.04011934963432573 0.06350685425407554
5 0.6436389037080777 0.740356272028031 0.04402559963432573 0.06380285217948334
8 0.5970635704092133 0.6490336856702179 0.03816622463432573 0.06335885529137175
6 0.5564498878814128 0.5631264774242934 0.03809804078694978 0.059452605291371974
10 0.5168639057391441 0.4800749571970172 0.03614491578694978 0.059304606328667964
1 0.4783226699442512 0.400855687488389 0.03419179078694978 0.05915660736596429
7 0.44080913453489023 0.3244921057984089 0.03607673193957406 0.055398356328667964
3 0.4052487241255293 0.2479805251457251 0.03217048193957395 0.0551023584032605
0 0.3717607604490761 0.1781568830303375 0.03217048193957395 0.0551023584032605
2 0.33828984273446683 0.10930980341494984 0.03014917309219811 0.05104810944055671