9 0.5 0.5 1 1
11 0.675924513671875 0.18250837109375 0.651554203125 0.214006439453125 0.652310830078125 0.21584094921875 0.637563669921875 0.233161177734375 0.63566325 0.234280728515625 0.61423921484375 0.26260040625 0.613989716796875 0.264401759765625 0.604066080078125 0.2775380546875 0.602017724609375 0.278465884765625 0.579925396484375 0.30723844921875 0.580412453125 0.30868399609375 0.57143309765625 0.32054828125 0.56935357421875 0.320823576171875 0.548375095703125 0.348512171875 0.5483694140625 0.350158994140625 0.538845240234375 0.362892173828125 0.5368798515625 0.363804318359375 0.518498701171875 0.38830258984375 0.518555388671875 0.3894989921875 0.509446685546875 0.400400091796875 0.50773000390625 0.401266189453125 0.4892264921875 0.42586398046875 0.481929658203125 0.43635275390625 0.48046194921875 0.437173083984375 0.462417890625 0.459491779296875 0.4626608984375 0.4610922265625 0.454693119140625 0.471343220703125 0.4530442265625 0.47186794140625 0.436195873046875 0.49324321875 0.436542478515625 0.495263361328125 0.43030738671875 0.503219287109375 0.428497416015625 0.503883220703125 0.412888658203125 0.52421530859375 0.412312625 0.5261868359375 0.405937064453125 0.53471703125 0.40344231640625 0.536824361328125 0.389544791015625 0.555117314453125 0.38861619921875 0.556715244140625 0.2996214140625 0.672162416015625 0.299672390625 0.675004990234375 0.307189380859375 0.69763723046875 0.309377658203125 0.697890390625 0.4246599453125 0.5515602421875 0.5319400625 0.415987755859375 0.655834111328125 0.2605248359375 0.695340240234375 0.21072628515625 0.69536709765625 0.20775958203125 0.678076466796875 0.182000228515625 0.675924513671875 0.18250837109375
4 0.6740455103671568 0.21045032484311377 0.02565748444055682 0.030798818244739845
5 0.6351892862995623 0.2615313647102235 0.02565748444055682 0.030798818244739845
8 0.5997067466200791 0.30656528667174077 0.0256574844405566 0.030798818244739845
6 0.5664733298660034 0.3475677966961963 0.023408361515149245 0.026767406307678154
10 0.535119038630576 0.38942170728359027 0.021603235477853033 0.028595369370616464
1 0.505111307301908 0.4263302244024534 0.019502111515149245 0.026517082433554884
7 0.47720469993594367 0.46116045458425486 0.019502111515149134 0.026517082433554884
3 0.45034865455133133 0.4949515412975255 0.019502111515149245 0.026517082433554773
0 0.42649629614807083 0.5275783226052037 0.021603235477852922 0.028595369370616464
2 0.402865936188866 0.5572754164128819 0.017548986515149134 0.026391920496493082