9 0.5 0.5 1 1
11 0.085282408203125 0.4536044140625 0.08719212890625 0.48797792578125 0.92838855859375 0.48368105078125 0.93029828125 0.452172123046875 0.085282408203125 0.4536044140625
2 0.7421875 0.46875 0.04296875 0.03125
0 0.6728515625 0.46875 0.04296875 0.033203125
3 0.6044921875 0.46875 0.04296875 0.033203125
7 0.5361328125 0.4697265625 0.04296875 0.033203125
1 0.4677734375 0.4697265625 0.044921875 0.03515625
10 0.3974609375 0.4697265625 0.04296875 0.03515625
6 0.3271484375 0.4697265625 0.046875 0.03515625
8 0.2578125 0.4697265625 0.046875 0.03515625
5 0.185546875 0.470703125 0.046875 0.03515625
4 0.111328125 0.470703125 0.046875 0.033203125