9 0.5 0.5 1 1
11 0.844079365234375 0.923689732421875 0.850406083984375 0.765919146484375 0.8683316796875 0.221780505859375 0.809810185546875 0.224153025390625 0.792939154296875 0.92250347265625 0.844079365234375 0.923689732421875
4 0.8388671875 0.2451171875 0.0556640625 0.04296875
5 0.8359375 0.3125 0.0556640625 0.04296875
8 0.833984375 0.3759765625 0.0556640625 0.04296875
6 0.8310546875 0.4384765625 0.0556640625 0.041015625
10 0.8291015625 0.5 0.0556640625 0.041015625
1 0.828125 0.5595703125 0.0556640625 0.041015625
7 0.8271484375 0.619140625 0.0556640625 0.041015625
3 0.8251953125 0.6796875 0.0556640625 0.041015625
0 0.8232421875 0.7373046875 0.0537109375 0.041015625
2 0.82421875 0.7939453125 0.0517578125 0.037109375