9 0.5 0.5 1 1
11 0.813470693359375 0.865567658203125 0.833854599609375 0.830873712890625 0.513336642578125 0.49686769921875 0.28503430859375 0.255847099609375 0.270495837890625 0.287573724609375 0.813470693359375 0.865567658203125
2 0.6057457370836703 0.6178144490240879 0.026356737265731844 0.034830230181801536
0 0.5655466344181033 0.5762487102828548 0.02250731739901024 0.036533031307678154
3 0.525319116685897 0.5337064090416218 0.022450487265731844 0.034579906307678154
7 0.48908309415360846 0.49434411917451215 0.022450487265731955 0.034579906307678154
1 0.45287548668795896 0.4559583918074024 0.020497362265731955 0.034454744370616464
10 0.41775810198886615 0.42154149540882346 0.022336826999175274 0.030673656307678154
6 0.38453701215649505 0.38529663594730623 0.01848740713245367 0.032376457433554884
8 0.35234931495740224 0.35106748245431985 0.020383701999175274 0.030548494370616464
5 0.3201616177583094 0.3168383289613334 0.018430576999175274 0.030423332433554884
4 0.2889504830592166 0.2826717564368778 0.018430576999175274 0.030423332433554884