9 0.5 0.5 1 1
11 0.273050966796875 0.330206677734375 0.04466438671875 0.2946254921875 0.01586969921875 0.335751880859375 0.583283689453125 0.42389716015625 0.972286837890625 0.4810383125 0.980595830078125 0.46817407421875 0.981629556640625 0.438571978515625 0.6885103671875 0.3938771796875 0.273050966796875 0.330206677734375
2 0.2303415924522489 0.34591340115434077 0.04433284255827141 0.04282177851087954
0 0.3106460290451996 0.3603064098724543 0.04796627404661713 0.03535103110277771
3 0.3920634373939775 0.37070773044259336 0.04810268330244427 0.03925728110277771
7 0.473378538800885 0.3840387385127324 0.04817088793035784 0.0412104061027776
1 0.5528087198357061 0.3955874978788205 0.04810268330244427 0.03925728110277771
10 0.6322047985565704 0.40811281974490865 0.04426463793035795 0.04086865351087954
6 0.7145305647774347 0.4203818271670732 0.04426463793035795 0.04086865351087954
8 0.792950080998299 0.4329925871811358 0.05005580830244427 0.03942815739872674
5 0.8752758472191633 0.4452615946033003 0.04998760367453059 0.03747503239872674
4 0.9575675111260709 0.45850716452546486 0.04796627404661713 0.03535103110277771