9 0.5 0.5 1 1
11 0 0.5465886171875 0.3151755703125 0.452269720703125 0.96515310546875 0.248620779296875 0.948302890625 0.1543518125 0.714977900390625 0.234399484375 0 0.473726400390625 0 0.5465886171875
2 0.6857299447059605 0.28896024635508477 0.08373584618439622 0.10195532564431198
0 0.5915367496980175 0.3192641006628699 0.0717102688712048 0.0837630469808388
3 0.5052071925756063 0.3462288316950063 0.06985941964226883 0.08952006303692661
7 0.42079666852950726 0.37504432878323046 0.06985941964226872 0.08952006303692661
1 0.3422966573689401 0.40062306153971805 0.06982532771858074 0.08756693803692661
10 0.2686965046702169 0.42496933443642515 0.06585089387120491 0.08345597014910222
6 0.19513044389518158 0.44736248233313225 0.06585089387120491 0.08345597014910222
8 0.12841736658199027 0.4684208114261467 0.05800430194751699 0.08109340937345355
5 0.061687243306954985 0.4904557030191612 0.056051176947517004 0.08099105042954124
4 0.012476439733761079 0.5079190114767465 0.024952879467522157 0.07400572704650715