9 0.5 0.5 1 1
11 0.113221208984375 0.28756168359375 0.27495355078125 0.57108486328125 0.369151875 0.736518359375 0.462612587890625 0.90162824609375 0.510385673828125 0.880583630859375 0.4803962109375 0.8286439140625 0.32212441015625 0.558466283203125 0.235791470703125 0.4124094140625 0.1545715859375 0.270535705078125 0.113221208984375 0.28756168359375
4 0.47536948601642115 0.8706355038747711 0.05753141442724519 0.049146287567786606
5 0.44162647291518187 0.8108890656676034 0.053397651273065616 0.04521731167008758
8 0.40811097296812227 0.7550488774604359 0.053397651273065616 0.04521731167008758
6 0.3767192328866974 0.7021497397021178 0.053397651273065616 0.04521731167008758
10 0.3472237395167276 0.6482854023926492 0.049263888118886046 0.04128833577238833
1 0.31502607180093734 0.5983102706599064 0.049263888118886046 0.04128833577238855
7 0.28667777579660225 0.5473813023248626 0.049263888118886046 0.04128833577238833
3 0.25643323308081206 0.4974175335409693 0.049263888118886046 0.04128833577238855
0 0.2302655752306566 0.45040617815477507 0.049263888118886046 0.04128833577238855
2 0.20317823316904604 0.40436570379415604 0.04501636838761658 0.035406234874689524