9 0.5 0.5 1 1
11 0 0.916453125 0.024312830078125 0.938819693359375 0.793409390625 0.393722470703125 0.76044808203125 0.37135590234375 0 0.8993720234375 0 0.916453125
2 0.296875 0.7197265625 0.0390625 0.0244140625
0 0.3544921875 0.6787109375 0.0458984375 0.01953125
3 0.41015625 0.638671875 0.0390625 0.0234375
7 0.46484375 0.6005859375 0.037109375 0.0234375
1 0.5166015625 0.564453125 0.0341796875 0.025390625
10 0.5673828125 0.529296875 0.03125 0.025390625
6 0.6171875 0.4931640625 0.0341796875 0.0234375
8 0.6650390625 0.4599609375 0.0400390625 0.01953125
5 0.712890625 0.4267578125 0.0302734375 0.025390625
4 0.759765625 0.3935546875 0.03515625 0.0205078125