9 0.5 0.5 1 1
11 0.10292259765625 0.54763196484375 0.111231259765625 0.571241634765625 0.833801072265625 0.426894677734375 0.8372496875 0.401531357421875 0.344235337890625 0.500248134765625 0.10292259765625 0.54763196484375
2 0.3630441543993919 0.5093083549490932 0.03974439233463545 0.0297514083386361
4 0.8181693719143226 0.4180982682209142 0.03193189233463545 0.029660501670908834
0 0.4140527018442704 0.49895183660886633 0.03974439233463545 0.0297514083386361
3 0.4660378117891489 0.4885839549351735 0.03974439233463545 0.0297514083386361
7 0.5180229217340273 0.4782160732614806 0.039789851823611055 0.0317045333386361
1 0.5670783441789058 0.46788228158818546 0.037836726823611055 0.03168180667170439
10 0.6181096213682722 0.45654920074795846 0.03579268284565984 0.027752830004772466
6 0.6680961468241751 0.44815717074119743 0.03579268284565984 0.027752830004772466
8 0.7181281317690534 0.4378120157344364 0.03583814233463545 0.029705955004772466
5 0.767183554213932 0.4274782240611412 0.03579268284565984 0.027752830004772466