9 0.5 0.5 1 1
11 0.830914681640625 0.85413913671875 0.8211663359375 0.66920461328125 0.80625661328125 0.20081299609375 0.758661375 0.207694197265625 0.769556546875 0.85628943359375 0.830914681640625 0.85413913671875
4 0.7822265625 0.2197265625 0.046875 0.0244140625
5 0.783203125 0.263671875 0.0458984375 0.025390625
8 0.7841796875 0.310546875 0.046875 0.0263671875
6 0.7841796875 0.359375 0.0498046875 0.029296875
10 0.78515625 0.41015625 0.0478515625 0.0302734375
1 0.7861328125 0.4619140625 0.0517578125 0.0341796875
7 0.787109375 0.515625 0.0517578125 0.03515625
3 0.7900390625 0.5751953125 0.0537109375 0.0390625
0 0.7900390625 0.6357421875 0.0537109375 0.0400390625
2 0.79296875 0.6982421875 0.0546875 0.0439453125