9 0.5 0.5 1 1
11 0.630241607421875 1 0.549915279296875 0.822473197265625 0.388033140625 0.468698044921875 0.287976642578125 0.23661340625 0.22248539453125 0.091614115234375 0.1633073515625 0.100784025390625 0.3003806484375 0.409454759765625 0.414292673828125 0.65463296484375 0.518155478515625 0.88191914453125 0.569308900390625 1 0.630241607421875 1
2 0.2662123827739162 0.2682736428110011 0.05628635010489069 0.05025437230066454
0 0.30559886591494984 0.3571524483319499 0.05238010010489069 0.05000404842654127
3 0.34423078500003923 0.4430389853843679 0.05252809906759448 0.05195717342654138
7 0.3817381426224248 0.5308160664682551 0.050130977179483116 0.04597263648947969
1 0.4207400591142736 0.6118197910206731 0.04998297821677933 0.04401951148947969
10 0.4569602870688262 0.6906826476674985 0.046372726142186904 0.04767543761535631
6 0.4929585165793231 0.772475191814324 0.04998297821677933 0.04401951148947969
8 0.5248139284033388 0.8441892061184955 0.04802985321677933 0.043894349552418
5 0.5611081558392433 0.9220755002653209 0.04607672821677933 0.04376918761535631
4 0.5973283837937959 0.9894955910679687 0.04802985321677933 0.021008817864062612