9 0.5 0.5 1 1
11 0.87632010546875 0.49945362109375 0.875244708984375 0.495258927734375 0.87244808203125 0.493000248046875 0.8464203046875 0.4863856640625 0.84620502734375 0.48767633984375 0.832653439453125 0.48606299609375 0.83007208984375 0.484127232421875 0.802280423828125 0.47638318359375 0.796472552734375 0.476060515625 0.78249041015625 0.474124751953125 0.7766825390625 0.4713819453125 0.750869708984375 0.466380705078125 0.73925396875 0.464122271484375 0.72844708984375 0.461521578125 0.692524140625 0.453293650390625 0.68499537109375 0.452648314453125 0.669292658203125 0.44974454296875 0.668001984375 0.448131201171875 0.629854828125 0.438935267578125 0.627273478515625 0.440225943359375 0.614367064453125 0.437321923828125 0.610280091796875 0.435385912109375 0.5496200390625 0.421027529296875 0.500300263671875 0.40985391796875 0.49750396875 0.40953125 0.478359126953125 0.40678869140625 0.47427215625 0.404207341796875 0.310231482421875 0.367585318359375 0.04345171875 0.307570435546875 0.044957341796875 0.314346478515625 0.044957341796875 0.329027529296875 0.0417308203125 0.34677380859375 0.03436541015625 0.361793650390625 0.373562830078125 0.430316716796875 0.77975 0.510819693359375 0.86965178515625 0.527234623046875 0.87244808203125 0.524007935546875 0.87632010546875 0.49945362109375
2 0.2734375 0.3837890625 0.0546875 0.03125
0 0.36328125 0.4033203125 0.04296875 0.03515625
3 0.4462890625 0.4189453125 0.04296875 0.033203125
7 0.5185546875 0.4365234375 0.0390625 0.03515625
1 0.5869140625 0.44921875 0.03515625 0.03125
10 0.6474609375 0.462890625 0.03125 0.03125
6 0.7060546875 0.474609375 0.03125 0.03125
8 0.7587890625 0.486328125 0.02734375 0.03125
5 0.8134765625 0.498046875 0.029296875 0.02734375
4 0.859375 0.5078125 0.0234375 0.02734375