9 0.5 0.5 1 1
11 0.691945904296875 0.387237873046875 0.665647693359375 0.36181135546875 0.133802615234375 0.731273412109375 0.18310950390625 0.77187719140625 0.691945904296875 0.387237873046875
2 0.3003845096300398 0.6512979896522466 0.04810268330244427 0.03843406930985216
0 0.3564329906880277 0.6104051008872731 0.04412822867453059 0.03620779270069763
3 0.40675850600184277 0.573008734708568 0.04210689904661713 0.03411809189612036
7 0.45425664075752814 0.5383371923229971 0.03813244441870356 0.031891815286966274
1 0.4960318097690407 0.507162172523695 0.03611111479078999 0.02980211448238901
10 0.5349795982224235 0.4787119765175269 0.028230410162876307 0.02730268626408039
6 0.5700211366758063 0.4499886289022045 0.028230410162876307 0.02730268626408039
8 0.6042566241989733 0.42607980588459354 0.03206845553496285 0.0256227128732347
5 0.63458586172214 0.4018978312578283 0.022302830534962848 0.024939833850348814
4 0.6669705311871772 0.38078211993564015 0.026140875907049388 0.023259860459503123