9 0.5 0.5 1 1
11 0.24083556640625 0.000532076171875 0.225965029296875 0.92387103125 0.26895560546875 0.92343353125 0.2782137890625 0.42007010546875 0.28273883984375 0.00070304296875 0.24083556640625 0.000532076171875
2 0.259765625 0.12890625 0.0390625 0.05078125
0 0.2587890625 0.2109375 0.037109375 0.05078125
3 0.2587890625 0.29296875 0.0390625 0.05078125
7 0.2578125 0.376953125 0.0390625 0.05078125
1 0.2568359375 0.4599609375 0.0390625 0.0546875
10 0.255859375 0.544921875 0.0390625 0.0546875
6 0.25390625 0.630859375 0.0390625 0.0546875
8 0.2509765625 0.716796875 0.0390625 0.0546875
5 0.2490234375 0.8056640625 0.0390625 0.0546875
4 0.2470703125 0.896484375 0.0390625 0.0546875