9 0.5 0.5 1 1
11 0.31407908984375 0 0.338513890625 0.944850486328125 0.383548423828125 0.94118107421875 0.361162248046875 0 0.31407908984375 0
2 0.340178305890002 0.10043470424292766 0.03936929961893709 0.05387097766556703
0 0.3425909792173487 0.18921664654301015 0.037416174618937204 0.05381414753228869
3 0.34403277151912026 0.2770504414097318 0.04134515051663623 0.05783405779884543
7 0.3464284004231927 0.3687620712098143 0.041322424618937204 0.05392780779884543
1 0.3507941987505394 0.4574871833766184 0.04134515051663623 0.05783405779884543
10 0.35223599105231096 0.54532097824334 0.04134515051663612 0.05783405779884543
6 0.35367778335408245 0.6331547731100617 0.04134515051663612 0.05783405779884543
8 0.35608477520700443 0.7229132779101441 0.04525140051663612 0.05794771806540222
5 0.35848608558550166 0.8136483452102267 0.04132242461893709 0.05392780779884543
4 0.35989947051514937 0.9063649525769484 0.043286912567786606 0.055937762932123825