9 0.5 0.5 1 1
11 0.630079365234375 0.334906083984375 0.62716840234375 0.08970171875 0.62749181640625 0.0297347890625 0.621022818359375 0.0297347890625 0.6038799609375 0.05777678515625 0.60873189453125 0.362789681640625 0.611642857421875 0.524442791015625 0.61584771875 0.702546626953125 0.625557291015625 0.999001322265625 0.647545634765625 0.9992549609375 0.6388125 0.793037037109375 0.635578125 0.696399140625 0.6310498515625 0.504180224609375 0.630079365234375 0.334906083984375
2 0.6279296875 0.8388671875 0.01953125 0.0546875
0 0.625 0.7412109375 0.01953125 0.05859375
3 0.62109375 0.6484375 0.01953125 0.05859375
7 0.619140625 0.556640625 0.017578125 0.05859375
1 0.6181640625 0.470703125 0.01953125 0.046875
10 0.6181640625 0.38671875 0.015625 0.04296875
6 0.6162109375 0.3017578125 0.01953125 0.0390625
8 0.6142578125 0.224609375 0.015625 0.03515625
5 0.6142578125 0.146484375 0.015625 0.029296875
4 0.61328125 0.068359375 0.01953125 0.0234375