9 0.5 0.5 1 1
11 0.608342509765625 0.355439154296875 0.027515873046875 0.899744046875 0.051147818359375 0.953213955078125 0.0711845234375 0.936924603515625 0.428583333984375 0.60751157421875 0.8253251484375 0.241815806640625 0.795964533203125 0.177842923828125 0.608342509765625 0.355439154296875
2 0.197265625 0.78125 0.03515625 0.05078125
0 0.2626953125 0.7216796875 0.03515625 0.05078125
3 0.3212890625 0.6650390625 0.03515625 0.05078125
7 0.3876953125 0.6044921875 0.03515625 0.05078125
1 0.451171875 0.544921875 0.03515625 0.05078125
10 0.515625 0.484375 0.03515625 0.05078125
6 0.5810546875 0.4248046875 0.03515625 0.05078125
8 0.646484375 0.36328125 0.03515625 0.05078125
5 0.716796875 0.2978515625 0.03515625 0.05078125
4 0.7880859375 0.23046875 0.03515625 0.05078125