9 0.5 0.5 1 1
11 0.3353115078125 0.75379596484375 0.858089533203125 0.7342046953125 0.850392857421875 0.67729695703125 0.534134423828125 0.6866259921875 0.16107564453125 0.701552580078125 0.022537451171875 0.70621726171875 0.022537451171875 0.76592394140625 0.3353115078125 0.75379596484375
4 0.83203125 0.70703125 0.0390625 0.0546875
5 0.763671875 0.708984375 0.041015625 0.0546875
8 0.6962890625 0.7109375 0.041015625 0.0546875
6 0.6298828125 0.712890625 0.0390625 0.05859375
10 0.5625 0.71484375 0.04296875 0.0546875
1 0.4970703125 0.7177734375 0.04296875 0.0546875
7 0.4306640625 0.71875 0.04296875 0.056640625
3 0.361328125 0.72265625 0.046875 0.05859375
0 0.294921875 0.7265625 0.046875 0.056640625
2 0.2275390625 0.728515625 0.04296875 0.056640625