9 0.5 0.5 1 1
11 0.1452268515625 0.320794642578125 0.11636640234375 0.66971527734375 0.09684325390625 0.9994990078125 0.16050562109375 0.9994990078125 0.17238921875 0.79893700390625 0.19530787109375 0.522604166015625 0.21992394140625 0.134875 0.158808201171875 0.127235615234375 0.1452268515625 0.320794642578125
4 0.1865234375 0.1533203125 0.056640625 0.0390625
5 0.181640625 0.220703125 0.0546875 0.041015625
8 0.177734375 0.287109375 0.060546875 0.0390625
6 0.173828125 0.3525390625 0.060546875 0.044921875
10 0.169921875 0.4208984375 0.05859375 0.04296875
1 0.1650390625 0.4873046875 0.060546875 0.046875
7 0.1591796875 0.5576171875 0.060546875 0.046875
3 0.1533203125 0.6279296875 0.060546875 0.046875
0 0.1494140625 0.7001953125 0.05859375 0.05078125
2 0.142578125 0.7724609375 0.0625 0.046875