9 0.5 0.5 1 1
11 0.7506201875 0.197061775390625 0.71967965234375 0.1652204921875 0.370051623046875 0.7935639453125 0.3943250546875 0.823136796875 0.541965408203125 0.5609117109375 0.7506201875 0.197061775390625
2 0.5940801530661693 0.43115364017844726 0.029596664867109768 0.03658927521477073
0 0.5678497455241798 0.4774698185197644 0.025690414867109546 0.03638455732694623
3 0.5425333195136595 0.5228606138330376 0.025565252930048077 0.03443143232694634
7 0.5190448565660775 0.5664006430902231 0.025565252930048077 0.03443143232694634
1 0.49640779418143377 0.6080387268193646 0.023612127930048077 0.034329073383033926
10 0.4725438454226668 0.64571938107655 0.025314929055924806 0.030525182326946343
6 0.4507581836009615 0.6854555192776477 0.021533840992986386 0.03227358943912195
8 0.4306753229051329 0.7213877664226576 0.023361804055924695 0.030422823383033926
5 0.4097410616463659 0.7592219590957112 0.021408679055924695 0.030320464439121952
4 0.3897833628875989 0.7971073312407211 0.021408679055924806 0.030320464439121952