9 0.5 0.5 1 1
11 0.837249826171875 0.046401921875 0.798396201171875 0.0378495234375 0.7712398515625 0.176716251953125 0.70995993359375 0.510384080078125 0.6822467109375 0.66455108984375 0.628980888671875 0.989834080078125 0.672961849609375 0.989066390625 0.76354230078125 0.441313203125 0.837249826171875 0.046401921875
2 0.7811297030074961 0.23559121956695755 0.05173910928423431 0.06335229809219811
0 0.7662592299922301 0.31501665534199286 0.05164814102535198 0.06139917309219811
3 0.7523653194769641 0.3944250451551842 0.05164814102535198 0.06139917309219811
7 0.7375858147205805 0.4758036059302194 0.051739109284234086 0.06335229809219811
1 0.7247139508347556 0.5561715122815668 0.05173910928423431 0.06335229809219811
10 0.709934446078372 0.6375500730566022 0.05564535928423431 0.06342048193957384
6 0.6952459095808706 0.7208817588316374 0.05564535928423431 0.06342048193957406
8 0.6815794197128104 0.8051729611448287 0.057871389060881295 0.06931394886326192
5 0.6671637879919561 0.8943640219198641 0.055827295801998744 0.06732673193957384
4 0.6511348159589255 0.9699002536567433 0.05650686517764636 0.04001707386326192