9 0.5 0.5 1 1
11 0.202476439453125 0.5901481484375 0.206596478515625 0.24328571484375 0.210128224609375 0 0.165983630859375 0.00078472265625 0.160686259765625 0.328812169921875 0.15715476171875 0.591717591796875 0.151268849609375 0.933887236328125 0.197767609375 0.936241732421875 0.202476439453125 0.5901481484375
2 0.1845703125 0.115234375 0.04296875 0.0546875
0 0.18359375 0.201171875 0.04296875 0.056640625
3 0.18359375 0.28515625 0.04296875 0.0546875
7 0.1826171875 0.3720703125 0.04296875 0.0546875
1 0.181640625 0.4580078125 0.04296875 0.0546875
10 0.181640625 0.5458984375 0.04296875 0.0546875
6 0.1787109375 0.6328125 0.044921875 0.05859375
8 0.177734375 0.7236328125 0.046875 0.060546875
5 0.1748046875 0.8125 0.044921875 0.056640625
4 0.173828125 0.904296875 0.04296875 0.060546875