9 0.5 0.5 1 1
11 0.386199162109375 0.442420412109375 0.34079223828125 0.313140017578125 0.30252041796875 0.199575599609375 0.253126634765625 0.212784171875 0.33524957421875 0.445568564453125 0.41092388671875 0.665807771484375 0.466414263671875 0.827296671875 0.483927470703125 0.876583681640625 0.529821046875 0.864448546875 0.51696846875 0.82519649609375 0.47719223828125 0.7104301875 0.423283287109375 0.55337159375 0.386199162109375 0.442420412109375
2 0.32717246559981683 0.3530944435829577 0.05300708577238855 0.049023761121560705
0 0.3470446040653025 0.4124840310353876 0.05105396077238855 0.04894417737631773
3 0.36981802265866437 0.467110181605682 0.05299572282353904 0.047070636121560705
7 0.3886965542008758 0.5235302896854904 0.054971573721237954 0.05105646986680368
1 0.40659852324308715 0.5799106058926773 0.051031234874689524 0.04503792737631773
10 0.426442254336449 0.6344173808451072 0.052984359874689524 0.045117511121560705
6 0.4453094229298109 0.6888843639249156 0.051031234874689524 0.04503792737631773
8 0.4632057104975975 0.7442881176321025 0.051008508976990496 0.04113167737631773
5 0.4830437601165346 0.7978183300845324 0.0529729969258399 0.043164386121560705
4 0.5019109287098964 0.8522853131643408 0.05297299692584012 0.043164386121560705