9 0.5 0.5 1 1
11 0.595236607421875 0.8357027109375 0.626268849609375 0.83812235546875 0.62826512890625 0.836428572265625 0.630624255859375 0.721901125 0.63189459375 0.65390873046875 0.633346478515625 0.5866421953125 0.634253720703125 0.518973875 0.6371572421875 0.4316240078125 0.64859027734375 0.01766369140625 0.641694197265625 0.021292990234375 0.6331649296875 0.0239546953125 0.6244541171875 0.025406416015625 0.613928572265625 0.0251643515625 0.6093916171875 0.17595304296875 0.603221478515625 0.384208333984375 0.59832167578125 0.58502579296875 0.593421875 0.83279894140625 0.595236607421875 0.8357027109375
2 0.6259765625 0.2001953125 0.03125 0.04296875
0 0.625 0.2685546875 0.03125 0.04296875
3 0.62109375 0.3388671875 0.03125 0.04296875
7 0.62109375 0.408203125 0.03125 0.04296875
1 0.6171875 0.474609375 0.03125 0.04296875
10 0.6171875 0.5400390625 0.03125 0.04296875
6 0.615234375 0.6083984375 0.03125 0.04296875
8 0.6142578125 0.67578125 0.03125 0.04296875
5 0.61328125 0.7451171875 0.03125 0.04296875
4 0.611328125 0.8115234375 0.03125 0.04296875