9 0.5 0.5 1 1
11 0.708334796875 0.224383384765625 0.443879185546875 0.36489113671875 0.314138458984375 0.430975005859375 0.186039265625 0.495051169921875 0.03544996484375 0.569424994140625 0.042147375 0.5957510625 0.19677647265625 0.522397587890625 0.32117028125 0.460335548828125 0.447331505859375 0.395132041015625 0.575726619140625 0.326659490234375 0.70582970703125 0.2569611796875 0.843878583984375 0.1885131015625 0.8382446328125 0.15586233984375 0.708334796875 0.224383384765625
2 0.22583207541716938 0.49271660580421445 0.04059788415868282 0.03225685425407565
0 0.2917306832304426 0.45929032909093404 0.04049552521477062 0.03030372925407554
3 0.3538253999876281 0.42811317530306114 0.04255100915868293 0.03240485321677933
7 0.4187474453009013 0.3947608980711327 0.04460649310259501 0.034505977179483116
1 0.4807398031141745 0.3616306192832598 0.044606493102595124 0.034505977179483116
10 0.5455594894835356 0.32632521705133133 0.04841038415868293 0.03284885010489069
6 0.6123834803248527 0.29184837835669897 0.05026115021477073 0.03104372406759448
8 0.6772031666942138 0.2565429761247705 0.05026115021477073 0.03104372406759448
5 0.7459291030635748 0.2209415759674344 0.05026115021477073 0.03104372406759448
4 0.8164546260170676 0.18226248934739453 0.05426975915868293 0.033292846993002057