9 0.5 0.5 1 1
11 0.87885500390625 0.269718166015625 0.877438560546875 0.216257615234375 0.151317453125 0.14307893359375 0.158892751953125 0.198094189453125 0.63117113671875 0.248531697265625 0.87885500390625 0.269718166015625
4 0.17343847086468211 0.17281304830364552 0.03738459486680368 0.05776327332708331
5 0.23605784648254663 0.18121077727401577 0.03738459486680368 0.05776327332708325
8 0.29660472148254663 0.18650794244843694 0.03738459486680368 0.05776327332708331
6 0.3571913883551681 0.19278167012285813 0.03738459486680368 0.05776327332708325
10 0.41785763897303263 0.2010085227972793 0.03738459486680368 0.05776327332708325
1 0.4764911808456541 0.20711137417575143 0.03738459486680368 0.05776327332708331
7 0.5399279514730326 0.2116882912940962 0.03738459486680368 0.05776327332708325
3 0.6014513889730326 0.21707089461649193 0.03738459486680368 0.05776327332708331
0 0.6611012852182756 0.22423574664293855 0.03738459486680368 0.05776327332708331
2 0.7244982639730326 0.22783610126128334 0.03738459486680368 0.05776327332708331