9 0.5 0.5 1 1
11 0.318089115234375 0.544847150390625 0.81834253515625 0.475856568359375 0.809271630859375 0.452773646484375 0.076167533203125 0.5542063203125 0.0734441328125 0.5795080859375 0.318089115234375 0.544847150390625
2 0.33390643179834434 0.5295367991279578 0.03918199356156116 0.02560652102814087
4 0.7962786603992905 0.46676604165874597 0.03136949356156116 0.025561069232742817
0 0.3862222569879954 0.5230019797724701 0.03918199356156116 0.02560652102814087
3 0.4386177982761681 0.5154905979169824 0.03918199356156116 0.02560652102814087
7 0.49191018596581915 0.5089614600359196 0.03934142575860444 0.02755964602814087
1 0.5413760397539918 0.5014330337571575 0.03738830075860444 0.02754828307929147
10 0.5936121488451214 0.4958747769016699 0.03527574356156116 0.025583795130441844
6 0.6431577187318156 0.487369788122908 0.03527574356156116 0.025583795130441844
8 0.6944969814214668 0.48082928729299557 0.03543517575860422 0.027536920130441844
5 0.7438034030125962 0.47525398601423363 0.03527574356156116 0.025583795130441844