9 0.5 0.5 1 1
11 0.002356482421875 0.328714037109375 0.000942791015625 0.36936582421875 0.1338376328125 0.429502232421875 0.827733134765625 0.738449404296875 0.85836937890625 0.704513888671875 0.124901455078125 0.384919642578125 0.002356482421875 0.328714037109375
2 0.1728515625 0.42578125 0.041015625 0.0234375
0 0.2353515625 0.453125 0.041015625 0.02734375
3 0.2998046875 0.4814453125 0.0390625 0.02734375
7 0.3671875 0.5107421875 0.037109375 0.02734375
1 0.43359375 0.5400390625 0.04296875 0.025390625
10 0.5048828125 0.5712890625 0.04296875 0.02734375
6 0.576171875 0.6025390625 0.046875 0.025390625
8 0.65234375 0.63671875 0.048828125 0.02734375
5 0.73046875 0.6708984375 0.0546875 0.025390625
4 0.814453125 0.708984375 0.052734375 0.02734375