9 0.5 0.5 1 1
11 0.84637289453125 0.688975220703125 0.847920806640625 0.686413814453125 0.8448428828125 0.64072621484375 0.84305380078125 0.636026658203125 0.715336447265625 0.628104962890625 0.60000759375 0.622158791015625 0.511555427734375 0.617807947265625 0.4113810625 0.612753544921875 0.31862169921875 0.60843042578125 0.13443453515625 0.599161107421875 0.13343275390625 0.600419505859375 0.13615540234375 0.63883455859375 0.137104345703125 0.641039083984375 0.3213873828125 0.6522775234375 0.398935103515625 0.65660858203125 0.464092669921875 0.661074236328125 0.5500398671875 0.66698741015625 0.660059322265625 0.674973076171875 0.80291526171875 0.685594025390625 0.84637289453125 0.688975220703125
2 0.33521842964867393 0.6317638172029072 0.03439124350527489 0.046377367142117265
0 0.3820934296486739 0.6339470554160829 0.032164966896120584 0.042380148883234714
3 0.4300132800509625 0.6371523402586996 0.03620779270069774 0.04451521040099937
7 0.4789096929532511 0.6404031092307578 0.03634436850527489 0.04646833540099937
1 0.5305992175509625 0.6418372055911392 0.03829749350527489 0.04655930365988192
10 0.584378442953251 0.6453153952104032 0.03634436850527489 0.04646833540099937
6 0.6392025187578283 0.6498156314591081 0.0405237701144292 0.05055652191876403
8 0.6968197062578283 0.6524991950961366 0.0424768951144292 0.05064749017764636
5 0.7593879941601168 0.6563867418803709 0.04275004672358351 0.05455374017764636
4 0.8240459828669826 0.6623183819234875 0.04470317172358351 0.05464470843652869