9 0.5 0.5 1 1
11 0.784303220703125 0.694559498046875 0.622655142578125 0.727743974609375 0.42798667578125 0.768230837890625 0.236208642578125 0.811896701171875 0.191796697265625 0.820410470703125 0.197154427734375 0.87365850390625 0.299871173828125 0.8484695859375 0.518099982421875 0.797165962890625 0.707698298828125 0.7544884921875 0.79844563671875 0.73224809375 0.784303220703125 0.694559498046875
4 0.215546561229934 0.8422387278030136 0.043676957541716965 0.0510198719258399
5 0.2708993943653632 0.8292252527352268 0.04357459859780477 0.04906674692584012
8 0.32620104802883637 0.8171883401674402 0.043676957541716965 0.05101987192584012
6 0.3785730141923095 0.805168472022928 0.03966834859780477 0.04904402102814087
10 0.43192154285578266 0.7931429224039909 0.039565989653892575 0.04709089602814087
1 0.48239156349121187 0.7801578547083281 0.039565989653892575 0.04709089602814087
7 0.5317314832107729 0.7701081559870899 0.03751050570998027 0.04512640807929147
3 0.5811225824022899 0.759081894765852 0.039565989653892464 0.04709089602814087
0 0.6274304556779386 0.7510023654678881 0.03751050570998027 0.04512640807929147
2 0.6758449923694556 0.7399817857210749 0.03751050570998027 0.04512640807929147