9 0.5 0.5 1 1
11 0.4158101015625 0.97515591015625 0.4066521484375 0.78632312109375 0.395761375 0.58072155078125 0.382971734375 0.36319562109375 0.3688432890625 0.1371105703125 0.3666966875 0.134099796875 0.336212521484375 0.13957662890625 0.333967619140625 0.1424008046875 0.35137198828125 0.53566680859375 0.368071158203125 0.977657802734375 0.4158101015625 0.97515591015625
2 0.38531371462011166 0.8229282599795378 0.052468335466874017 0.06505897359780466
0 0.37916903689751247 0.727839288643011 0.05235457888978412 0.06310584859780466
3 0.37745214536655397 0.6403069199467035 0.04822081573560455 0.05899488070998027
7 0.37349773739287095 0.5577597226943085 0.04810705915851465 0.05704175570998027
1 0.3700648656108287 0.4829738459699572 0.04592642100433508 0.05303314676606807
10 0.3654847964631517 0.411168836217562 0.04179265785015551 0.048922178878243794
6 0.36263033916129506 0.3431677175212547 0.04374578285015551 0.04902453782215599
8 0.35954836870525886 0.2790728488249474 0.041678901273065616 0.046969053878243794
5 0.3564095199606777 0.21595454262864003 0.041451388118886046 0.043062803878243794
4 0.35298627977337205 0.15771904893233268 0.039498263118886046 0.0429604449343316