9 0.5 0.5 1 1
11 0.953638994140625 0.265315037109375 0.922048873046875 0.217481134765625 0.48675330859375 0.52743509375 0.199765205078125 0.74059363671875 0.230635900390625 0.7847492734375 0.850597455078125 0.341476732421875 0.953638994140625 0.265315037109375
2 0.3816573036683626 0.64173579262864 0.039948890015885974 0.052828428878243905
0 0.4443667978853843 0.5944638144514938 0.03991479809219811 0.050875303878243905
3 0.5032893638353138 0.5542324916621721 0.039948890015885974 0.052828428878243905
7 0.5650734334378673 0.509941380456982 0.043889231939573836 0.05498627176606807
1 0.6249214240022648 0.4667291906957041 0.04392332386326192 0.056939396766068184
10 0.6828333355285063 0.42459592237833843 0.04193610693957406 0.05488391282215599
6 0.7436749345547478 0.38230911564510445 0.039948890015886196 0.052828428878243794
8 0.7996166751191454 0.33930164377165095 0.039948890015885974 0.052828428878243905
5 0.860441228183543 0.29603827453841697 0.03991479809219811 0.050875303878243794
4 0.9193297022097844 0.2538538267490952 0.03988070616851025 0.048922178878243794