9 0.5 0.5 1 1
11 0.71491074609375 0.128285560546875 0.664781921875 0.13831722265625 0.858397751953125 0.808953927734375 0.90736334375 0.80042721875 0.71491074609375 0.128285560546875
2 0.7274719906676823 0.26490007702794927 0.06184796036360307 0.053852018317365635
0 0.7438595803110011 0.32318259766337853 0.06184796036360307 0.053852018317365635
3 0.7590828645487273 0.3784842513268517 0.06184796036360307 0.053852018317365635
7 0.7754704541920461 0.43676677196228086 0.06184796036360307 0.053852018317365635
1 0.791795462866834 0.49407273009771013 0.06184796036360307 0.053852018317365635
10 0.8080578905730911 0.5504021257331393 0.06184796036360307 0.05385201831736586
6 0.8254846236849405 0.6097123883405247 0.06184796036360307 0.05385201831736586
8 0.8418096323597284 0.6670183464759539 0.06184796036360307 0.053852018317365635
5 0.8591737845030472 0.7253520465833392 0.06184796036360285 0.05385201831736586
4 0.8777022420519585 0.7866666136626808 0.05976967342654138 0.05179653437345344