9 0.5 0.5 1 1
11 0.76942866796875 0.16401971875 0.699803111328125 0.145675994140625 0.5984661640625 0.36262412890625 0.3334451015625 0.922287962890625 0.386158357421875 0.93710679296875 0.76942866796875 0.16401971875
4 0.3658154192837968 0.9140625 0.04779165454677714 0.03515625
5 0.39485301549804874 0.857421875 0.05333216515269068 0.03125
8 0.4220172028108222 0.7998046875 0.053810461743820204 0.037109375
6 0.4481251115250741 0.7431640625 0.05998870113790655 0.041015625
10 0.47845813463341236 0.6826171875 0.05803557613790655 0.041015625
1 0.5059411863402722 0.62109375 0.06242012272903619 0.046875
7 0.5384664827441752 0.5576171875 0.062101258334949616 0.04296875
3 0.5704137971406862 0.4892578125 0.06242012272903619 0.046875
0 0.6045533848327618 0.41796875 0.06273898712312231 0.05078125
2 0.6428383708204022 0.34375 0.06257955492607925 0.048828125