9 0.5 0.5 1 1
11 0.755242310546875 1 0.75679141796875 0.089129298828125 0.712641865234375 0.090162037109375 0.714965525390625 1 0.755242310546875 1
2 0.736328125 0.91015625 0.0390625 0.046875
0 0.736328125 0.830078125 0.0390625 0.048828125
3 0.734375 0.748046875 0.0390625 0.048828125
7 0.734375 0.662109375 0.0390625 0.05078125
1 0.7333984375 0.5791015625 0.0390625 0.05078125
10 0.7333984375 0.4931640625 0.0390625 0.05078125
6 0.7333984375 0.4033203125 0.041015625 0.052734375
8 0.7333984375 0.3134765625 0.0390625 0.0546875
5 0.734375 0.2197265625 0.041015625 0.0546875
4 0.7353515625 0.1220703125 0.0390625 0.05078125