9 0.5 0.5 1 1
11 0 0.452027529296875 0.00076554296875 0.485329365234375 0.987666666015625 0.50599950390625 0.999627314453125 0.470725447265625 0 0.452027529296875
2 0.087890625 0.4697265625 0.03515625 0.029296875
0 0.1767578125 0.4716796875 0.046875 0.029296875
3 0.265625 0.4765625 0.04296875 0.029296875
7 0.357421875 0.478515625 0.048828125 0.029296875
1 0.44921875 0.478515625 0.05078125 0.029296875
10 0.5439453125 0.48046875 0.052734375 0.03125
6 0.638671875 0.4833984375 0.052734375 0.03125
8 0.740234375 0.4873046875 0.052734375 0.03125
5 0.84375 0.48828125 0.0625 0.03125
4 0.955078125 0.490234375 0.052734375 0.03125