9 0.5 0.5 1 1
11 0.77250706640625 0.939384015625 0.76947865625 0.625789349609375 0.765096892578125 0.1016357734375 0.707941984375 0.109686408203125 0.708068892578125 0.4267917109375 0.71214223046875 0.80082657421875 0.71277612109375 0.939732369140625 0.77250706640625 0.939384015625
4 0.736973059552841 0.1283161374301382 0.05839146739534584 0.04726071991840963
5 0.7368288031363457 0.19689751087419385 0.05847105114058859 0.04921384491840963
8 0.7366447548472288 0.2645023218182495 0.05847105114058859 0.04921384491840963
6 0.7373974771854904 0.3310565707809533 0.062377301140588814 0.04950984284381721
10 0.7372134288963735 0.398661381725009 0.05855063488583179 0.05116696991840963
1 0.7379263593620137 0.46423906818771277 0.06058334363107476 0.05326809388111342
7 0.7376627273276538 0.5298907541317684 0.06050375988583179 0.05131496888111342
3 0.7395511796564014 0.6002772536131203 0.06456917737631773 0.055517216806521
0 0.7412804644946631 0.6667575030944722 0.06261605237631773 0.05536921784381721
2 0.7410964162055462 0.7343623140385279 0.06050375988583179 0.05131496888111342