9 0.5 0.5 1 1
11 0.409392857421875 0.94952306640625 0.408667990234375 0.784708333984375 0.405768849609375 0.57266021875 0.402869708984375 0.310104166015625 0.40069510546875 0.12534623046875 0.3340393515625 0.1241884921875 0.334013888671875 0.19071428515625 0.34271130859375 0.495310763671875 0.347785052734375 0.763134671875 0.350684193359375 0.947349455078125 0.409392857421875 0.94952306640625
2 0.369140625 0.326171875 0.0625 0.046875
0 0.37109375 0.4013671875 0.056640625 0.044921875
3 0.3720703125 0.47265625 0.05859375 0.046875
7 0.3740234375 0.5419921875 0.0546875 0.04296875
1 0.375 0.609375 0.0546875 0.04296875
10 0.3779296875 0.6767578125 0.0546875 0.0390625
6 0.376953125 0.740234375 0.0546875 0.0390625
8 0.3779296875 0.802734375 0.0546875 0.0390625
5 0.3798828125 0.8662109375 0.052734375 0.0390625
4 0.380859375 0.92578125 0.0546875 0.03125