9 0.5 0.5 1 1
11 0 0.68477458984375 0.82326151953125 0.508249009765625 0.808863451171875 0.481942021484375 0 0.648041275390625 0 0.68477458984375
4 0.7971094841158348 0.5008584320338756 0.030149326999175274 0.03151685944055682
5 0.7353587260827213 0.5133328993590447 0.030149326999175274 0.03151685944055682
8 0.6746129456162472 0.5247568047028619 0.03411240713245367 0.033765982365964176
6 0.6157918750831337 0.5370092735839753 0.034055576999175274 0.0318128573659644
10 0.5530645545500203 0.5495577403904963 0.034055576999175274 0.0318128573659644
1 0.4893322564502678 0.5631567691783691 0.03606553213245367 0.033913981328667964
7 0.42657652085051523 0.57668179848489 0.03997178213245367 0.03420997925407576
3 0.3579614102507626 0.5906508246795223 0.041981737265731955 0.03631110321677933
0 0.2902944470843708 0.6055224138928028 0.04583115713245367 0.034653976142187126
2 0.21679652398461827 0.6198614374941945 0.04789794239901035 0.03870822510489069