9 0.5 0.5 1 1
11 0.641698744140625 0.26727008984375 0.48042989453125 0.26249082421875 0.022092923828125 0.23822693359375 0.02062235546875 0.268740576171875 0.42749041015625 0.28638715234375 0.699049603515625 0.2933720234375 0.836790013671875 0.295577876953125 0.832868716796875 0.27204935546875 0.641698744140625 0.26727008984375
2 0.337890625 0.2685546875 0.03515625 0.0234375
0 0.3974609375 0.2724609375 0.033203125 0.021484375
3 0.455078125 0.2734375 0.033203125 0.021484375
7 0.51171875 0.2763671875 0.03125 0.01953125
1 0.5654296875 0.27734375 0.02734375 0.0234375
10 0.6181640625 0.279296875 0.02734375 0.01953125
6 0.669921875 0.28125 0.02734375 0.01953125
8 0.7197265625 0.28125 0.02734375 0.01953125
5 0.76953125 0.2822265625 0.0234375 0.01953125
4 0.818359375 0.2822265625 0.025390625 0.01953125