9 0.5 0.5 1 1
11 0.063075396484375 0.9288154765625 0.046786044921875 0.948852181640625 0.100255953125 0.972484126953125 0.644560845703125 0.391657490234375 0.822157076171875 0.204035466796875 0.758184193359375 0.1746748515625 0.39248842578125 0.571416666015625 0.063075396484375 0.9288154765625
2 0.21875 0.802734375 0.0517578125 0.03515625
0 0.2783203125 0.7373046875 0.0517578125 0.03515625
3 0.3349609375 0.6787109375 0.0517578125 0.03515625
7 0.3955078125 0.6123046875 0.0517578125 0.03515625
1 0.455078125 0.548828125 0.0517578125 0.03515625
10 0.515625 0.484375 0.0517578125 0.03515625
6 0.5751953125 0.4189453125 0.0517578125 0.03515625
8 0.63671875 0.353515625 0.0517578125 0.03515625
5 0.7021484375 0.283203125 0.0517578125 0.03515625
4 0.76953125 0.2119140625 0.0517578125 0.03515625