9 0.5 0.5 1 1
11 0.041883927734375 0.248870783203125 0.0424143515625 0.284657986328125 0.468761904296875 0.28426016796875 0.941733134765625 0.276705109375 0.94226355859375 0.236544146484375 0.616617724609375 0.242906498046875 0.041883927734375 0.248870783203125
2 0.2021484375 0.265625 0.046875 0.0390625
0 0.27734375 0.265625 0.048828125 0.0390625
3 0.3515625 0.2646484375 0.05078125 0.0390625
7 0.427734375 0.2646484375 0.048828125 0.0390625
1 0.50390625 0.2626953125 0.05078125 0.0390625
10 0.5830078125 0.2626953125 0.05078125 0.0390625
6 0.662109375 0.26171875 0.05078125 0.0390625
8 0.744140625 0.2607421875 0.0546875 0.041015625
5 0.826171875 0.2587890625 0.056640625 0.0390625
4 0.912109375 0.2568359375 0.0546875 0.0390625