9 0.5 0.5 1 1
11 0.60384885546875 0.7972298671875 0.6454058203125 0.7905451875 0.503656849609375 0.159395693359375 0.46254062109375 0.164936529296875 0.60384885546875 0.7972298671875
2 0.5854165893934105 0.6165572494189223 0.04224330830244427 0.038024341896120584
0 0.5744945972191633 0.5648882566891708 0.04029018330244427 0.03788776609154332
3 0.5615171731030457 0.516012375654842 0.04419643330244427 0.03816091770069763
7 0.5496186184287986 0.4642750950228018 0.04426463793035795 0.04011404270069774
1 0.5395026771847675 0.41755720269533875 0.04426463793035795 0.04011404270069774
10 0.52945494056865 0.36888618536787576 0.04224330830244427 0.038024341896120584
6 0.5184306414525324 0.32014688013812415 0.04426463793035795 0.04011404270069774
8 0.5063956775224581 0.272315849506084 0.04419643330244427 0.03816091770069763
5 0.4962456339644702 0.22657451967862097 0.04419643330244427 0.03816091770069774
4 0.48714035753439583 0.17894835275344653 0.04426463793035784 0.04011404270069768