9 0.5 0.5 1 1
11 0.2140679921875 0.971403037109375 0.22055096484375 0.84324083203125 0.28014497265625 0.221074798828125 0.22875736328125 0.22290094140625 0.181044154296875 0.6978068359375 0.169583888671875 0.815657466796875 0.16195151953125 0.972012060546875 0.2140679921875 0.971403037109375
2 0.19793637378795076 0.7872011798288108 0.057458831168510194 0.0505046961747877
0 0.20594848265518417 0.7193803005490951 0.057424739244822276 0.04855157117478792
3 0.21192223671319776 0.656567395706441 0.055471614244822276 0.04842640923772623
7 0.21986616173305534 0.5926527664267252 0.05543752232113436 0.04647328423772623
1 0.22582286982922495 0.530816424084071 0.05345030539744644 0.04439499730066454
10 0.2317454860017067 0.47093320674141687 0.05146308847375847 0.04231671036360296
6 0.23766810217418838 0.41104998939876275 0.05540343039744644 0.04452015923772623
8 0.24449909699929426 0.3550104410875778 0.05536933847375852 0.04256703423772623
5 0.2484004043244001 0.2991586356819853 0.05338212155007055 0.04048874730066454
4 0.2532953201113499 0.242267686807862 0.05341621347375858 0.042441872300664596