9 0.5 0.5 1 1
11 0.27949730859375 0.1833185859375 0.3340181796875 0.43468598828125 0.36871806640625 0.60785795703125 0.41220338671875 0.823252814453125 0.440744677734375 0.990689947265625 0.465939279296875 0.990103537109375 0.414823544921875 0.71310346875 0.39668426171875 0.620147328125 0.377530318359375 0.525179486328125 0.34339412890625 0.362735875 0.308652197265625 0.208478419921875 0.290872224609375 0.121151517578125 0.27954955078125 0.067192236328125 0.25635871875 0.042442888671875 0.2505065703125 0.0429090078125 0.27949730859375 0.1833185859375
2 0.43104195475099477 0.8628647659824216 0.03582938859301865 0.06522593631258689
0 0.4141684956257378 0.7606211901607636 0.033955847338261624 0.06713360182361106
3 0.39651743336358836 0.6632831565835935 0.035908972338261624 0.06717906131258689
7 0.37902553859192484 0.5698513730064233 0.03184355484777568 0.06318189233463545
1 0.36079583255599035 0.482301694173741 0.03574980484777568 0.06327281131258689
10 0.3386598765200558 0.39484293431901013 0.03104771739534573 0.04365064233463545
6 0.3245751717198503 0.3130617115083765 0.030570214923887784 0.03193189233463545
8 0.3086567175375092 0.2342556356867185 0.026345629942915894 0.024028473356684066
5 0.28891159710041114 0.15749360384301192 0.02618646245242995 0.020122223356684066
4 0.27404928916331306 0.0806179232768661 0.02423333745242995 0.020076763867708347