9 0.5 0.5 1 1
11 0.88318799609375 0.248520833984375 0.88171726171875 0.205875330078125 0.26730505859375 0.216659060546875 0.26730505859375 0.25979497265625 0.88318799609375 0.248520833984375
4 0.8642578125 0.2275390625 0.03515625 0.04296875
5 0.810546875 0.228515625 0.03515625 0.041015625
8 0.7578125 0.23046875 0.03515625 0.04296875
6 0.7060546875 0.232421875 0.03515625 0.04296875
10 0.6552734375 0.2333984375 0.033203125 0.041015625
1 0.603515625 0.234375 0.03515625 0.04296875
7 0.5537109375 0.2353515625 0.03125 0.04296875
3 0.501953125 0.2353515625 0.03515625 0.04296875
0 0.453125 0.236328125 0.03125 0.041015625
2 0.4033203125 0.236328125 0.033203125 0.0390625