9 0.5 0.5 1 1
11 0.294301587890625 0.859928572265625 0.883568453125 0.84234226171875 0.8837686015625 0.784666005859375 0.851830109375 0.78581613671875 0.30115079296875 0.805286375 0.11609226171875 0.810938822265625 0.11326711328125 0.870605490234375 0.294301587890625 0.859928572265625
2 0.7119140625 0.818359375 0.044921875 0.0546875
0 0.646484375 0.822265625 0.04296875 0.056640625
3 0.583984375 0.8212890625 0.0390625 0.056640625
7 0.5185546875 0.8232421875 0.041015625 0.0546875
1 0.4560546875 0.826171875 0.041015625 0.0546875
10 0.3916015625 0.828125 0.0390625 0.0546875
6 0.328125 0.83203125 0.0390625 0.0546875
8 0.2646484375 0.8349609375 0.041015625 0.0546875
5 0.19921875 0.837890625 0.041015625 0.0546875
4 0.13671875 0.8408203125 0.037109375 0.05859375