9 0.5 0.5 1 1
11 0.459034556640625 0.128863986328125 0.408215943359375 0.71734601953125 0.3825265859375 0.990765453125 0.409095009765625 0.98053860546875 0.476674865234375 0.273072658203125 0.489472716796875 0.13770225390625 0.459034556640625 0.128863986328125
2 0.419921875 0.7392733700014176 0.025390625 0.03213666016287631
0 0.4248046875 0.6828032565712014 0.02734375 0.03415798979078999
3 0.431640625 0.626401347768899 0.025390625 0.03604291016287631
7 0.4365234375 0.5650484218386829 0.029296875 0.04008556941870367
1 0.44140625 0.5036954959084667 0.029296875 0.04008556941870367
10 0.4462890625 0.4403894449782507 0.029296875 0.04203869441870345
6 0.4541015625 0.374256013489905 0.029296875 0.04399181941870345
8 0.458984375 0.3060671500596889 0.029296875 0.04789806941870345
5 0.46484375 0.2369358264434296 0.029296875 0.04594494441870356
4 0.4716796875 0.15904954264112708 0.03125 0.04991939904661713