9 0.5 0.5 1 1
11 0.10257808984375 0.80854870703125 0.12313987109375 0.85271191015625 0.81402912890625 0.339249900390625 0.80005430859375 0.300459037109375 0.409285388671875 0.5840176875 0.10257808984375 0.80854870703125
4 0.7932974099312083 0.33010843650878813 0.03247768330244427 0.03679399310259501
5 0.7495691159196958 0.36193386829880775 0.030660967558271413 0.04059788415868282
8 0.7067832820942265 0.3928339170607835 0.030660967558271413 0.04059788415868293
6 0.6650081130827139 0.42476170779471534 0.028707842558271413 0.04049552521477073
10 0.6193607963851582 0.45746134314082276 0.026822922186184872 0.04234629127085854
1 0.5747241445015592 0.4911887204588863 0.028776047186184872 0.04244865021477073
7 0.5291109301179603 0.5248649183049938 0.03456721755827141 0.0408026020465071
3 0.4806362328622749 0.560340702735233 0.030797376814098554 0.04450413415868271
0 0.43118497310658954 0.5957653076935159 0.030797376814098554 0.04450413415868271
2 0.37988289529277447 0.6340172412078868 0.030797376814098554 0.04450413415868293