9 0.5 0.5 1 1
11 0.280733001953125 1 0.24947720703125 0.86440402734375 0.174261091796875 0.536003564453125 0.11731380078125 0.30259171484375 0.06371454296875 0.308417732421875 0.21929598046875 1 0.280733001953125 1
2 0.2261779572528504 0.8988950214111767 0.06831597958157998 0.06010819469946771
0 0.20997632941586852 0.8299976030392666 0.06831597958157998 0.06010819469946771
3 0.19464895713701635 0.7641095882658782 0.0702008999536664 0.05831450189651077
7 0.18127470985816413 0.6983810056895328 0.0682477749536664 0.05815506969946771
1 0.1668556954513984 0.6345258320146658 0.06817957032575284 0.05620194469946771
10 0.15432160141671902 0.572783215536842 0.06622644532575284 0.056042512502424646
6 0.1388919221959965 0.5098248882634535 0.062183786069925695 0.0518173981083383
8 0.12531306103340356 0.44995568068710823 0.06427332032575284 0.05588308030538136
5 0.11085994431268102 0.3870770695122412 0.06232019532575281 0.0557236481083383
4 0.09623631602217456 0.32908127083737426 0.06420511569783927 0.05392995530538136