9 0.5 0.5 1 1
11 0.44317419921875 0.204327521484375 0.416663029296875 0.218947798828125 0.733514513671875 0.904432419921875 0.774971927734375 0.885161111328125 0.44317419921875 0.204327521484375
2 0.6567639350993495 0.6906229865009772 0.046240200180295066 0.05978186850527489
0 0.6248766857407124 0.6234039739719234 0.04215211222439219 0.051696216896120584
3 0.5950789398490023 0.5619077606382923 0.04215211222439241 0.051696216896120584
7 0.5682790706907557 0.5031363710977955 0.042061193246440975 0.047789966896120584
1 0.5435687049994362 0.4500877807527215 0.03806402426848976 0.043610565286966274
10 0.5189265285415803 0.39996887790764757 0.0379731052905381 0.039704315286966274
6 0.4972822288171878 0.3525747988557078 0.03601998029053821 0.03956773948238901
8 0.47572884807074683 0.30908696980376804 0.03601998029053821 0.03956773948238901
5 0.4561513220687936 0.2664391274472512 0.033975936312586885 0.035524913677811853
4 0.43759581805581615 0.22567612218844568 0.032022811312586885 0.0353883378732347