11 0.48628328515625 0.15016015234375 0.444405916015625 0.96321603515625 0.512479650390625 0.95845585546875 0.53534969921875 0.156365095703125 0.48628328515625 0.15016015234375
2 0.4872275501605561 0.728155473511527 0.07102978371425195 0.06128420235562371
0 0.4925485594437613 0.6510753239138156 0.06712353371425195 0.0610110507464694
3 0.4946210168328801 0.5781062880229699 0.06305785151720877 0.05878477413731509
7 0.49645432592643424 0.5080669396321242 0.0648515443201656 0.056968224941892354
1 0.49854675263329407 0.44674836583899 0.060466997729035965 0.05083569833273782
10 0.5024328721431107 0.38724634124127855 0.056241883334949616 0.04665629672358351
6 0.5044455827514489 0.32690432994814433 0.052335633334949616 0.0463831451144292
8 0.5058205645716145 0.2743748186550101 0.05233563333494984 0.0463831451144292
5 0.5091486713917801 0.2217087315572987 0.05201676894086327 0.0424768951144292
4 0.5125564943104672 0.16806608195958728 0.05201676894086349 0.0424768951144292
9 0.5 0.5 1 1