9 0.5 0.5 1 1
11 0.418927580078125 0.60367832421875 0.418927580078125 0.607077380859375 0.421193453125 0.610136408203125 0.445212962890625 0.62067336328125 0.4497450390625 0.62203273828125 0.453370701171875 0.62067336328125 0.831337962890625 0.1000575390625 0.811469576171875 0.09931646875 0.7869970234375 0.097617064453125 0.76834325390625 0.094619046875 0.7561068125 0.091219990234375 0.418927580078125 0.60367832421875
2 0.6865234375 0.25 0.048828125 0.029296875
0 0.646484375 0.30859375 0.048828125 0.02734375
3 0.6103515625 0.3603515625 0.04296875 0.0234375
7 0.578125 0.40625 0.04296875 0.0234375
1 0.552734375 0.447265625 0.0390625 0.0234375
10 0.525390625 0.4833984375 0.0390625 0.015625
6 0.501953125 0.51953125 0.033203125 0.015625
8 0.4794921875 0.55078125 0.029296875 0.01171875
5 0.45703125 0.58203125 0.02734375 0.017578125
4 0.4404296875 0.607421875 0.021484375 0.01171875