9 0.5 0.5 1 1
11 0.409682966796875 0 0.225519169921875 0.86348073828125 0.257782533203125 0.868812693359375 0.349991177734375 0.45155529296875 0.44329060546875 0 0.409682966796875 0
2 0.3863828919078802 0.19393864638693092 0.037359359874689524 0.045997961743820204
0 0.37033178132602307 0.26845629146327626 0.037359359874689524 0.045997961743820204
3 0.35527427766744035 0.3399645329411001 0.035406234874689524 0.04583852954677714
7 0.3401940481111585 0.4153790244189238 0.037359359874689524 0.045997961743820204
1 0.3261187884270005 0.485830987298226 0.0353948719258399 0.04388540454677703
10 0.30910815976841766 0.557498660973093 0.035383508976990496 0.04193227954677692
6 0.29405633758425964 0.6280303399509166 0.03536078307929147 0.03802602954677692
8 0.2780279529001015 0.698641735027262 0.0334417469258399 0.043725972349733855
5 0.26295908629266923 0.7721031015050859 0.035406234874689524 0.04583852954677692
4 0.24692502013408643 0.8436910590814312 0.033441746925839955 0.043725972349733855