9 0.5 0.5 1 1
11 0.766734677734375 1 0.778393220703125 0.8701201640625 0.8002509453125 0.606444771484375 0.8140474765625 0.442207962890625 0.8382445859375 0.20312197265625 0.8434955859375 0.14624240234375 0.800653986328125 0.145713599609375 0.78339109375 0.310883091796875 0.770404623046875 0.439296705078125 0.754977875 0.5947416328125 0.740952232421875 0.76072059765625 0.71712582421875 0.99698969921875 0.716896814453125 1 0.766734677734375 1
2 0.752188912837163 0.8977696213868797 0.055645359284234086 0.06649597199300206
0 0.7587465604285762 0.8087398656817505 0.05360126602535198 0.06439484803029827
3 0.767439269537754 0.723764358939325 0.05555439102535198 0.06454284699300206
7 0.7759955262586083 0.6358591646968996 0.05360126602535198 0.06439484803029827
1 0.7830080151444332 0.5565950339917705 0.04951307950758732 0.060192600104890914
10 0.7899750199008169 0.4763543407866412 0.04560682950758732 0.059896602179483116
6 0.7980550395455239 0.3991173345628639 0.04951307950758732 0.06019260010489069
8 0.8052039808196723 0.32278289135773464 0.04755995450758732 0.060044601142186904
5 0.8123984062232618 0.24742501065260547 0.04755995450758732 0.060044601142186904
4 0.8206148782562923 0.17311769192882814 0.04542489298982266 0.055990352179483116