9 0.5 0.5 1 1
11 0 0.625641865234375 0.45667989453125 0.621451140625 0.854125330078125 0.62033358203125 0.856607142578125 0.617974455078125 0.857314154296875 0.587475943359375 0.85395502734375 0.585487103515625 0.6248194453125 0.58203943359375 0.4044847890625 0.579519841796875 0.196416666015625 0.57832663671875 0 0.578061259765625 0 0.625641865234375
2 0.1630859375 0.6015625 0.05859375 0.04296875
0 0.259765625 0.6025390625 0.056640625 0.04296875
3 0.34765625 0.6005859375 0.052734375 0.0390625
7 0.4306640625 0.6005859375 0.05078125 0.0390625
1 0.5068359375 0.6005859375 0.046875 0.0390625
10 0.5791015625 0.6015625 0.04296875 0.03515625
6 0.6484375 0.6015625 0.04296875 0.037109375
8 0.712890625 0.6015625 0.041015625 0.03515625
5 0.7763671875 0.6015625 0.037109375 0.03515625
4 0.8359375 0.6025390625 0.037109375 0.033203125