9 0.5 0.5 1 1
11 0.7310207578125 0.83430842578125 0.787542078125 0.829627599609375 0.707930599609375 0.16116186328125 0.69295371875 0.060625595703125 0.648666857421875 0.05675099609375 0.64670792578125 0.0569946640625 0.68688483203125 0.442041439453125 0.7310207578125 0.83430842578125
4 0.7547946980715065 0.8090607793951952 0.06545767100433508 0.05624929147037028
5 0.7495320894612906 0.7477449610634244 0.06545767100433508 0.05624929147037028
8 0.7423163558510747 0.6862582664357044 0.06132390785015551 0.052001288878471996
6 0.7339534248752242 0.62761582116001 0.06132390785015529 0.052001288878471996
10 0.7274298623222838 0.5710973771802648 0.05937078285015551 0.05183041258252308
1 0.7218828622693434 0.514664371348494 0.05937078285015551 0.05183041258252308
7 0.714325858927858 0.459037051720774 0.05937078285015529 0.05183041258252308
3 0.7098691779520075 0.4007363590369778 0.05937078285015551 0.05183041258252308
0 0.7031749805334324 0.3471476025572324 0.057303901273065616 0.04970641128657394
2 0.6973435890377675 0.2955974092254616 0.053170138118886046 0.04545840869467588