9 0.5 0.5 1 1
11 0.21897797265625 0.0977334765625 0.160358875 0.108563984375 0.293384970703125 0.815720861328125 0.353322908203125 0.80188268359375 0.21897797265625 0.0977334765625
2 0.2037933841402853 0.17751584071194565 0.057117885005567914 0.04563915871425189
0 0.2157273532980698 0.24190921893116504 0.057117885005567914 0.04563915871425189
3 0.2286378849558543 0.3062228810518629 0.057163338339431546 0.04954540871425195
7 0.24247952577977516 0.3743630770740391 0.057163338339431546 0.04954540871425195
1 0.2534255691040938 0.4398127338917801 0.057117885005567914 0.04563915871425195
10 0.2682664990949465 0.5059200888154347 0.057117885005567914 0.04563915871425195
6 0.27917845241886735 0.5742994331331757 0.06104686167249973 0.047911148108338075
8 0.29302009324278827 0.642439629155352 0.061069588339431546 0.049864273108338075
5 0.3039206832332432 0.711795535973093 0.061069588339431546 0.049864273108338075
4 0.3186820698898346 0.7847388283967476 0.061069588339431546 0.0498642731083383