9 0.5 0.5 1 1
11 0.356952580078125 0.178118970703125 0.29285553125 0.180405197265625 0.227348263671875 0.18264217578125 0.122365076171875 0.186732392578125 0.126733970703125 0.197011521484375 0.130801388671875 0.21029659375 0.13276157421875 0.223723376953125 0.133541302734375 0.234738685546875 0.1335342578125 0.245295927734375 0.277890794921875 0.239133259765625 0.3425371484375 0.23643529296875 0.40316951953125 0.233812451171875 0.48091859375 0.22984834375 0.539497935546875 0.225430109375 0.59659349609375 0.22289938671875 0.7094795390625 0.214560599609375 0.8012359921875 0.208500091796875 0.803453689453125 0.20599198828125 0.8078561328125 0.1600381171875 0.806746046875 0.15612103125 0.713927830078125 0.159989837890625 0.6560340078125 0.16335453125 0.5981372109375 0.166719125 0.540090466796875 0.170940326171875 0.480934537109375 0.17253725 0.4200538984375 0.175151423828125 0.356952580078125 0.178118970703125
4 0.7866678517894142 0.18397518124686613 0.033524206472058005 0.04991939904661713
5 0.7307763686422084 0.18691416185132936 0.037430456472058005 0.05005580830244427
8 0.6739083229950027 0.18981904014183587 0.0373394882131759 0.04810268330244427
6 0.6189479182183557 0.1937686855602559 0.037521424730940334 0.05200893330244427
10 0.5601267475711499 0.19660535922284883 0.037430456472058005 0.05005580830244427
1 0.5022821394239441 0.1994761351993985 0.041427674730940334 0.05214534255827141
7 0.4424389221472971 0.20325526904803462 0.03956551798982266 0.05403026293035784
3 0.3797115015000913 0.2059555334548004 0.04160961124870499 0.05605159255827141
0 0.3160075183528855 0.20862169554760937 0.03770336124870499 0.05591518330244427
2 0.2523035352056797 0.21128785764041835 0.03770336124870499 0.05591518330244427