9 0.5 0.5 1 1
11 0.984851439453125 0.405991732421875 0.98898288671875 0.3463154765625 0.218929810546875 0.319810515625 0.21802380859375 0.37055291015625 0.984851439453125 0.405991732421875
2 0.3798828125 0.353515625 0.033203125 0.044921875
0 0.4384765625 0.3564453125 0.03515625 0.046875
3 0.498046875 0.3583984375 0.03515625 0.046875
7 0.55859375 0.361328125 0.037109375 0.046875
1 0.6220703125 0.3642578125 0.037109375 0.046875
10 0.6865234375 0.3662109375 0.0390625 0.046875
6 0.751953125 0.3681640625 0.037109375 0.046875
8 0.8212890625 0.3701171875 0.0390625 0.046875
5 0.892578125 0.3720703125 0.0390625 0.048828125
4 0.96484375 0.375 0.0390625 0.044921875