9 0.5 0.5 1 1
11 0.393312830078125 0.42200148828125 0.40418485546875 0.2847802578125 0.416506283203125 0.128279265625 0.359971890625 0.125018849609375 0.323007275390625 0.59830853125 0.296914681640625 0.85968700390625 0.354173611328125 0.861860615234375 0.377367064453125 0.61786185546875 0.393312830078125 0.42200148828125
2 0.3779296875 0.2548828125 0.0546875 0.0390625
0 0.373046875 0.3203125 0.0546875 0.04296875
3 0.3671875 0.38671875 0.05078125 0.041015625
7 0.36328125 0.453125 0.052734375 0.04296875
1 0.3583984375 0.5185546875 0.05078125 0.04296875
10 0.3525390625 0.5810546875 0.05078125 0.0390625
6 0.34765625 0.64453125 0.05078125 0.0390625
8 0.33984375 0.708984375 0.05078125 0.04296875
5 0.3359375 0.7724609375 0.0546875 0.0390625
4 0.328125 0.83984375 0.05078125 0.04296875