9 0.5 0.5 1 1
11 0.4168259453125 0.28973390625 0.42389483984375 0.21651325390625 0.420827767578125 0.209259353515625 0.41698066796875 0.205942822265625 0.3734310859375 0.211564623046875 0.262484873046875 0.992193189453125 0.3239120546875 0.99040583984375 0.3909695234375 0.486256966796875 0.4168259453125 0.28973390625
2 0.3214732956507226 0.7981265552425154 0.05302981167008758 0.05231566359851536
0 0.33264727520700443 0.7235952395094845 0.05105396077238855 0.048352583465236965
3 0.3408802043144368 0.651102293976371 0.051031234874689524 0.04444633346523719
7 0.35006697002417 0.5824871833766184 0.0510198719258399 0.04249320846523719
1 0.36020189086177945 0.5187264702102267 0.047102258976990496 0.040426423198680395
10 0.3683723237505394 0.4569757121771132 0.05099714602814087 0.03858695846523719
6 0.37653707516487467 0.39620151664399983 0.049055383976990496 0.04048325333195879
8 0.3827146127326613 0.34134352624416475 0.04707953307929147 0.036520173198680395
5 0.38890919472372215 0.28355584834432973 0.04903265807929136 0.03657700333195879
4 0.3941158512659335 0.22774971051113385 0.04707953307929147 0.036520173198680395