9 0.5 0.5 1 1
11 0.081487763671875 0.9078251484375 0.11034821484375 0.94347619140625 0.290300263671875 0.81360491015625 0.555186837890625 0.631467013671875 0.81917328125 0.45457465234375 0.781824736328125 0.4386592265625 0.573012236328125 0.572986607421875 0.33109523828125 0.737235615234375 0.081487763671875 0.9078251484375
2 0.23828125 0.82421875 0.037109375 0.02734375
0 0.3095703125 0.7744140625 0.037109375 0.02734375
3 0.37890625 0.7265625 0.037109375 0.02734375
1 0.5087890625 0.638671875 0.03515625 0.025390625
10 0.5673828125 0.6005859375 0.03125 0.0234375
6 0.6240234375 0.560546875 0.03125 0.0234375
8 0.6787109375 0.5244140625 0.03125 0.0234375
5 0.73046875 0.4921875 0.03125 0.0234375
4 0.78125 0.45703125 0.03125 0.01953125
7 0.4462890625 0.6806640625 0.03515625 0.02734375