9 0.5 0.5 1 1
11 0.625261427734375 0 0.56932548046875 0.1851765234375 0.4898194609375 0.458952484375 0.375957451171875 0.861582630859375 0.405611970703125 0.8780833359375 0.658460423828125 0 0.625261427734375 0
2 0.5771791548439592 0.21996180249460648 0.031685763118886046 0.04255100915868287
0 0.555562671357271 0.29021897048981615 0.029732638118885824 0.04244865021477073
3 0.5340599444476725 0.3585230134850259 0.027779513118886046 0.04234629127085854
7 0.5163497109609841 0.4285754635924112 0.02961888154179615 0.04049552521477062
1 0.4958235465513856 0.4968283271156648 0.027779513118886046 0.04234629127085854
10 0.4752973821417872 0.5650811906389184 0.025826388118886046 0.04224393232694634
6 0.4555202670780091 0.6371891246902159 0.027779513118886046 0.042346291270858316
8 0.43689034937986565 0.7063161917695574 0.027779513118886046 0.04234629127085854
5 0.41538762247026717 0.774620234764767 0.025826388118886046 0.04224393232694634
4 0.39543987254085433 0.8496578563160646 0.027779513118886046 0.04234629127085854