9 0.5 0.5 1 1
11 0.27138045703125 0.587248677734375 0.279982142578125 0.150814814453125 0.284713044921875 0 0.249016369140625 0.000573412109375 0.233533482421875 0.504753306640625 0.2236416171875 0.751332671875 0.216330357421875 0.9348336640625 0.25933829296875 0.935980490234375 0.27138045703125 0.587248677734375
2 0.2607421875 0.1767578125 0.03515625 0.046875
0 0.259765625 0.2470703125 0.037109375 0.046875
3 0.2578125 0.318359375 0.0390625 0.048828125
7 0.255859375 0.39453125 0.0390625 0.05078125
1 0.25390625 0.470703125 0.0390625 0.05078125
10 0.251953125 0.55078125 0.0390625 0.05078125
6 0.248046875 0.6328125 0.041015625 0.0546875
8 0.2451171875 0.71875 0.041015625 0.056640625
5 0.2421875 0.80859375 0.041015625 0.05859375
4 0.23828125 0.904296875 0.04296875 0.060546875