9 0.5 0.5 1 1
11 0.662230498046875 0.501355447265625 0.8441587421875 0.540526302734375 0.86186394921875 0.50970739453125 0.312938509765625 0.375404634765625 0.053523697265625 0.31224396875 0.0252429375 0.363116126953125 0.26221891796875 0.413430849609375 0.662230498046875 0.501355447265625
2 0.2709470262620663 0.3903928034772567 0.05368902426848965 0.04224303120234385
0 0.352501768140799 0.4099906096847653 0.05164498029053821 0.03829132171336802
3 0.4271523832860681 0.4268178366036889 0.04778418977951393 0.040153527735416694
7 0.4978967484313372 0.4437359825005638 0.04383248029053821 0.03810948375746537
1 0.5617597165876306 0.4588601116088537 0.04183389580156249 0.03611089926848965
10 0.6216709752549483 0.47212203469509495 0.03792764580156249 0.03601998029053832
6 0.6806284011667538 0.4863832500258241 0.037882186312586885 0.03406685529053821
8 0.7327044300895837 0.4988504485679681 0.033930476823611055 0.032022811312586885
5 0.7838038965124137 0.5113403768546001 0.031977351823611055 0.031977351823611055
4 0.8329502379352436 0.5238757646302077 0.035656304378732795 0.022302645801562715