9 0.5 0.5 1 1
11 0 0.4198890546875 0.496459119140625 0.312382572265625 0.865296880859375 0.22720634375 0.858046576171875 0.19897583984375 0.4915952734375 0.284703302734375 0.137685787109375 0.358891919921875 0 0.387630736328125 0 0.4198890546875
2 0.2615346929370969 0.3481321263009959 0.047585856328668075 0.03751050570998027
0 0.3307080622319677 0.33380737576406927 0.045632731328667964 0.037408146766068184
3 0.3949986190268385 0.3197385225869231 0.045632731328667964 0.037408146766068184
7 0.4612423008217093 0.3055673104658647 0.045632731328668075 0.037408146766068184
1 0.523653732097932 0.29062425373263073 0.047585856328667964 0.03751050570998038
10 0.5878702894114509 0.2775319630554846 0.0415784823659644 0.035250303878243794
6 0.6512582831876736 0.26253772685029453 0.0415784823659644 0.035250303878243794
8 0.7146462769638962 0.24754349064510445 0.045632731328668186 0.037408146766068184
5 0.776007146258767 0.23362817588382656 0.0415784823659644 0.035250303878243794
4 0.8384925770163416 0.21770855665059258 0.0435316073659644 0.03535266282215599