9 0.5 0.5 1 1
11 1 0.7316433671875 0.9965847265625 0.704790564453125 0.182096744140625 0.609267802734375 0.050174212890625 0.594595388671875 0.0564381953125 0.64915972265625 0.2264148828125 0.673256322265625 1 0.786278611328125 1 0.7316433671875
2 0.2607545397995056 0.6483704281676823 0.04398403437345344 0.05926902567829462
0 0.32345925768732997 0.6562818601536553 0.04418875226127783 0.06317527567829462
3 0.38616397557515436 0.6641932921396281 0.050150486205190026 0.06550388648947969
7 0.45472806846297875 0.6724802099367859 0.05025284514910222 0.06745701148947969
1 0.5262730283227592 0.6819314331395361 0.05025284514910222 0.06745701148947969
10 0.6017242381825397 0.6916329802164097 0.05241068803692661 0.07148842342654138
6 0.6810816980423202 0.7015848511674065 0.05436381303692661 0.07161358536360307
8 0.7693305793460128 0.7140530758351809 0.0644365148686632 0.07809877004891108
5 0.8624622731497055 0.7268342053456094 0.06649199881257539 0.08017705698597277
4 0.9654107714253543 0.741217707041346 0.06875220064431198 0.08616159392303446