9 0.5 0.5 1 1
11 0.07735941796875 0.790281998046875 0.080274611328125 0.8364720625 0.273145677734375 0.822619826171875 0.4324652265625 0.81603544921875 0.600220666015625 0.810344826171875 0.776763142578125 0.808375005859375 0.776023099609375 0.753213599609375 0.544505248046875 0.761160986328125 0.37822020703125 0.768257609375 0.240891732421875 0.774714427734375 0.07735941796875 0.790281998046875
4 0.7561512981004771 0.7826681687111756 0.045117511121560705 0.053984637932123825
5 0.6935319224826126 0.7837792919462684 0.043164386121560705 0.05392780779884543
8 0.6329054637373697 0.7839706828146396 0.043164386121560705 0.05392780779884543
6 0.5761056712468837 0.7862288589495673 0.043164386121560705 0.05392780779884543
10 0.5193456706290192 0.787510472584495 0.039258136121560705 0.053814147532288636
1 0.4654755656385332 0.7898538939193405 0.039258136121560705 0.053814147532288636
7 0.41062889814804726 0.7921689001875466 0.039258136121560705 0.053814147532288636
3 0.35679858503018275 0.7935357590223919 0.039258136121560705 0.053814147532288636
0 0.3068347300396968 0.7959928406237939 0.039258136121560705 0.053814147532288636
2 0.2548779581765893 0.7993696545919177 0.039258136121560705 0.053814147532288636