9 0.5 0.5 1 1
11 0.523708427734375 0.7922938046875 0.524766568359375 0.800255724609375 0.527592271484375 0.80477287109375 0.570765673828125 0.81507517578125 0.881968603515625 0.11048205078125 0.872993837890625 0.107063798828125 0.857873814453125 0.09846307421875 0.837487259765625 0.084775216796875 0.825968 0.082305693359375 0.625151388671875 0.548939095703125 0.54945476171875 0.725566123046875 0.523708427734375 0.7922938046875
2 0.7728864500607899 0.2784486584560336 0.05927870450758732 0.05795895018029518
0 0.7428672141216712 0.3460352221434468 0.05714364298982266 0.05400724069131946
3 0.715641213294229 0.4107602875643235 0.056961706472058005 0.05010099069131946
7 0.6892553225784632 0.47257839522968803 0.0549176132131759 0.04810240620234385
1 0.6626420112154918 0.5295136903950526 0.05082942669541124 0.04410523722439241
10 0.6389129032230791 0.5855406122938807 0.05473567669541124 0.04419615620234385
6 0.615047342842343 0.6386378466927087 0.05278255169541102 0.04415069671336802
8 0.5959736267027245 0.6898956048139762 0.05064749017764658 0.04019898722439241
5 0.5740157071925471 0.74206173620178 0.05260061517764658 0.04024444671336802
4 0.5548965069234875 0.7923429318230473 0.05064749017764658 0.04019898722439241