9 0.5 0.5 1 1
11 0.631236076171875 0.051527349609375 0.694085716796875 0.25528967578125 0.767326849609375 0.49070708203125 0.842804927734375 0.727003306640625 0.92697515234375 0.989551501953125 0.964473884765625 0.981861228515625 0.899614697265625 0.775743615234375 0.7820249921875 0.40533848046875 0.708682896484375 0.168610298828125 0.673482884765625 0.05497592578125 0.631236076171875 0.051527349609375
2 0.8710176964401088 0.7520898479477822 0.05453610811184939 0.06273898712312231
0 0.8454408254891119 0.6713142473788289 0.05453610811184961 0.06273898712312231
3 0.8200516974437075 0.5934683343098757 0.05453610811184961 0.06273898712312231
7 0.7955765509297723 0.5147255748394439 0.05453610811184961 0.06273898712312231
1 0.7711639853843679 0.4369593778690122 0.05453610811184939 0.06273898712312231
10 0.7456496954019018 0.3571603398000589 0.05453610811184961 0.06273898712312231
6 0.7211119679194358 0.27744101782962727 0.05453610811184961 0.06273898712312231
8 0.6976759648740314 0.1997545369577171 0.05453610811184961 0.06273898712312242
5 0.671911351017442 0.11604924888876385 0.05453610811184961 0.0627389871231224
4 0.646859860811185 0.058631432221289 0.05153222162236992 0.015863987123122397