9 0.5 0.5 1 1
11 0.154987658203125 0.77858732421875 0.162175396484375 0.81590483984375 0.985183103515625 0.455335111328125 0.9599988203125 0.420762427734375 0.154987658203125 0.77858732421875
2 0.31963322011639994 0.7269530092031811 0.04674124017764647 0.041154769954293347
0 0.3818817111214886 0.6976293532895056 0.04674124017764636 0.041154769954293347
3 0.4442211703854596 0.6702588223758301 0.05082942669541102 0.045242956472058005
7 0.5123290363905483 0.6406622616855077 0.05082942669541102 0.045242956472058005
1 0.5784382932661958 0.6101801067540675 0.04878533343652869 0.0431988632131759
10 0.6465461592712844 0.5805835460637452 0.05082942669541124 0.045242956472058005
6 0.7174927445174908 0.5488974079850992 0.05082942669541124 0.045242956472058005
8 0.7903924547636971 0.5171203016475711 0.052873519954293347 0.047287049730940334
5 0.8652452900099035 0.48525222705116045 0.052873519954293347 0.047287049730940334
4 0.9457755637383451 0.44920499767810296 0.054826644954293347 0.04737801798982266