9 0.5 0.5 1 1
11 0.69793222265625 0.080144138671875 0.45231558203125 0.95982369140625 0.464363638671875 0.977356146484375 0.720989943359375 0.08530488671875 0.69793222265625 0.080144138671875
2 0.6494638928940104 0.2766240486991127 0.02969800570998027 0.04715392575860444
0 0.626917206581435 0.3512813178272026 0.027847239653892686 0.04894761856156116
3 0.6063748247408156 0.4251214566523357 0.03185584859780466 0.051219607955647506
7 0.5868090054001964 0.49904131157599035 0.03401369148562905 0.05528529015269068
1 0.5672943655315331 0.571984603999645 0.03206056648562905 0.055125857955647506
10 0.5487562881628699 0.6450076125218213 0.03185584859780466 0.051219607955647506
6 0.5281115473783384 0.7208008763469543 0.03165113070998027 0.047313357955647506
8 0.5076203450096752 0.7936644526720874 0.03144641282215588 0.043407107955647506
5 0.4890310881690559 0.8676640236942637 0.03144641282215599 0.04340710795564773
4 0.4683351679125683 0.9444338500193967 0.0273354449343316 0.03918199356156116