9 0.5 0.5 1 1
11 0.044068453125 0.497149056640625 0.04957705078125 0.529511904296875 0.830876984375 0.39042038671875 0.8161875 0.3594345234375 0.044068453125 0.497149056640625
2 0.2060546875 0.484375 0.0390625 0.02734375
0 0.2734375 0.47265625 0.037109375 0.029296875
3 0.3408203125 0.4609375 0.037109375 0.029296875
7 0.40625 0.44921875 0.03515625 0.029296875
1 0.470703125 0.4384765625 0.0390625 0.02734375
10 0.537109375 0.4267578125 0.03515625 0.02734375
6 0.6025390625 0.4140625 0.0390625 0.02734375
8 0.6669921875 0.4033203125 0.037109375 0.02734375
5 0.732421875 0.3916015625 0.037109375 0.02734375
4 0.7998046875 0.3798828125 0.037109375 0.02734375