9 0.5 0.5 1 1
11 0.085419666015625 0.361657859375 0.268202732421875 0.362037478515625 0.360232755859375 0.362576119140625 0.459644314453125 0.362769419921875 0.54741571484375 0.36305298828125 0.661874546875 0.363147505859375 0.78871449609375 0.361906033203125 0.790786734375 0.357267947265625 0.796772912109375 0.31142299609375 0.79540673828125 0.30876203515625 0.752203501953125 0.30987498828125 0.61021562890625 0.313036208984375 0.500877197265625 0.315275466796875 0.415482958984375 0.316697271484375 0.350745703125 0.31775784375 0.273761560546875 0.318029439453125 0.090756873046875 0.319627662109375 0.089676298828125 0.32179756640625 0.08450979296875 0.3603378203125 0.085419666015625 0.361657859375
2 0.28674535721844696 0.3394661058597872 0.033342269954293347 0.04747279015269068
0 0.3333929365712412 0.34052254563075113 0.03111624017764647 0.041453982955647506
3 0.38115353081235887 0.3385695818031935 0.03520442669541113 0.045679097349733855
7 0.42882315679459426 0.33856974297563586 0.035295394954293347 0.047632222349733855
1 0.47937698614738844 0.33930731835251343 0.037248519954293347 0.04779165454677703
10 0.5329059871296238 0.3388291829338263 0.035295394954293347 0.047632222349733855
6 0.5874570347413003 0.3372947689166176 0.039383581472058005 0.051857336743820204
8 0.6448468015940945 0.33747433160384405 0.041336706472058005 0.05201676894086338
5 0.7071193809468886 0.33725531379846263 0.04151864298982266 0.05592301894086338
4 0.7714815376880064 0.3339471762960381 0.04347176798982266 0.05608245113790655