9 0.5 0.5 1 1
11 0.286079861328125 0.22336739453125 0.719847966796875 0.189436837890625 0.966455109375 0.170586640625 0.960234623046875 0.11403571484375 0.83186383984375 0.11780588671875 0.57961284765625 0.1359021171875 0.3652509921875 0.150982142578125 0.134523314453125 0.162292328125 0.1424404765625 0.233169642578125 0.286079861328125 0.22336739453125
4 0.166015625 0.1953125 0.046875 0.068359375
5 0.2470703125 0.19140625 0.04296875 0.06640625
8 0.3251953125 0.1865234375 0.04296875 0.064453125
6 0.3974609375 0.1826171875 0.04296875 0.0625
10 0.470703125 0.177734375 0.04296875 0.0625
1 0.54296875 0.169921875 0.046875 0.064453125
7 0.611328125 0.1650390625 0.041015625 0.0625
3 0.6806640625 0.158203125 0.04296875 0.0546875
0 0.74609375 0.1533203125 0.04296875 0.0546875
2 0.810546875 0.1494140625 0.0390625 0.056640625