9 0.5 0.5 1 1
11 0.94969287890625 0.765625125 0.94859 0.701873794921875 0.740535791015625 0.698172236328125 0.603311025390625 0.691584775390625 0.258153041015625 0.684668369140625 0.2146200546875 0.6823956015625 0.20611848828125 0.7309009453125 0.246864662109375 0.736520771484375 0.4780852109375 0.743620744140625 0.60539544921875 0.75001236328125 0.94969287890625 0.765625125
4 0.2273312543232013 0.7094759831557422 0.032818706442012124 0.045467345779006685
5 0.28201875432320134 0.7104305570190041 0.030865581442012013 0.045433253855319045
8 0.3356955895092445 0.7123446474204221 0.034908240697839155 0.04940768770269477
6 0.3894065270092445 0.7132821753218401 0.036997774953666296 0.05334802962638263
10 0.44796617469528777 0.7152814955324778 0.038814490697839155 0.049475871550070494
1 0.5065258223813309 0.7172808157431156 0.04285714995366652 0.05345030539744622
7 0.5670726973813309 0.7183376653774413 0.04292535458157998 0.05540343039744644
3 0.6334107427534175 0.7214499157828307 0.04689980920949344 0.05742473924482239
0 0.7017019131255038 0.7245962581119081 0.04676339995366652 0.05351848924482239
2 0.7729227709975902 0.7277937383265174 0.04696801383740712 0.05937786424482239