9 0.5 0.5 1 1
11 0 0.3866965 0.16272718359375 0.43358413671875 0.32773422265625 0.4782022890625 0.467360966796875 0.516953486328125 0.574910162109375 0.54688436328125 0.7356583515625 0.59251454296875 0.768136544921875 0.56502448046875 0.675721921875 0.53568484765625 0.55416303125 0.5004138984375 0.429336037109375 0.4640064453125 0 0.332181451171875 0 0.3866965
2 0.13701011332419355 0.4023166777755396 0.04419643330244427 0.03765889469597594
0 0.22094798140549002 0.4266651416721329 0.04817088793035784 0.03983953285015551
3 0.3000712416147 0.44934487201145057 0.04621776293035773 0.039725776273065616
7 0.37629891663786685 0.471218674716403 0.04621776293035784 0.039725776273065616
1 0.442863273602904 0.4907315728068046 0.0421751036745307 0.035592013118886046
10 0.5065661476958547 0.5084619807628408 0.04015377404661713 0.03352513154179615
6 0.5683499991027623 0.5253295827959668 0.04015377404661713 0.03352513154179615
8 0.623263810695713 0.5435718953489072 0.04015377404661713 0.03352513154179615
5 0.6792905940444909 0.5578510796133027 0.04001736479078999 0.02961888154179615
4 0.7332960477653552 0.5741971454547878 0.03799603516287631 0.027551999964706475