9 0.5 0.5 1 1
11 0.03833465625 0.433737599609375 0.1830694453125 0.43161681640625 0.5295694453125 0.42383978125 0.8251382265625 0.418537451171875 1 0.41677008984375 0.99952876953125 0.390611359375 0.821604166015625 0.393125 0.462999337890625 0.401923115234375 0.133071427734375 0.409346478515625 0.061901125 0.4089930546875 0.03833465625 0.433737599609375
2 0.8759765625 0.4013671875 0.0546875 0.02734375
0 0.7724609375 0.4033203125 0.05859375 0.0234375
3 0.6767578125 0.404296875 0.0625 0.025390625
7 0.583984375 0.4072265625 0.056640625 0.0234375
1 0.4931640625 0.41015625 0.05078125 0.025390625
10 0.40625 0.4130859375 0.046875 0.0234375
6 0.3193359375 0.4140625 0.04296875 0.0234375
8 0.23828125 0.4169921875 0.0390625 0.0234375
5 0.1552734375 0.4169921875 0.037109375 0.021484375
4 0.076171875 0.4189453125 0.03515625 0.0234375