9 0.5 0.5 1 1
11 0.957060845703125 0.791118798828125 0.957657076171875 0.76338715234375 0.51395205078125 0.753994294921875 0.137983796875 0.750745287109375 0.1424606484375 0.776058283203125 0.298470900390625 0.776574900390625 0.957060845703125 0.791118798828125
2 0.66015625 0.771484375 0.0390625 0.02734375
0 0.6005859375 0.7705078125 0.037109375 0.025390625
3 0.54296875 0.76953125 0.037109375 0.025390625
7 0.4853515625 0.7685546875 0.037109375 0.025390625
1 0.4296875 0.7666015625 0.03515625 0.025390625
10 0.375 0.765625 0.033203125 0.0234375
6 0.3193359375 0.765625 0.03125 0.0234375
8 0.265625 0.7646484375 0.03125 0.0234375
5 0.2119140625 0.7646484375 0.03125 0.0234375
4 0.158203125 0.763671875 0.029296875 0.0234375