9 0.5 0.5 1 1
11 0.460745701171875 0.2255987109375 0.764007275390625 0.22932068359375 0.998345900390625 0.23552380859375 0.998345900390625 0.197064732421875 0.6283336640625 0.190034474609375 0.398406083984375 0.185899056640625 0.1050694453125 0.179282490234375 0.10341534375 0.21691443359375 0.460745701171875 0.2255987109375
2 0.8134765625 0.2119140625 0.048828125 0.03515625
0 0.732421875 0.2109375 0.048828125 0.037109375
3 0.6591796875 0.2099609375 0.05078125 0.0390625
7 0.5810546875 0.208984375 0.05078125 0.037109375
1 0.5048828125 0.20703125 0.05078125 0.037109375
10 0.4306640625 0.2060546875 0.05078125 0.037109375
6 0.3544921875 0.2041015625 0.05078125 0.037109375
8 0.28125 0.201171875 0.05078125 0.0390625
5 0.2060546875 0.19921875 0.052734375 0.03515625
4 0.130859375 0.1982421875 0.05078125 0.03515625