9 0.5 0.5 1 1
11 0.7925694453125 0.813125330078125 0.792104166015625 0.7647470234375 0.09011855078125 0.805062169921875 0.091048859375 0.86832605859375 0.296181546875 0.850959326171875 0.7925694453125 0.813125330078125
4 0.775390625 0.7900390625 0.03125 0.048828125
5 0.7265625 0.79296875 0.03125 0.05078125
8 0.677734375 0.794921875 0.03125 0.05078125
6 0.6259765625 0.7978515625 0.03125 0.05078125
10 0.5712890625 0.8017578125 0.03515625 0.052734375
1 0.517578125 0.8056640625 0.037109375 0.05078125
7 0.458984375 0.810546875 0.0390625 0.0546875
3 0.3974609375 0.814453125 0.0390625 0.052734375
0 0.3330078125 0.8203125 0.04296875 0.0546875
2 0.265625 0.82421875 0.046875 0.0546875