9 0.5 0.5 1 1
11 0.689348958984375 0.472532408203125 0.708466021484375 0.826490740234375 0.74596478125 0.82551058203125 0.729788939453125 0.533363755859375 0.708466021484375 0.053419642578125 0.705853669921875 0 0.667429068359375 0.00067096484375 0.689348958984375 0.472532408203125
2 0.693359375 0.1328125 0.03515625 0.041015625
0 0.697265625 0.2041015625 0.03515625 0.041015625
3 0.69921875 0.2763671875 0.03515625 0.041015625
7 0.7021484375 0.3515625 0.03515625 0.041015625
1 0.7060546875 0.4228515625 0.03515625 0.041015625
10 0.708984375 0.49609375 0.03515625 0.041015625
6 0.7138671875 0.5703125 0.03515625 0.046875
8 0.716796875 0.64453125 0.03515625 0.046875
5 0.720703125 0.720703125 0.03515625 0.046875
4 0.724609375 0.80078125 0.03515625 0.048828125