9 0.5 0.5 1 1
11 0.101857142578125 0.385416169921875 0.00075462890625 0.385416169921875 0 0.42786284765625 0.277695767578125 0.427296875 0.882876322265625 0.429560515625 0.882121693359375 0.39107564453125 0.37879828125 0.388811755859375 0.101857142578125 0.385416169921875
2 0.146484375 0.40625 0.0576171875 0.041015625
0 0.2314453125 0.40625 0.0556640625 0.0400390625
3 0.3134765625 0.408203125 0.0556640625 0.0400390625
7 0.396484375 0.408203125 0.0517578125 0.041015625
1 0.474609375 0.4091796875 0.05078125 0.0400390625
10 0.552734375 0.4091796875 0.0498046875 0.0390625
6 0.62890625 0.41015625 0.0498046875 0.0380859375
8 0.705078125 0.41015625 0.0498046875 0.0390625
5 0.7802734375 0.41015625 0.0478515625 0.037109375
4 0.8564453125 0.41015625 0.05078125 0.037109375