9 0.5 0.5 1 1
11 0.313334986328125 0.2938194453125 0.31015376953125 0.089817708984375 0.25501554296875 0.089022322265625 0.258726521484375 0.299012400390625 0.2741018515625 0.847396330078125 0.32658928515625 0.848191716796875 0.3239384921875 0.676382193359375 0.313334986328125 0.2938194453125
4 0.298828125 0.826171875 0.05078125 0.0390625
5 0.2978515625 0.7646484375 0.05078125 0.0390625
8 0.2958984375 0.705078125 0.05078125 0.0390625
6 0.29296875 0.6455078125 0.05078125 0.0390625
10 0.2919921875 0.583984375 0.05078125 0.0390625
1 0.291015625 0.521484375 0.05078125 0.0390625
7 0.2890625 0.4599609375 0.05078125 0.0390625
3 0.287109375 0.3935546875 0.05078125 0.0390625
0 0.2861328125 0.328125 0.05078125 0.0390625
2 0.283203125 0.2646484375 0.05078125 0.0390625