9 0.5 0.5 1 1
11 0.910380814453125 0.2168834765625 0.91463984765625 0.179178193359375 0.623480587890625 0.1687162265625 0.39542433203125 0.15946553125 0.028364744140625 0.1449538828125 0.022340162109375 0.183389513671875 0.2550830390625 0.19083051953125 0.55560505859375 0.2047630234375 0.910380814453125 0.2168834765625
2 0.20928179768812244 0.17047561750517998 0.05488391282215599 0.04347176798982266
0 0.28895048691247366 0.17455841889100476 0.054986271766068184 0.04542489298982266
3 0.36183441810878103 0.1779830466829177 0.05704175570998038 0.04746898624870499
7 0.43960116180508835 0.18118025382762482 0.056939396766068184 0.04551586124870499
1 0.5144893974733518 0.18353735086065545 0.056939396766068295 0.04551586124870499
10 0.5883498911696592 0.18691649452312722 0.056939396766068295 0.04551586124870499
6 0.6642146893379226 0.1892281074267167 0.056939396766068295 0.04551586124870499
8 0.737200979478142 0.19069961021862963 0.05704175570998027 0.04746898624870499
5 0.8120892151464054 0.19305670725166024 0.05879016282215588 0.04365370450758732
4 0.8859497088427128 0.19643585091413202 0.05683703782215588 0.04356273624870499