9 0.5 0.5 1 1
11 0.079606966796875 0.2796860625 0.074406177734375 0.31125626953125 0.355269197265625 0.359217833984375 0.8538842265625 0.441059509765625 0.863609494140625 0.4084510390625 0.079606966796875 0.2796860625
2 0.263671875 0.32728685003579383 0.044921875 0.033725838339431546
0 0.326171875 0.3377797283776116 0.046875 0.03765481500636336
3 0.388671875 0.3482726067194294 0.044921875 0.035678963339431546
7 0.451171875 0.35876548506124717 0.044921875 0.035678963339431546
1 0.513671875 0.36925836340306495 0.044921875 0.035678963339431435
10 0.576171875 0.37975124174488273 0.046875 0.03765481500636336
6 0.640625 0.3892902842536324 0.044921875 0.035678963339431546
8 0.7041015625 0.39979452592891607 0.046875 0.03765481500636336
5 0.76953125 0.40934493177113157 0.044921875 0.035678963339431546
4 0.8349609375 0.4208484626133471 0.046875 0.03765481500636336