9 0.5 0.5 1 1
11 0.355540642578125 0.1959736875 0.13403894921875 0.2181846015625 0.008129095703125 0.2327868671875 0.009488953125 0.27172804296875 0.20428884765625 0.25185112109375 0.36259965625 0.236534115234375 0.5164873203125 0.22102706640625 0.66883669921875 0.20509138671875 0.908997669921875 0.180781181640625 0.90121715234375 0.140280171875 0.838652404296875 0.146566697265625 0.66610574609375 0.16417276171875 0.513034951171875 0.180168357421875 0.355540642578125 0.1959736875
2 0.16806798683797408 0.23589053932136453 0.054303081442012124 0.047993302581424924
0 0.24480719657049266 0.22866517411641207 0.058209331442012124 0.04822081573560455
3 0.3176060539890545 0.22023573325728002 0.060230661069925695 0.050287697312694335
7 0.3962983887215731 0.21312412462941738 0.058277536069925695 0.05017394073560455
1 0.47300349614013487 0.2049221969244649 0.058209331442012124 0.04822081573560455
10 0.5526382910586967 0.19689090408514717 0.058209331442012235 0.04822081573560455
6 0.6303540632912152 0.1897224171687396 0.062251990697839155 0.05235457888978412
8 0.7098865512679067 0.1787614368294219 0.062251990697839155 0.052354578889784176
5 0.7924510336864685 0.17090077885573887 0.062251990697839155 0.052354578889784176
4 0.8759579762910734 0.16212043667060078 0.058209331442012235 0.04822081573560455