9 0.5 0.5 1 1
11 0.699814673828125 0.715440080078125 0.810040765625 0.6963578203125 0.80172746875 0.64666737890625 0.592425607421875 0.690586099609375 0.141205271484375 0.79288732421875 0.14765226953125 0.835311865234375 0.699814673828125 0.715440080078125
4 0.7860174664013647 0.6741685606644124 0.049240174730940334 0.05433322510489069
5 0.7260377967363942 0.6874715915268776 0.045242956472058005 0.05208410217948334
8 0.6700098612008649 0.6995020619639354 0.045242956472058005 0.05208410217948334
6 0.6131418155536592 0.708676844382345 0.045242956472058005 0.05208410217948334
10 0.5599525992592476 0.7224384413753471 0.045242956472058005 0.05208410217948334
1 0.5078763978531594 0.7331963513869972 0.045242956472058005 0.05208410217948334
7 0.4557547123176301 0.7449308238986474 0.045242956472058005 0.05208410217948334
3 0.4026564642821009 0.7567392958916495 0.045242956472058005 0.05208410217948334
0 0.35350995037601274 0.7672752074592439 0.045242956472058005 0.05208410217948334
2 0.30329590571104226 0.7798382435081904 0.043289831472058005 0.05193610321677933