9 0.5 0.5 1 1
11 0 0.606839451171875 0.730217787109375 0.521398396484375 0.72994866015625 0.48935215234375 0 0.5596961875 0 0.606839451171875
2 0.14811034084302183 0.5676228399941553 0.05694041486710971 0.039300220955705845
0 0.23706484230804586 0.5576812308158254 0.05694041486710977 0.039300220955705845
3 0.3179565198989466 0.5510538757866804 0.052783840992986386 0.03509797303029827
7 0.3891451534583782 0.5427099634440165 0.048877590992986386 0.03480197510489069
1 0.45532581258074806 0.5359491786945931 0.040814767118863116 0.030303729254075762
10 0.5136939717031179 0.5285963980943547 0.04081476711886323 0.030303729254075762
6 0.5690072813884262 0.5229747440500605 0.04081476711886323 0.030303729254075762
8 0.6204769220422652 0.5160805295803588 0.03703367905592492 0.031960856328668186
5 0.668829132290512 0.5118940041666014 0.03300226711886323 0.029711733403260387
4 0.7154159604443511 0.5046297922901402 0.03300226711886323 0.02971173340326061