9 0.5 0.5 1 1
11 0.50599950390625 0.012333333984375 0.470725447265625 0.000372685546875 0.452027529296875 1 0.485329365234375 0.99923445703125 0.50599950390625 0.012333333984375
2 0.4697265625 0.912109375 0.029296875 0.03515625
0 0.4716796875 0.8232421875 0.029296875 0.046875
3 0.4765625 0.734375 0.029296875 0.04296875
7 0.478515625 0.642578125 0.029296875 0.048828125
1 0.478515625 0.55078125 0.029296875 0.05078125
10 0.48046875 0.4560546875 0.03125 0.052734375
6 0.4833984375 0.361328125 0.03125 0.052734375
8 0.4873046875 0.259765625 0.03125 0.052734375
5 0.48828125 0.15625 0.03125 0.0625
4 0.490234375 0.044921875 0.03125 0.052734375