9 0.5 0.5 1 1
11 0.729399056640625 0.718032408203125 0.483619046875 0.48038558203125 0.199868798828125 0.211692791015625 0.174473958984375 0.259685185546875 0.369682787109375 0.4370181875 0.7178740078125 0.7568740078125 0.729399056640625 0.718032408203125
2 0.2939453125 0.333984375 0.029296875 0.041015625
0 0.3525390625 0.388671875 0.02734375 0.044921875
3 0.4052734375 0.4384765625 0.029296875 0.04296875
7 0.4560546875 0.486328125 0.0234375 0.046875
1 0.5029296875 0.529296875 0.0234375 0.0390625
10 0.5478515625 0.572265625 0.0234375 0.04296875
6 0.59375 0.61328125 0.0234375 0.04296875
8 0.6328125 0.65234375 0.0234375 0.0390625
5 0.673828125 0.6904296875 0.01953125 0.0390625
4 0.7119140625 0.7265625 0.01953125 0.037109375