9 0.5 0.5 1 1
11 0.800594576171875 0.270654017578125 0.635810515625 0.2798055546875 0.514473544921875 0.285906498046875 0.312062830078125 0.293532490234375 0.2358961640625 0.296278025390625 0.168354828125 0.297498263671875 0.178119708984375 0.32251215234375 0.324594576171875 0.315801091796875 0.460897486328125 0.310005208984375 0.5329143515625 0.30603943359375 0.658879298828125 0.299328373046875 0.775140873046875 0.2923125 0.900685515625 0.28255084375 0.89173445703125 0.26272271875 0.800594576171875 0.270654017578125
2 0.78125 0.279296875 0.01953125 0.015625
0 0.728515625 0.2841796875 0.017578125 0.021484375
3 0.6728515625 0.2841796875 0.01953125 0.01953125
7 0.61328125 0.2880859375 0.01953125 0.021484375
1 0.5537109375 0.2919921875 0.025390625 0.01953125
10 0.48828125 0.296875 0.02734375 0.021484375
6 0.421875 0.298828125 0.029296875 0.0234375
8 0.353515625 0.30078125 0.033203125 0.025390625
5 0.279296875 0.3046875 0.0390625 0.025390625
6 0.2001953125 0.3076171875 0.044921875 0.02734375