9 0.5 0.5 1 1
11 0.118679232421875 0.73399181640625 0.1622146171875 0.75456696484375 0.827259259765625 0.19226016796875 0.790880291015625 0.16810689453125 0.118679232421875 0.73399181640625
2 0.3349609375 0.5791015625 0.04296875 0.01953125
0 0.38671875 0.5361328125 0.04296875 0.01953125
3 0.435546875 0.494140625 0.04296875 0.01953125
7 0.48828125 0.4501953125 0.04296875 0.01953125
1 0.537109375 0.41015625 0.04296875 0.01953125
10 0.5869140625 0.3671875 0.04296875 0.01953125
6 0.6376953125 0.32421875 0.04296875 0.01953125
5 0.7392578125 0.2373046875 0.04296875 0.01953125
8 0.6875 0.2822265625 0.04296875 0.01953125
4 0.79296875 0.1943359375 0.04296875 0.01953125