9 0.5 0.5 1 1
11 0.848639384765625 0.8151481484375 0.37673387890625 0.8059970234375 0.1290302578125 0.8064818125 0.128265625 0.860009259765625 0.853992064453125 0.86969510546875 0.848639384765625 0.8151481484375
4 0.8330078125 0.841796875 0.03515625 0.0546875
5 0.7705078125 0.8388671875 0.03515625 0.0546875
8 0.7099609375 0.8388671875 0.03515625 0.0546875
6 0.6494140625 0.837890625 0.03515625 0.0546875
10 0.5888671875 0.8349609375 0.03515625 0.0546875
1 0.5302734375 0.833984375 0.03515625 0.0546875
7 0.466796875 0.8349609375 0.03515625 0.0546875
3 0.4052734375 0.8349609375 0.03515625 0.0546875
0 0.345703125 0.8330078125 0.03515625 0.0546875
2 0.2822265625 0.8349609375 0.03515625 0.0546875