9 0.5 0.5 1 1
11 0.682663935546875 1 0.684404064453125 0.9987964296875 0.693389650390625 0.99471551953125 0.70115051171875 0.99211291796875 0.70500100390625 0.99142372265625 0.361793642578125 0.16961594921875 0.35992826953125 0.16873633984375 0.32874775 0.193708125 0.32688087890625 0.196537548828125 0.32604795703125 0.198838490234375 0.581685533203125 0.813140748046875 0.6282828203125 0.9232878359375 0.660844859375 1 0.682663935546875 1
2 0.6036742869151592 0.8101084506044682 0.03570576969597594 0.04509650293004808
0 0.577154816459123 0.7437153155800127 0.035592013118886046 0.04314337793004808
3 0.5496019052145419 0.6782361620870262 0.03570576969597594 0.04509650293004808
7 0.5213568229126853 0.607811615125509 0.03765889469597594 0.04522166486710977
1 0.4938039116681041 0.5423324616325226 0.03570576969597594 0.04509650293004808
10 0.46521755963497813 0.47776728967100535 0.03570576969597583 0.04509650293004808
6 0.4378352832560317 0.4093584486780189 0.03547825654179615 0.04119025293004808
8 0.4092489312229056 0.3447932767165016 0.03352513154179615 0.041065090992986386
5 0.38198041142104905 0.27443131072351523 0.03547825654179626 0.04119025293004808
4 0.35172532583064753 0.20485816432493634 0.03570576969597583 0.04509650293004808