9 0.5 0.5 1 1
11 0.39270902734375 0.51084886328125 0.359468533203125 0.87267068359375 0.397881115234375 0.880796693359375 0.44426959375 0.307456 0.462199166015625 0.06577044921875 0.4307309375 0.061809671875 0.422180814453125 0.146482615234375 0.39270902734375 0.51084886328125
2 0.434100636934712 0.21775413172340646 0.04066135010489069 0.04730680667170428
0 0.4289969792598811 0.27916393588874744 0.04066135010489069 0.04730680667170439
3 0.4232127570104577 0.3444686267206225 0.04276247406759448 0.0492826583386361
7 0.41945565924238626 0.4107726067194294 0.04276247406759448 0.0492826583386361
1 0.4128428734556666 0.4780190592178386 0.04291047303029827 0.0512357833386361
10 0.4083312116316508 0.5472413633831795 0.04291047303029827 0.0512357833386361
6 0.4020144237703388 0.6183940658815887 0.045011596993002057 0.0532116350055678
8 0.39577163539037863 0.6905233308799978 0.043206470955705845 0.0551420333386361
5 0.388922281917178 0.7675240450449412 0.045159595955705845 0.0551647600055678
4 0.3823689263693848 0.8484310092098843 0.04545559388111342 0.0590710100055678