9 0.5 0.5 1 1
11 0.303941607421875 0.811525876953125 0.543687578125 0.830907376953125 0.824740806640625 0.8556756171875 0.829979611328125 0.81860672265625 0.55105176171875 0.7930222578125 0.310795037109375 0.772070294921875 0.139424484375 0.757562244140625 0.0523368671875 0.748452080078125 0.0550907109375 0.787833884765625 0.303941607421875 0.811525876953125
2 0.10625155852629034 0.775071921778356 0.0639612701144292 0.0537705231083383
0 0.18728571415833054 0.7822070766995861 0.06382469430985205 0.051817398108338075
3 0.2673433072903707 0.7894219477193377 0.0639612701144292 0.0537705231083383
7 0.3483091750201223 0.7955805401405678 0.0639612701144292 0.0537705231083383
1 0.4263453552498739 0.8019782808573626 0.05991844430985205 0.05149853371425195
10 0.5022918346750483 0.8065823287712006 0.05796531930985194 0.051339101517208885
6 0.5795563161116657 0.8159894730865169 0.05991844430985216 0.05149853371425195
8 0.6525731080368402 0.8208326692959198 0.05991844430985216 0.05149853371425195
5 0.7266347503643031 0.8265727119068009 0.05978186850527489 0.04954540871425195
4 0.8018778188986319 0.8351627259191605 0.05587561850527489 0.04922654432016538