9 0.5 0.5 1 1
11 0.345876140625 0.5634357421875 0.672151201171875 0.46058438671875 0.935769671875 0.376505677734375 0.9263118515625 0.308962501953125 0.07599815234375 0.5934801875 0.077474986328125 0.648964314453125 0.345876140625 0.5634357421875
2 0.7161469990978087 0.4121985338829719 0.04160917984777557 0.06318183847375858
0 0.6349149097917853 0.439121077511767 0.04535626235728962 0.0593437723211343
3 0.558724800476248 0.46222260094978185 0.043482721102532595 0.06126280539744644
7 0.4833918780428461 0.4882708578496407 0.03965605484777557 0.0631477465500706
1 0.41501426872730873 0.5115087489824073 0.03754376235728962 0.05920740462638263
10 0.34777238940225735 0.5308574360770177 0.03543146986680368 0.05526706270269477
6 0.28130811321409854 0.5551059816334724 0.03559063735728962 0.05917331270269477
8 0.2189490463890471 0.5745398985373027 0.03754376235728968 0.05920740462638263
5 0.15658997956399573 0.5939738154411331 0.033398761121560705 0.053279845779006685
4 0.09614424586632284 0.6144183867686513 0.033557928612046706 0.05718609577900691