9 0.5 0.5 1 1
11 0.187925595703125 0.956729498046875 0.23017633984375 0.95577480078125 0.2115575390625 0.019096560546875 0.169306794921875 0.020051255859375 0.187925595703125 0.956729498046875
2 0.1923828125 0.16015625 0.041015625 0.0546875
0 0.193359375 0.2451171875 0.04296875 0.0546875
3 0.1953125 0.3291015625 0.04296875 0.056640625
7 0.197265625 0.4150390625 0.04296875 0.0546875
1 0.2001953125 0.5 0.04296875 0.0546875
10 0.2021484375 0.5849609375 0.04296875 0.0546875
6 0.2041015625 0.669921875 0.04296875 0.0546875
8 0.205078125 0.7548828125 0.04296875 0.056640625
5 0.20703125 0.841796875 0.04296875 0.0546875
4 0.208984375 0.9287109375 0.0390625 0.0546875