9 0.5 0.5 1 1
11 0.29451825390625 0.01543591796875 0.2430667265625 0.019061158203125 0.1693752109375 0.72285640625 0.222979125 0.720367873046875 0.2663184609375 0.30031275 0.29451825390625 0.01543591796875
2 0.2531295418498522 0.1619368724638085 0.05396989394086338 0.039653393340226994
0 0.24639345093855713 0.2205533491307403 0.05396989394086338 0.03965339334022694
3 0.24161048502726207 0.2791470991307403 0.055763586743820204 0.0377229950071587
7 0.2357712405174454 0.33872877496420617 0.05592301894086338 0.0396761200071587
1 0.23009142820467193 0.39635732579767213 0.05787614394086338 0.039698846674090627
10 0.22522874619485522 0.45592763829767213 0.05608245113790655 0.0416292450071587
6 0.218333223086517 0.516497239964604 0.05608245113790655 0.0416292450071587
8 0.21241426247817877 0.5770554782980698 0.05608245113790655 0.0416292450071587
5 0.20446246077131894 0.6386130057984676 0.05608245113790655 0.04162924500715892
4 0.19838406796593752 0.7011243691319334 0.05412932613790655 0.041606518340226994