9 0.5 0.5 1 1
11 0.386179982421875 0.47410069921875 0.387003841796875 0.477063171875 0.438114525390625 0.4838514921875 0.44143355078125 0.481550904296875 0.462206771484375 0.4840755859375 0.463830548828125 0.486855578125 0.51204773046875 0.493789833984375 0.516107171875 0.49209198828125 0.5345100390625 0.494771732421875 0.53594662890625 0.496565513671875 0.58289458203125 0.50288829296875 0.5851368984375 0.500962041015625 0.607174056640625 0.5040981015625 0.606808365234375 0.505467544921875 0.6550549453125 0.512009431640625 0.655712271484375 0.510252201171875 0.676964375 0.513374560546875 0.677047798828125 0.5157345390625 0.926686439453125 0.548197576171875 0.953282900390625 0.5292043203125 0.952997404296875 0.526054556640625 0.529226595703125 0.46849611328125 0.078629615234375 0.3975406328125 0.08506524609375 0.409445578125 0.0884967890625 0.42640801171875 0.22794505078125 0.449972181640625 0.228154095703125 0.451491474609375 0.281385859375 0.459889333984375 0.285968798828125 0.458200375 0.307423306640625 0.4621125234375 0.31064694140625 0.464527314453125 0.36217696875 0.472699029296875 0.3655257421875 0.47000583203125 0.386179982421875 0.47410069921875
2 0.2578638573543533 0.4425796966295008 0.05226123962703777 0.020417640015885974
0 0.3390071135781306 0.4557303074243937 0.04444873962703788 0.020281272321134303
3 0.4153415567832598 0.4678191259100667 0.04444873962703788 0.020281272321134303
7 0.4937031244697409 0.47896547381942767 0.04054248962703777 0.020213088473758467
1 0.5672558791375739 0.48905002941956877 0.04430074066433409 0.018328147321134303
10 0.6408826332867588 0.49815802251971 0.03468311462703788 0.02011081270269477
6 0.7114317009732398 0.5091680027343193 0.03272998962703788 0.020076720779006685
8 0.7811522051224248 0.5182078119870845 0.02687061462703788 0.019974445007943098
5 0.8499701462529616 0.5262540127780059 0.02491748962703788 0.019940353084255014
4 0.9216437754021465 0.5353279139544591 0.02101123962703788 0.01987216923687929