9 0.5 0.5 1 1
11 0.15875774609375 0.685791728515625 0.177760673828125 0.740628716796875 0.931754681640625 0.299051658203125 0.89330963671875 0.22506443359375 0.15875774609375 0.685791728515625
2 0.7254333613924048 0.3750985743701569 0.06418200109210082 0.07627080698597277
0 0.6494668706057729 0.4209359278562217 0.06013937262517377 0.07016110811184961
3 0.5763618780856774 0.4640313367478789 0.05427999762517377 0.06978562230066454
7 0.5110011963321185 0.5046977058877827 0.05032828813619794 0.06758217342654138
1 0.45045513784509594 0.5427472923703407 0.0482842441582465 0.06355076148947969
10 0.3918167448690977 0.5789689157899603 0.046331119158246614 0.063425599552418
6 0.3360398501596359 0.6124485946151725 0.046285659669270895 0.061472474552418
8 0.28314718346119844 0.6441628913459772 0.04233395018029518 0.05926902567829462
5 0.23218491201827313 0.6750257875138432 0.03842770018029518 0.059018701804171236
4 0.1841068685863721 0.7041233015873021 0.04228849069131946 0.05731590067829462