9 0.5 0.5 1 1
11 0.951030009765625 0.5836097890625 0.9523038203125 0.540300595703125 0.948694693359375 0.5363376328125 0.136933283203125 0.449153109375 0.131625744140625 0.452833001953125 0.12822891796875 0.52246726171875 0.130343501953125 0.52614715625 0.1320419140625 0.5275625 0.193757689453125 0.53167195703125 0.196929564453125 0.530384919921875 0.947633431640625 0.58559126953125 0.951030009765625 0.5836097890625
4 0.162109375 0.4912109375 0.05859375 0.068359375
5 0.251953125 0.498046875 0.05078125 0.064453125
8 0.33203125 0.505859375 0.046875 0.060546875
6 0.4052734375 0.5126953125 0.041015625 0.05859375
10 0.4716796875 0.5185546875 0.0390625 0.05859375
1 0.53515625 0.525390625 0.0390625 0.05859375
7 0.5947265625 0.5283203125 0.03515625 0.0546875
3 0.650390625 0.533203125 0.033203125 0.05078125
0 0.703125 0.5390625 0.03125 0.05078125
2 0.751953125 0.5419921875 0.029296875 0.048828125