9 0.5 0.5 1 1
11 0.562722416015625 0.530065 0.573756576171875 0.537162478515625 0.57397451171875 0.5383516015625 0.596807966796875 0.555113037109375 0.59886236328125 0.5552397265625 0.61070243359375 0.563963109375 0.611081109375 0.56556740625 0.637079498046875 0.584432568359375 0.6390968203125 0.583893685546875 0.650227736328125 0.59198098828125 0.65009757421875 0.593580259765625 0.67738880078125 0.61307036328125 0.67952475390625 0.613180142578125 0.691831732421875 0.6221416640625 0.6924746484375 0.623802041015625 0.7190349609375 0.643109833984375 0.721075302734375 0.643464080078125 0.73886526171875 0.654634220703125 0.738569859375 0.6567176015625 0.768620439453125 0.677981984375 0.77075863671875 0.677642125 0.781173484375 0.645799818359375 0.780475681640625 0.642916177734375 0.73204755078125 0.6096763046875 0.580334169921875 0.506125228515625 0.448748326171875 0.415526740234375 0.307201064453125 0.31754105859375 0.30520130859375 0.3186376875 0.303265505859375 0.343634525390625 0.303862 0.346427296875 0.4136958203125 0.42449303515625 0.414931015625 0.425691287109375 0.4321427734375 0.438140236328125 0.4349657578125 0.439227310546875 0.442893068359375 0.445073158203125 0.44388153515625 0.446772751953125 0.46316425 0.460546474609375 0.465016275390625 0.460491375 0.472681349609375 0.46583155078125 0.472813482421875 0.467936814453125 0.493498005859375 0.482246875 0.495167044921875 0.482118515625 0.504981271484375 0.48902480078125 0.505115646484375 0.490680421875 0.52713809765625 0.505446533203125 0.528703826171875 0.50567689453125 0.53794121875 0.51307565234375 0.560912259765625 0.5298866640625 0.562722416015625 0.530065
4 0.7607788807507843 0.6513050816834917 0.02361930718159222 0.03206845553496285
5 0.7117405411970681 0.6168773848813309 0.02361930718159222 0.03206845553496285
8 0.668584302541051 0.5861513241954295 0.02361930718159222 0.03206845553496285
6 0.6283804772827328 0.5592292065676576 0.023596581283893414 0.028162205534962848
10 0.5891418515755653 0.530319861625929 0.019690331283893414 0.028025796279135706
1 0.5528613207405214 0.5061910222423301 0.01967896833504379 0.026072671279135706
7 0.5185395963799024 0.4829705407308176 0.01967896833504379 0.026072671279135706
3 0.48617667849370816 0.4606584170913915 0.01967896833504379 0.026072671279135706
0 0.4557668856075139 0.43827808882405184 0.019690331283893303 0.028025796279135706
2 0.4273215806701692 0.41778268092879856 0.01772584333504379 0.026004466651222136