9 0.5 0.5 1 1
11 0.643037720703125 0.202746060546875 0.623650296875 0.549071634765625 0.607786767578125 0.946171888671875 0.65297741796875 0.94946121875 0.661212744140625 0.55326925 0.674338173828125 0.205164078125 0.643037720703125 0.202746060546875
2 0.6355586109934684 0.727672198656448 0.0378593973211343 0.043616496550070494
0 0.6381352759696395 0.651568507503824 0.03779121347375858 0.039710246550070494
3 0.6418419171024059 0.5842709248130438 0.037757121550070494 0.037757121550070494
7 0.6426870545825485 0.5208284542367316 0.03378268770269477 0.03378268770269477
1 0.6465641553337547 0.4632964965459515 0.033748595779006685 0.03182956270269477
10 0.6485392689704927 0.4086601344314833 0.029842345779006685 0.03176137885531882
6 0.6514909451072308 0.35404081827885925 0.029808253855318823 0.029808253855318823
8 0.6535853804768766 0.3062403936643911 0.03172728693163096 0.027889220779006796
5 0.6547884831557422 0.263305735588079 0.029740070007942876 0.025902003855318823
4 0.656917010449076 0.21745843597361092 0.027752853084255236 0.02391478693163096