9 0.5 0.5 1 1
11 0.709201388671875 0.565666666015625 0.717656994140625 0.538216599609375 0.321842509765625 0.062810515625 0.304377232421875 0.0941240078125 0.709201388671875 0.565666666015625
4 0.3291015625 0.095703125 0.021484375 0.02734375
5 0.3671875 0.140625 0.01953125 0.029296875
8 0.4072265625 0.1884765625 0.015625 0.03515625
6 0.44140625 0.23046875 0.015625 0.03125
10 0.4736328125 0.26953125 0.017578125 0.0234375
1 0.50390625 0.3046875 0.015625 0.02734375
7 0.5322265625 0.337890625 0.01171875 0.02734375
3 0.560546875 0.37109375 0.013671875 0.02734375
0 0.5869140625 0.4033203125 0.009765625 0.03125
2 0.611328125 0.4326171875 0.013671875 0.0234375