9 0.5 0.5 1 1
11 1 0.5106124921875 0.49533663671875 0.51706540625 0.08924471875 0.51455690234375 0.1243428984375 0.5380940078125 0.4413119375 0.5399999375 0.781456005859375 0.542978716796875 0.95391154296875 0.541756615234375 1 0.539910044921875 1 0.5106124921875
2 0.8213074200933175 0.5307291860143108 0.06457261856156116 0.03049245530538136
0 0.7243686149800117 0.5315466386621523 0.05644125416747481 0.025948476517208885
3 0.6343454634652275 0.533898666499645 0.05253500416747503 0.025629612123122314
7 0.5499425386548786 0.5337993034282671 0.04862875416747481 0.025310747729036187
1 0.4722161191474865 0.5323048280465403 0.048469321970431745 0.023357622729036187
10 0.39733967104157286 0.5300729384603784 0.038703696970431745 0.022560461743820204
6 0.3226226551327024 0.5297941738742165 0.03691000416747481 0.02435415454677692
8 0.2577509803223535 0.5312891327732703 0.032844321970431634 0.02208216515269079
5 0.18971046971643984 0.5296152558767593 0.04017852537930222 0.01686051894086349
4 0.13151530020904775 0.5297151024654643 0.040178525379302166 0.01686051894086349