9 0.5 0.5 1 1
11 0.2367388359375 1 0.765256955078125 0.387536974609375 0.727249484375 0.3711716015625 0.172614689453125 1 0.2367388359375 1
2 0.38260055967847456 0.7961751141026034 0.043934862265731955 0.03696240351087954
0 0.42593119094668075 0.7454177689094321 0.05169053213245367 0.03569278369467588
3 0.4683420898481653 0.6965281105682861 0.043934862265732066 0.03696240351087976
7 0.5098332563829281 0.6495061390791657 0.041981737265732066 0.0367915272149304
1 0.5494281280509694 0.6042664162940963 0.041981737265731844 0.0367915272149304
10 0.5871267048522888 0.5608089422130776 0.038075487265731844 0.03644977462303234
6 0.6247968665869693 0.516374905632059 0.03997178213245367 0.03466752591898148
8 0.6616041260882064 0.47576168090306586 0.043821201999175274 0.03305615351087954
5 0.6974064080228043 0.4340864555260982 0.038075487265732066 0.03644977462303234
4 0.7332371050240414 0.39338779264913054 0.03985812186589688 0.030761275918981368