9 0.5 0.5 1 1
11 0.68978292578125 0.169323697265625 0.6905893515625 0.1662463359375 0.662889537109375 0.142459865234375 0.65824782421875 0.14448354296875 0.05747684765625 0.61767119921875 0.065598224609375 0.6220790625 0.074156087890625 0.627690556640625 0.080432171875 0.634205072265625 0.08422087890625 0.640251349609375 0.68978292578125 0.169323697265625
2 0.2255878908031767 0.510384885193732 0.0353153312838933 0.02836669239901024
0 0.2712704322750358 0.47461101832577335 0.0392215812838933 0.028480352665567032
3 0.31695297374689485 0.43883715145781454 0.0372684562838933 0.028423522532288636
7 0.3626355152187539 0.40306328458985585 0.04313919423274282 0.030547137932123825
1 0.40929461919061305 0.36731783278853625 0.03923294423274282 0.030433477665567032
10 0.45788412226477304 0.32772296112049504 0.041174706283893414 0.02853718279884543
6 0.5064906697622074 0.29105777695245383 0.04119743218159244 0.03244343279884543
8 0.5541149732852169 0.2533876152177734 0.04119743218159222 0.03244343279884543
5 0.6046519198849523 0.2128730111830106 0.04313919423274282 0.030547137932123714
4 0.657130628535838 0.17046211228152608 0.04705680718159222 0.032613923198680395