9 0.5 0.5 1 1
11 0.05075049609375 0.76323445703125 0.052294642578125 0.80852876953125 0.162336556640625 0.804411044921875 0.829467013671875 0.75963161328125 0.825220734375 0.70301355859375 0.434140625 0.73183730078125 0.05075049609375 0.76323445703125
4 0.8046875 0.7314453125 0.0390625 0.052734375
5 0.7431640625 0.7373046875 0.0390625 0.0546875
8 0.681640625 0.7412109375 0.03515625 0.05078125
6 0.623046875 0.744140625 0.03515625 0.05078125
10 0.56640625 0.748046875 0.03515625 0.048828125
1 0.5107421875 0.7529296875 0.03515625 0.048828125
7 0.455078125 0.755859375 0.03515625 0.048828125
3 0.3974609375 0.76171875 0.03515625 0.048828125
0 0.34375 0.765625 0.03515625 0.046875
2 0.2919921875 0.76953125 0.03125 0.044921875