9 0.5 0.5 1 1
11 0.80495105859375 0.2142998515625 0.4649556875 0.49712351171875 0.21968287109375 0.698214533203125 0.250927580078125 0.716497767578125 0.8390132265625 0.238795138671875 0.80495105859375 0.2142998515625
2 0.587890625 0.4189453125 0.03125 0.0234375
0 0.544921875 0.4541015625 0.033203125 0.01953125
3 0.501953125 0.4892578125 0.03125 0.01953125
7 0.4619140625 0.521484375 0.03125 0.01953125
1 0.4228515625 0.552734375 0.03125 0.017578125
10 0.3876953125 0.583984375 0.02734375 0.01953125
6 0.3505859375 0.61328125 0.029296875 0.015625
8 0.31640625 0.6416015625 0.02734375 0.017578125
5 0.28125 0.669921875 0.02734375 0.015625
4 0.24609375 0.697265625 0.02734375 0.015625