9 0.5 0.5 1 1
11 0.536193453125 0.5337771171875 0.84201413671875 0.757977513671875 0.916088044921875 0.810867724609375 0.93259424609375 0.758598544921875 0.841294890625 0.6973882265625 0.70869494140625 0.60227380859375 0.330005705078125 0.316882935546875 0.220628224609375 0.23378373046875 0.199461556640625 0.28029828125 0.310782986328125 0.365488095703125 0.536193453125 0.5337771171875
2 0.7275390625 0.64453125 0.03125 0.041015625
0 0.6728515625 0.6064453125 0.029296875 0.0390625
3 0.619140625 0.56640625 0.02734375 0.0390625
7 0.5654296875 0.525390625 0.0234375 0.04296875
1 0.513671875 0.486328125 0.025390625 0.04296875
10 0.458984375 0.4453125 0.025390625 0.04296875
6 0.404296875 0.404296875 0.025390625 0.04296875
8 0.3486328125 0.3623046875 0.025390625 0.04296875
5 0.2900390625 0.3173828125 0.02734375 0.04296875
4 0.23046875 0.2724609375 0.025390625 0.046875