9 0.5 0.5 1 1
11 0.773315662109375 0.8908588671875 0.797768525390625 0.887739171875 0.817635802734375 0.885843984375 0.4272339296875 0.38805210546875 0.423573654296875 0.386905765625 0.419069560546875 0.388526466796875 0.39527597265625 0.40044301171875 0.393079513671875 0.403628830078125 0.39315869140625 0.40702236328125 0.7425493515625 0.89904177734375 0.7547165625 0.89493670703125 0.773315662109375 0.8908588671875
2 0.6688299664013646 0.7445097250954502 0.05232771040099937 0.033794018340226994
0 0.6274772492795109 0.6883343125894845 0.052236742142117265 0.031840893340226994
3 0.5906889557515689 0.6390516542508484 0.04619543062435261 0.027866463339431657
7 0.5575794915764212 0.594697261746076 0.04619543062435261 0.027866463339431657
1 0.5310785442540675 0.5553052250755648 0.042198212365470056 0.025867885005567803
10 0.5023970512845082 0.5207732742381217 0.04183433932994096 0.018055385005567803
6 0.4785983708149488 0.4862981400680082 0.03597496432994096 0.017987205004772466
8 0.45457226969818365 0.45670581839789476 0.029933652812176303 0.01401277500397713
5 0.43156821521085964 0.42614829756124717 0.03020655758882329 0.01987215000397713
4 0.4141051468174475 0.40249489422539503 0.022121152812176303 0.013921868336249865