9 0.5 0.5 1 1
11 0.964963578125 0.830492533203125 0.014330634765625 0.6157025 0.01539948046875 0.6616244609375 0.956020283203125 0.878648501953125 0.964963578125 0.830492533203125
2 0.8481718181253045 0.8289834076125517 0.06763365620234385 0.05350708167568152
0 0.7519686387465718 0.8063854259328931 0.06372740620234385 0.05346162834181767
3 0.6567647516123271 0.7847753700867006 0.07158536569131946 0.05550566000954493
7 0.5644678222335944 0.7622228417409056 0.06763365620234385 0.05350708167568152
1 0.47321564458832527 0.7426113642285767 0.06568053120234374 0.053484355008749596
10 0.38387113245408044 0.7210694883831795 0.06372740620234385 0.05346162834181789
6 0.2955486423088114 0.7014921008712482 0.06172882171336802 0.051485776674885964
8 0.20917927716354223 0.6819374400262488 0.0637274062023438 0.05346162834181789
5 0.12183334951827313 0.6623714158477834 0.059775696713368076 0.05146305000795426
4 0.03937023437300401 0.6428622083366475 0.050010071713368104 0.05134941667329507