9 0.5 0.5 1 1
11 0.572907296875 0.187037341796875 0.412515669921875 0.17578453125 0.186942373046875 0.159941126953125 0.01628258984375 0.150532263671875 0.01679455078125 0.18838549609375 0.251158673828125 0.204447765625 0.41227921484375 0.216311966796875 0.56900930078125 0.227245341796875 0.724277703125 0.23750340234375 0.9688943359375 0.2544601015625 0.9683983515625 0.213868521484375 0.9046812265625 0.20940594140625 0.728908138671875 0.197359052734375 0.572907296875 0.187037341796875
2 0.2178916767284949 0.18303212488642867 0.05002155779884543 0.04357459859780477
0 0.29604509179513405 0.1881030451429163 0.05392780779884543 0.043779316485629105
3 0.37029225686177325 0.1929692475115795 0.05588093279884543 0.043881675429541356
7 0.45042721199505165 0.1991190892119793 0.053984637932123825 0.04573244148562916
1 0.5285806270616908 0.20419000946846688 0.05392780779884543 0.04377931648562916
10 0.6096921446949691 0.21039103064082276 0.05392780779884543 0.04377931648562916
6 0.6888221222616083 0.21551313036926645 0.057890887932123825 0.045937159373453496
8 0.7708249571949692 0.21883564351357843 0.057890887932123825 0.04593715937345355
5 0.8548661623282474 0.22519020310180257 0.057890887932123825 0.045937159373453496
4 0.9398555148948866 0.23061937966198284 0.05392780779884543 0.043779316485629105