9 0.5 0.5 1 1
11 0.740437748046875 0.341490740234375 0.784798115234375 0.340766203125 0.777597470703125 0.286406083984375 0.337686259765625 0.287130953125 0.029972470703125 0.279882935546875 0.029429068359375 0.33931646875 0.14734821484375 0.3400413359375 0.46055133984375 0.3429404765625 0.740437748046875 0.341490740234375
4 0.05078125 0.310546875 0.0390625 0.05078125
5 0.115234375 0.3125 0.033203125 0.052734375
8 0.17578125 0.3125 0.03515625 0.05078125
6 0.2353515625 0.3125 0.0390625 0.05078125
10 0.2998046875 0.3134765625 0.037109375 0.05078125
1 0.3603515625 0.314453125 0.0390625 0.05078125
7 0.421875 0.3134765625 0.037109375 0.05078125
3 0.484375 0.314453125 0.037109375 0.05078125
0 0.5458984375 0.3134765625 0.0390625 0.05078125
2 0.609375 0.3134765625 0.0390625 0.0546875