9 0.5 0.5 1 1
11 0.080345876953125 0.230029185546875 0.07438101953125 0.289357208984375 0.838455681640625 0.40981642578125 0.84610486328125 0.3598977421875 0.080345876953125 0.230029185546875
2 0.6816475446153485 0.3601377790888416 0.04681672303029849 0.05253209239534584
0 0.6232163628204777 0.35174331207350973 0.049065845955705845 0.056517926140588814
3 0.563660619562903 0.34143551193079946 0.049065845955705845 0.056517926140588814
7 0.5032023132866804 0.33214406616071057 0.051018970955705845 0.05659750988583179
1 0.43974032002910585 0.32199543350848625 0.051018970955705845 0.05659750988583179
10 0.3762043272901794 0.31087023835626193 0.052972095955705845 0.05667709363107476
6 0.3107152095512529 0.2998246269492806 0.051018970955705845 0.05659750988583179
8 0.24214840534962268 0.2869452661601637 0.052972095955705845 0.05667709363107476
5 0.17170247562934432 0.27512205161628983 0.05312009491840963 0.05863021863107476
4 0.09930342090906596 0.26337842081765894 0.052824096993002057 0.05472396863107476