9 0.5 0.5 1 1
11 0.310285609375 0.720726927734375 0.339683791015625 0.738583970703125 0.805329302734375 0.225604798828125 0.751241275390625 0.199116623046875 0.310285609375 0.720726927734375
2 0.6549157626775282 0.35110177945339816 0.049904211743820204 0.039565989653892575
0 0.6052109217662331 0.4073412737434178 0.04779165454677692 0.03751050570998038
3 0.5608671899460675 0.4579772903932179 0.045679097349733855 0.035455021766068184
7 0.5207485725199883 0.5049117749308424 0.04161341515269079 0.033297178878243905
1 0.4848550694879954 0.5481447273562912 0.039500857955647506 0.031241694934331488
10 0.4503367094486105 0.5865460467536963 0.03152892575860444 0.028879134158682707
6 0.4207808780077471 0.6242267010108817 0.03152892575860444 0.028879134158682707
8 0.39056734846097 0.657949925796111 0.03316318636451798 0.025075243102595124
5 0.3644195011112361 0.6899247434691647 0.025350686364518094 0.024665807326946343
4 0.3363982448600239 0.7208206396983062 0.027303811364518094 0.024768166270858538