9 0.5 0.5 1 1
11 0.828903439453125 0.69710987109375 0.8055029765625 0.47701165625 0.78706646875 0.285921626953125 0.77642989453125 0.19433358203125 0.73696428515625 0.2057313984375 0.749483796875 0.368427580078125 0.765083994140625 0.564394841796875 0.784229828125 0.757716517578125 0.78706646875 0.802374255859375 0.840958001953125 0.800779265625 0.828903439453125 0.69710987109375
4 0.8115234375 0.7802734375 0.046875 0.03515625
5 0.8056640625 0.724609375 0.044921875 0.03515625
8 0.80078125 0.6689453125 0.046875 0.03515625
6 0.7958984375 0.6162109375 0.044921875 0.03125
10 0.7900390625 0.5625 0.04296875 0.03125
1 0.7841796875 0.51171875 0.04296875 0.03125
7 0.7802734375 0.4619140625 0.041015625 0.03125
3 0.775390625 0.412109375 0.04296875 0.03125
0 0.7734375 0.365234375 0.041015625 0.03125
2 0.7685546875 0.31640625 0.041015625 0.03125