9 0.5 0.5 1 1
11 0.96812980859375 0.55187925 0.132183580078125 0.433444078125 0.03145764453125 0.42262250390625 0.027716072265625 0.4325033125 0.029367615234375 0.458275287109375 0.385963166015625 0.513352435546875 0.947618861328125 0.602755333984375 0.96812980859375 0.55187925
2 0.22805546151716624 0.4655208547669182 0.04679930405592475 0.032700851142186904
0 0.2916193379821903 0.4773864504603973 0.05120620180417146 0.04080934906759448
3 0.3549954715416218 0.4863223586538763 0.04729995180417146 0.040513351142186904
7 0.42533270453811506 0.49669339547789215 0.04925307680417135 0.04066135010489069
1 0.4967090810031391 0.507966995320556 0.04742511374123304 0.042466476142186904
10 0.5719291264996322 0.5179680347378124 0.05145652567829462 0.04471559906759448
6 0.6522197274017181 0.5305287642483093 0.05536277567829462 0.045011596993002057
8 0.7335494717723345 0.5439920567774543 0.051706849552418 0.04862184906759448
5 0.821715153642951 0.5569373529371362 0.04401951148947969 0.04998297821677955
4 0.92276389091916 0.5718503433392433 0.07086261374123293 0.04424246369463236