9 0.5 0.5 1 1
11 0.721718361328125 0.261466666015625 0.71957698046875 0.26170033203125 0.690058451171875 0.321876720703125 0.6909073828125 0.323700095703125 0.6922410234375 0.325222525390625 0.681108115234375 0.349643853515625 0.67703215234375 0.349014853515625 0.649970146484375 0.407539087890625 0.649419078125 0.412531484375 0.6516416328125 0.413814669921875 0.640320453125 0.439711611328125 0.63790945703125 0.43990366796875 0.636374388671875 0.44117110546875 0.61052411328125 0.498001923828125 0.613810556640625 0.4988851640625 0.603081708984375 0.5233688515625 0.599566388671875 0.5241429921875 0.57491459375 0.58110971875 0.57494301171875 0.58788424609375 0.565964490234375 0.60762080078125 0.562490056640625 0.61009328125 0.540050025390625 0.66285825 0.540177138671875 0.668560685546875 0.5311172109375 0.688036439453125 0.5270096328125 0.690223509765625 0.50298625390625 0.746354791015625 0.505236259765625 0.748770455078125 0.495381576171875 0.76868768359375 0.491799140625 0.770391671875 0.46837057421875 0.82494841796875 0.470352037109375 0.831083794921875 0.460604830078125 0.8498893671875 0.45442434375 0.8570216875 0.432866923828125 0.90832079296875 0.435493990234375 0.911546810546875 0.42550486328125 0.931443291015625 0.420346548828125 0.93271605078125 0.397878509765625 0.986672580078125 0.4132090625 0.989298390625 0.431678025390625 0.98886851953125 0.596576767578125 0.61005421484375 0.69548145703125 0.39231943359375 0.794850609375 0.178868982421875 0.86274078125 0.0368345703125 0.829915435546875 0.031580951171875 0.765040419921875 0.169307943359375 0.76136373046875 0.17080901171875 0.733026630859375 0.23193848046875 0.734710609375 0.233138892578125 0.721718361328125 0.261466666015625
2 0.7641801333757388 0.20170187512113652 0.02821064102535198 0.06113784835668401
0 0.7218641718377108 0.2934086476561626 0.028301609284234086 0.06309097335668401
3 0.6786171319291241 0.3841615874356765 0.030527639060881295 0.06899580784565984
7 0.6363921386499785 0.47391523497070254 0.028392577543116637 0.06504409835668401
1 0.6002084568885974 0.5596262540388015 0.03184398624870499 0.05536939233463545
10 0.5609131511094518 0.6493117123403641 0.02739192669541124 0.04355972335668401
6 0.5217088135891885 0.7370440456419266 0.02730095843652869 0.04160659835668401
8 0.48686556736333675 0.8149198349655378 0.028890210400999372 0.03383955784565984
5 0.45170393223139693 0.8996315617891488 0.0289811786598817 0.03579268284565984
4 0.4169061701349864 0.9765307886127601 0.03243258736547017 0.026117976823611055