9 0.5 0.5 1 1
11 0.296564732421875 0.180119046875 0.29740228125 0.227033068359375 0.89355431640625 0.24400760546875 0.89466840234375 0.196898478515625 0.296564732421875 0.180119046875
2 0.783203125 0.2177734375 0.03515625 0.046875
0 0.73046875 0.216796875 0.033203125 0.046875
3 0.6796875 0.2158203125 0.03515625 0.046875
7 0.6259765625 0.21484375 0.033203125 0.046875
1 0.576171875 0.2138671875 0.03515625 0.048828125
10 0.5244140625 0.212890625 0.033203125 0.046875
6 0.47265625 0.2119140625 0.033203125 0.046875
8 0.421875 0.208984375 0.03515625 0.046875
5 0.369140625 0.20703125 0.033203125 0.046875
4 0.314453125 0.205078125 0.03515625 0.046875