9 0.5 0.5 1 1
11 0.26991741015625 0.005890873046875 0.224749751953125 0.00661640234375 0.23236855078125 0.999274470703125 0.28080133984375 1 0.275359375 0.5414305546875 0.26991741015625 0.005890873046875
2 0.255859375 0.8828125 0.046875 0.0625
0 0.2548828125 0.78125 0.046875 0.0625
3 0.2568359375 0.6884765625 0.046875 0.0625
7 0.25390625 0.5908203125 0.046875 0.0625
1 0.2529296875 0.498046875 0.046875 0.0625
10 0.2529296875 0.4052734375 0.046875 0.0625
6 0.251953125 0.3125 0.046875 0.0625
8 0.2509765625 0.220703125 0.046875 0.0625
4 0.248046875 0.0390625 0.046875 0.0625
5 0.2490234375 0.1318359375 0.046875 0.0625