9 0.5 0.5 1 1
11 0.722624255859375 0.066412037109375 0.7086884921875 0.056894841796875 0.6974717265625 0.045564814453125 0.68795461328125 0.03378174609375 0.246949900390625 0.851876654296875 0.247289681640625 0.85640873046875 0.277200892578125 0.884960318359375 0.280939732421875 0.8845069453125 0.722624255859375 0.066412037109375
4 0.2744140625 0.8466796875 0.029296875 0.0390625
5 0.3115234375 0.7802734375 0.02734375 0.0390625
8 0.345703125 0.7158203125 0.02734375 0.0390625
6 0.3818359375 0.6494140625 0.03125 0.0390625
10 0.4189453125 0.5830078125 0.02734375 0.04296875
1 0.4560546875 0.5146484375 0.02734375 0.04296875
7 0.4921875 0.4443359375 0.02734375 0.044921875
3 0.5302734375 0.3720703125 0.02734375 0.044921875
0 0.5693359375 0.30078125 0.02734375 0.046875
2 0.6103515625 0.2265625 0.02734375 0.048828125