9 0.5 0.5 1 1
11 0.43594659375 0.0957183046875 0.41434859375 0.10706671875 0.573412166015625 0.99417364453125 0.592193373046875 0.992096435546875 0.54539235546875 0.7068243828125 0.49330170703125 0.414573083984375 0.43594659375 0.0957183046875
2 0.5484428283390865 0.7996269792329515 0.019502111515149245 0.025595165002386233
0 0.5363529276631023 0.7302114983986902 0.01979810944055682 0.029501415002386233
3 0.5246330243938777 0.6656788300644289 0.024148356328668186 0.035406243336249865
7 0.5123951247551897 0.5943102242301674 0.022195231328667964 0.03538351666931794
1 0.5001572251165016 0.5229416183959062 0.024148356328668186 0.035406243336249865
10 0.4887478890151099 0.4496312508951108 0.022195231328667964 0.03538351666931805
6 0.4720857430069587 0.37138125422698587 0.02053810425407554 0.03926704000238623
8 0.4585752829428632 0.29609503505925866 0.02249122925407554 0.03928976666931805
5 0.44357026400930444 0.21396151505806552 0.024296355291371752 0.037359368336249865
4 0.4282692471503381 0.12792174505687237 0.02249122925407554 0.03928976666931805