9 0.5 0.5 1 1
11 0.8488112109375 0.738936509765625 0.69307748046875 0.772230798828125 0.505613576171875 0.812851638671875 0.321525560546875 0.856662001953125 0.278643970703125 0.865203943359375 0.29232312109375 0.91862818359375 0.390638763671875 0.89335591015625 0.599863783203125 0.841882515625 0.781936607421875 0.79906381640625 0.86879777734375 0.77674982421875 0.8488112109375 0.738936509765625
4 0.30608425527006283 0.8870366473594322 0.04584235693957395 0.0564013155319929
5 0.3585118029568715 0.8737631916795978 0.043855140015886085 0.054288758334949616
8 0.4119329591055242 0.861546014598285 0.04584235693957406 0.0564013155319929
6 0.46244147371602073 0.8500662517214073 0.039948890015885974 0.05396989394086349
10 0.5129329423646733 0.8376099263445298 0.03991479809219811 0.05201676894086349
1 0.561471286013326 0.824994168770609 0.03991479809219811 0.05201676894086349
7 0.6090842050475105 0.8152283825981665 0.03988070616851003 0.05006364394086349
3 0.6566630321580071 0.8035094714257243 0.03991479809219811 0.05201676894086349
0 0.7013803556158795 0.7954576619577172 0.03988070616851003 0.05006364394086349
2 0.7479996661882202 0.7846355971867531 0.03988070616851003 0.05006364394086349