9 0.5 0.5 1 1
11 0.659934369140625 0.74653852734375 0.692941287109375 0.722791388671875 0.0496885546875 0.2495190234375 0.018443361328125 0.268210388671875 0.659934369140625 0.74653852734375
2 0.1770398827197303 0.3665031379777117 0.03429439904661713 0.033183861810526794
0 0.22477673367311318 0.400597052404957 0.03234127404661713 0.03307010523343701
3 0.27345604481253927 0.43572440762074716 0.03611111479078999 0.02939136838761658
7 0.323986174010095 0.4738952069136272 0.03422619441870345 0.031230736810526794
1 0.37458450783556435 0.5101128812065072 0.03422619441870356 0.031230736810526682
10 0.4289526824052065 0.5504643186535667 0.03806423979078999 0.029505124964706475
6 0.48140183428880545 0.5897254370235365 0.03806423979078999 0.029505124964706475
8 0.5367465713584476 0.6301337527591411 0.03813244441870367 0.031458249964706475
5 0.5948845866722627 0.6746189533603804 0.04008556941870367 0.03157200654179615
4 0.6539991644860776 0.7191610322501645 0.04203869441870367 0.031685763118885824