9 0.5 0.5 1 1
11 0.9292328046875 0.37450396875 0.884589947265625 0.33234126953125 0.009920634765625 0.844494046875 0.013227513671875 0.91021825390625 0.9292328046875 0.37450396875
2 0.1044921875 0.8193359375 0.05078125 0.03515625
0 0.1884765625 0.7724609375 0.05859375 0.03515625
3 0.2724609375 0.7236328125 0.0498046875 0.0390625
7 0.3583984375 0.6728515625 0.056640625 0.03515625
1 0.4404296875 0.6220703125 0.0595703125 0.029296875
10 0.5263671875 0.5732421875 0.0595703125 0.0302734375
6 0.6103515625 0.5234375 0.0556640625 0.03515625
8 0.6953125 0.4736328125 0.056640625 0.03515625
5 0.78515625 0.421875 0.0595703125 0.0341796875
4 0.876953125 0.3701171875 0.05859375 0.0380859375