9 0.5 0.5 1 1
11 0.34932115625 0.906317267578125 0.401634490234375 0.90058123046875 0.260065076171875 0.169587310546875 0.207128513671875 0.177156150390625 0.34932115625 0.906317267578125
2 0.344354854077301 0.746872276903429 0.059684777735416694 0.048238784669270895
0 0.3321806926745665 0.6850988122140628 0.057686193246440975 0.04624020018029529
3 0.32100582351631995 0.6243246397691843 0.057686193246440975 0.04624020018029529
7 0.30980822461358554 0.5625739048243058 0.061637902735416694 0.0482842441582465
1 0.2967029601998268 0.5027308353904516 0.059684777735416805 0.048238784669270895
10 0.2865046535415802 0.44197939269006103 0.061637902735416694 0.0482842441582465
6 0.2743304921388458 0.38020592800069464 0.061637902735416694 0.0482842441582465
8 0.26122522772508705 0.3203628585668405 0.061637902735416694 0.048284244158246614
5 0.24902833657786477 0.25761283137747415 0.061637902735416694 0.048284244158246614
4 0.23487832043064255 0.19481734469913214 0.061637902735416694 0.048284244158246614