9 0.5 0.5 1 1
11 0.03862844140625 0.298745689453125 0.03027079296875 0.33256884375 0.80118492578125 0.5189504140625 0.80633687109375 0.485822111328125 0.03862844140625 0.298745689453125
2 0.12399065085556925 0.3371879110681132 0.04906674692583998 0.0438595394272453
0 0.19927118547194067 0.356215976786071 0.04711362192584001 0.04374578285015551
7 0.345914641755834 0.3920914700678068 0.04906674692584001 0.0438595394272453
1 0.4172832448977806 0.4099154601315849 0.04906674692584001 0.0438595394272453
10 0.4886461665653025 0.426762887695363 0.04711362192584001 0.04374578285015551
6 0.5619678947072492 0.44470063433623097 0.045149133976990496 0.041678901273065616
8 0.6333308163747711 0.4615480619000091 0.045149133976990496 0.041678901273065616
5 0.7046994195167178 0.4793720519637872 0.045149133976990274 0.041678901273065616
4 0.7780211476586644 0.49730979860465513 0.049055383976990496 0.0419064144272453
3 0.2706397886138873 0.3740399668498491 0.0471136219258399 0.04374578285015551