9 0.5 0.5 1 1
11 0.000532076171875 0.75916443359375 0.92387103125 0.774034970703125 0.92343353125 0.73104439453125 0.42007010546875 0.7217862109375 0.00070304296875 0.71726116015625 0.000532076171875 0.75916443359375
2 0.12890625 0.740234375 0.05078125 0.0390625
0 0.2109375 0.7412109375 0.05078125 0.037109375
3 0.29296875 0.7412109375 0.05078125 0.0390625
7 0.376953125 0.7421875 0.05078125 0.0390625
1 0.4599609375 0.7431640625 0.0546875 0.0390625
10 0.544921875 0.744140625 0.0546875 0.0390625
6 0.630859375 0.74609375 0.0546875 0.0390625
8 0.716796875 0.7490234375 0.0546875 0.0390625
5 0.8056640625 0.7509765625 0.0546875 0.0390625
4 0.896484375 0.7529296875 0.0546875 0.0390625