9 0.5 0.5 1 1
11 0.803912548828125 0.03899769921875 0.788103390625 0.95681093359375 0.84802145703125 0.953321103515625 0.869549248046875 0.03565745703125 0.803912548828125 0.03899769921875
2 0.8246551775706934 0.7392554711442612 0.060686019954293347 0.048334572312694224
0 0.8253320543803709 0.6696920204900815 0.06263914495429335 0.04844832888978412
3 0.8259179629311661 0.5981754448359019 0.062821081472058 0.05235457888978412
7 0.826367419093638 0.5237291816817222 0.06468323821317568 0.050515210466874017
1 0.8279298901444332 0.4521557277389977 0.06468323821317568 0.050515210466874017
10 0.8302415030480227 0.3756425830077283 0.062821081472058 0.05235457888978412
6 0.8315765534516121 0.2991863165650038 0.062821081472058 0.05235457888978412
8 0.8338881663552016 0.22267317183373433 0.06468323821317568 0.05051521046687396
5 0.8350412802410263 0.14231065539100982 0.0607769882131759 0.050287697312694335
4 0.8352633157562923 0.06298157973683018 0.06263914495429335 0.04844832888978415