9 0.5 0.5 1 1
11 0.729553404296875 0.531521884765625 0.713623134765625 0.483204291015625 0.3549199140625 0.59302230078125 0.0664231328125 0.684162736328125 0.07814852734375 0.73285394921875 0.349345865234375 0.649883201171875 0.729553404296875 0.531521884765625
2 0.22442127447859156 0.6619143112557897 0.039988099552418 0.04686669493433149
0 0.28273996760797504 0.6455050090451115 0.03986293761535631 0.04491356993433149
3 0.3380038113002969 0.626989043418565 0.03986293761535631 0.04491356993433149
7 0.3952833609611496 0.6095519992359308 0.03986293761535631 0.04491356993433149
1 0.447742679090533 0.5928356201935159 0.03790981261535631 0.044811210990419514
10 0.4991628537513857 0.5750914991791451 0.03375323874123293 0.040700243102595124
6 0.5517473338178309 0.5603282451367303 0.033628076804171236 0.038747118102595124
8 0.6022535269472142 0.5435095071504032 0.03375323874123293 0.040700243102595124
5 0.6520334814507212 0.5305458396921203 0.03583152567829462 0.0427557270465071
4 0.7035162370801046 0.5137782811777494 0.03778465067829462 0.042858085990419514