9 0.5 0.5 1 1
11 0.28862478515625 0.756303990234375 0.2900556796875 0.75777175390625 0.316884189453125 0.762370203125 0.31877386328125 0.761857076171875 0.3316064140625 0.764581298828125 0.33237717578125 0.76572212890625 0.362285501953125 0.771010919921875 0.377185693359375 0.773020955078125 0.4085215390625 0.779663107421875 0.423893908203125 0.782541328125 0.425388515625 0.783904763671875 0.45644393359375 0.79004921484375 0.458813607421875 0.789607833984375 0.472407912109375 0.7921051171875 0.474289123046875 0.793754068359375 0.50690319140625 0.79979126171875 0.524596140625 0.8030176640625 0.559749279296875 0.810460919921875 0.81168941015625 0.8603701796875 0.814107986328125 0.8582280390625 0.8263028828125 0.8102956953125 0.825431158203125 0.80800108203125 0.46786498046875 0.7429114765625 0.37283334375 0.7261335234375 0.3281309140625 0.718622837890625 0.284152921875 0.711448408203125 0.199919984375 0.69788683203125 0.132225708984375 0.68750106640625 0.1291275 0.68999671875 0.1210345 0.726588041015625 0.12224626171875 0.729161513671875 0.2024805625 0.74234146875 0.23160485546875 0.747170822265625 0.24453684375 0.74922694140625 0.244597126953125 0.749919375 0.272721927734375 0.754371166015625 0.27487194140625 0.754124587890625 0.28862478515625 0.756303990234375
4 0.13949142288959215 0.7104932842234444 0.03866375833494973 0.04460617865988192
5 0.1806864494043763 0.7183030916574744 0.03866375833494973 0.04460617865988192
8 0.22301747061620364 0.7241142899620634 0.03866375833494973 0.04460617865988192
6 0.26429221322950935 0.7309475348960934 0.03866375833494973 0.0446061786598817
10 0.3084966433428151 0.7376443274418001 0.03866375833494973 0.04460617865988192
7 0.39756320167534026 0.7548986784037721 0.040935747729036076 0.04860339691876403
1 0.35156507875907766 0.7463397291169478 0.03866375833494973 0.0446061786598817
3 0.44641129599308127 0.7642977378022728 0.04304830492607925 0.05064749017764658
0 0.4962359528108222 0.7736513130713325 0.043207737123122314 0.05260061517764636
2 0.5470371721285632 0.7829594042109509 0.045160862123122314 0.05269158343652869