9 0.5 0.5 1 1
11 0.72979731640625 0.562729328125 0.72713069140625 0.56018740625 0.67803203125 0.560074583984375 0.67363795703125 0.563776548828125 0.65256335546875 0.563979494140625 0.64968110546875 0.5613589375 0.64613319921875 0.560420623046875 0.600081248046875 0.56124903515625 0.59737665625 0.562463548828125 0.596627791015625 0.564625919921875 0.574718697265625 0.565153328125 0.572454642578125 0.562129419921875 0.5198347265625 0.5631559765625 0.519907279296875 0.566272580078125 0.4946715390625 0.567059353515625 0.493938376953125 0.564985533203125 0.440497392578125 0.564338525390625 0.438895169921875 0.56642598046875 0.412751349609375 0.566578623046875 0.411703193359375 0.5645865390625 0.355374083984375 0.564356134765625 0.355313875 0.56763330859375 0.328357900390625 0.567950490234375 0.327616994140625 0.56571691796875 0.32616280078125 0.5647663828125 0.2693358984375 0.565018271484375 0.26852366015625 0.56582224609375 0.26843748828125 0.568540033203125 0.2398852890625 0.5687866328125 0.23698787890625 0.565846572265625 0.17778322265625 0.566431935546875 0.17803397265625 0.569547498046875 0.146487056640625 0.5693319453125 0.141928419921875 0.5672008125 0.081370130859375 0.56763428515625 0.079203900390625 0.56900544921875 0.078100443359375 0.570396296875 0.075348576171875 0.602621041015625 0.078553234375 0.6053196171875 0.33227366796875 0.6014405625 0.504713267578125 0.59851570703125 0.74438615234375 0.594878466796875 0.895627943359375 0.591639552734375 0.97929662890625 0.58972638671875 0.9805160859375 0.5597988046875 0.98044697265625 0.55830966015625 0.87556121484375 0.55964809765625 0.873412044921875 0.55829441015625 0.825565318359375 0.55921319921875 0.822773478515625 0.560827962890625 0.802307541015625 0.561426841796875 0.8003336171875 0.5600798515625 0.75315009765625 0.560275435546875 0.74721062109375 0.562707556640625 0.72979731640625 0.562729328125
2 0.8613829149725517 0.5739367619649909 0.030570214923887784 0.033641482955647506
0 0.7858294756189583 0.5765876848788289 0.03260292366913076 0.03575404015269079
3 0.7104352037558508 0.5753323577926669 0.03455604866913076 0.035913472349733855
7 0.6319918687748789 0.57676756991094 0.04049500741437395 0.03834489394086349
1 0.5525719712939069 0.5781230659306917 0.04440125741437373 0.038663758334949616
10 0.4721357194403134 0.5803754083519218 0.04635438241437373 0.0388231905319929
6 0.3858798844593415 0.5811728916820224 0.0542464661596167 0.0414140443201656
8 0.2996240494783695 0.5819703750121229 0.05424646615961681 0.0414140443201656
5 0.20844561012477608 0.5833458403496156 0.06010584115961681 0.04189234091129501
4 0.11039144139856112 0.5851398554974571 0.062058966159616785 0.0420517731083383