9 0.5 0.5 1 1
11 1 0.680085318359375 0.150303572265625 0.217235615234375 0.120104498046875 0.2496788203125 0.765755291015625 0.6060166171875 1 0.737626240234375 1 0.680085318359375
2 0.7568359375 0.5751953125 0.04296875 0.029296875
0 0.6845703125 0.5361328125 0.04296875 0.02734375
3 0.6142578125 0.49609375 0.04296875 0.029296875
7 0.544921875 0.458984375 0.04296875 0.02734375
1 0.4765625 0.421875 0.041015625 0.02734375
10 0.4130859375 0.38671875 0.0390625 0.02734375
6 0.3466796875 0.349609375 0.044921875 0.02734375
8 0.283203125 0.3154296875 0.046875 0.0234375
5 0.2197265625 0.2802734375 0.04296875 0.025390625
4 0.158203125 0.2431640625 0.046875 0.025390625