9 0.5 0.5 1 1
11 0.02702593359375 0.574736802734375 0.026841748046875 0.5763031015625 0.0283330625 0.608322224609375 0.93076519140625 0.686323958984375 0.935510470703125 0.653203158203125 0.51826744921875 0.613910513671875 0.02702593359375 0.574736802734375
2 0.2616226861012253 0.6107006042553169 0.0426530536598817 0.038024341896120584
0 0.33536519902507805 0.6163211990836731 0.04265305365988181 0.038024341896120584
3 0.407200071078372 0.6230549322166065 0.04256208540099948 0.036071216896120584
7 0.4819191465022248 0.628607239142674 0.0426530536598817 0.038024341896120584
1 0.5527319719260775 0.634432697677896 0.04069992865988192 0.03788776609154354
10 0.6245668439793715 0.6411664308108294 0.0387468036598817 0.037751190286966274
6 0.6944031069032242 0.6470601772483398 0.03474958540099937 0.03552491367781174
8 0.7662834630859594 0.6547704728812731 0.04060896040099937 0.03593464109154332
5 0.8390494135098121 0.6604593556119178 0.04256208540099937 0.03607121689612036
4 0.9109297696925471 0.6681696512448512 0.04060896040099937 0.03593464109154354