9 0.5 0.5 1 1
11 0.574595734375 0.650032408203125 0.687179068359375 0.811014880859375 0.694350943359375 0.80019411328125 0.701711556640625 0.793651125 0.710015873046875 0.787360119140625 0.7149228671875 0.785598544921875 0.62508556640625 0.653485119140625 0.4813876484375 0.4419828046875 0.3651805546875 0.271951388671875 0.255632193359375 0.11103472265625 0.2526123515625 0.110531416015625 0.250724951171875 0.112292990234375 0.226944693359375 0.139973875 0.2260009921875 0.1432450390625 0.226944693359375 0.145509919921875 0.350376240234375 0.323926255859375 0.46503571484375 0.49067592578125 0.574595734375 0.650032408203125
2 0.6015625 0.6513671875 0.025390625 0.03125
0 0.5634765625 0.5986328125 0.0234375 0.03515625
3 0.52734375 0.546875 0.025390625 0.03515625
7 0.4912109375 0.4931640625 0.02734375 0.03515625
1 0.4541015625 0.4384765625 0.02734375 0.033203125
10 0.416015625 0.3837890625 0.02734375 0.03125
6 0.376953125 0.326171875 0.02734375 0.03515625
8 0.3369140625 0.267578125 0.02734375 0.03515625
5 0.296875 0.208984375 0.03125 0.03515625
4 0.25390625 0.1474609375 0.02734375 0.0390625