9 0.5 0.5 1 1
11 0.95451002734375 0.80870250390625 0.94068745703125 0.747555396484375 0.310509052734375 0.830948078125 0.31618866015625 0.879136736328125 0.773105330078125 0.825895181640625 0.95451002734375 0.80870250390625
4 0.32788695655050504 0.8521954368424702 0.035864457541716854 0.05290900293004808
5 0.3714228332748563 0.8471990804263574 0.037817582541716965 0.053034164867109546
8 0.41686065552725143 0.8413513234473062 0.039770707541716965 0.05315932680417146
6 0.4642004233076905 0.8346521659053168 0.04203090937345344 0.05914386374123293
10 0.5134933160881295 0.8280781703003888 0.04377931648562905 0.05536277567829462
1 0.5637627713685687 0.8215667556639917 0.04789028437345344 0.059519349552418
7 0.6159341721770515 0.8142039404646564 0.04789028437345344 0.059519349552418
3 0.6740673069294467 0.8091697360765059 0.052103611205190026 0.06562904842654138
0 0.7329722862940174 0.8002918626568862 0.052103611205190026 0.06562904842654138
2 0.7939327496025004 0.7934922761743283 0.05600986120519025 0.06587937230066454