9 0.5 0.5 1 1
11 0.337566125 1 0.274551041015625 0.5860006796875 0.19461714453125 0.05479244140625 0.14998323046875 0.06102091015625 0.288902986328125 1 0.337566125 1
2 0.30237026279036316 0.9271329793499119 0.0578338423290774 0.07033730920949344
0 0.28750738839844736 0.8269438650126466 0.0578338423290774 0.07033730920949344
3 0.27641439631177983 0.7347036599312082 0.0578338423290774 0.07033730920949344
7 0.2605238215343321 0.6374101307799862 0.0578338423290774 0.07033730920949344
1 0.2464840959858206 0.5460441812566776 0.0578338423290774 0.07033730920949344
10 0.2334379788991531 0.45373577154732586 0.057833842329077345 0.07033730920949355
6 0.2194152993124856 0.3613932595240173 0.0578338423290774 0.07033730920949355
8 0.20537557376397408 0.27002731000070873 0.0578338423290774 0.07033730920949355
4 0.1772449847814192 0.09022509845409164 0.0578338423290774 0.07033730920949352
5 0.19126766436808673 0.1825676104774002 0.0578338423290774 0.07033730920949355