9 0.5 0.5 1 1
11 0.861319966796875 0.150704869140625 0.51458274609375 0.197906638671875 0.08523240625 0.252303021484375 0.09070738671875 0.28464696484375 0.4607456875 0.237695275390625 0.65282104296875 0.2121142265625 0.86422762109375 0.18377038671875 0.861319966796875 0.150704869140625
2 0.6780477686316216 0.1920288021250428 0.04627479866913076 0.034248693246440975
0 0.6132763086506496 0.2013414652612408 0.04627479866913076 0.034248693246440975
3 0.5504977655422992 0.20963210640846308 0.04627479866913076 0.034248693246440975
7 0.48670286806132723 0.2189220398001732 0.04432167366913076 0.03420323375746531
1 0.4230273461982198 0.2252822856918833 0.04236854866913076 0.03415777426848965
10 0.3602090112172478 0.23454948933910558 0.04236854866913076 0.03415777426848965
6 0.2974702599815189 0.24186356798632785 0.04236854866913076 0.03415777426848965
8 0.23668463374578988 0.24913218714457444 0.04236854866913081 0.034157774268489594
5 0.17484286126481793 0.25837666104730883 0.04236854866913081 0.03415777426848954
4 0.11011119315646747 0.2667127616835068 0.04236854866913081 0.03415777426848965