9 0.5 0.5 1 1
11 0.46679150390625 0.62607788671875 0.811572857421875 0.237768060546875 0.773899302734375 0.175584271484375 0.611471591796875 0.36386894140625 0.107907185546875 0.941269291015625 0.138494408203125 0.993296671875 0.15619801953125 0.97586247265625 0.46679150390625 0.62607788671875
2 0.2602261409183989 0.813119260193732 0.04151864298982266 0.05387097766556703
0 0.3177255792458411 0.749451306825361 0.04151864298982266 0.05387097766556703
3 0.36759445409104796 0.6894622829238765 0.04151864298982266 0.05387097766556703
7 0.42607045491849016 0.6258227446221445 0.04151864298982266 0.05387097766556703
1 0.48064020574593247 0.5620695460538558 0.04151864298982266 0.05387097766556703
10 0.5371630815733747 0.4983731776188456 0.04151864298982266 0.05387097766556703
6 0.5936859574008169 0.43467680918383533 0.04151864298982266 0.05387097766556703
8 0.6501178649693767 0.369027315748825 0.04151864298982266 0.05387097766556703
5 0.711250648520172 0.29961364764701065 0.04151864298982266 0.05387097766556703
4 0.7732690263120849 0.22827526961183542 0.04151864298982266 0.05387097766556703