9 0.5 0.5 1 1
11 0.447359623046875 0.602049603515625 0.086256697265625 0.571341599609375 0.086256697265625 0.625267857421875 0.339508431640625 0.648486111328125 0.8392157734375 0.700914681640625 0.883408482421875 0.704234126953125 0.887665673828125 0.64324338671875 0.447359623046875 0.602049603515625
2 0.7138671875 0.6572265625 0.04296875 0.0546875
0 0.6416015625 0.650390625 0.04296875 0.05078125
3 0.5712890625 0.6435546875 0.04296875 0.0546875
7 0.501953125 0.6357421875 0.04296875 0.0546875
1 0.435546875 0.6298828125 0.04296875 0.05078125
10 0.3681640625 0.623046875 0.0390625 0.046875
6 0.302734375 0.6181640625 0.0390625 0.046875
8 0.2392578125 0.61328125 0.0390625 0.048828125
5 0.173828125 0.6064453125 0.037109375 0.05078125
4 0.109375 0.6005859375 0.0390625 0.052734375