9 0.5 0.5 1 1
11 0.2012569453125 0.4511703046875 0.19338715234375 0.4982318125 0.917675595703125 0.66547519921875 0.922575892578125 0.61843287109375 0.2012569453125 0.4511703046875
2 0.7314453125 0.5966796875 0.03515625 0.0390625
0 0.6728515625 0.58203125 0.03515625 0.041015625
3 0.6123046875 0.56640625 0.03515625 0.04296875
7 0.5556640625 0.5556640625 0.033203125 0.04296875
1 0.4990234375 0.54296875 0.03125 0.0390625
10 0.44140625 0.5302734375 0.03125 0.0390625
6 0.3857421875 0.517578125 0.03515625 0.0390625
8 0.330078125 0.5048828125 0.03125 0.0390625
5 0.2724609375 0.4912109375 0.03125 0.037109375
4 0.216796875 0.478515625 0.03125 0.0390625