9 0.5 0.5 1 1
11 0.777152990234375 0.841897775390625 0.82070193359375 0.84565752734375 0.742385533203125 0.277845484375 0.710690875 0.274714076171875 0.777152990234375 0.841897775390625
4 0.7967843345099688 0.8257654998930469 0.045346826804171236 0.03911067669541102
5 0.7885221497093042 0.7728037042458411 0.03936228986710977 0.03688464691876403
8 0.782463413782763 0.7238391268575176 0.03740916486710977 0.0367936786598817
6 0.7756158582618141 0.6777587528397531 0.03728400293004808 0.03484055365988192
10 0.7688308837093962 0.6326549413219884 0.03715884099298661 0.03288742865988192
1 0.7641241960940398 0.5895952230631061 0.037158840992986386 0.03288742865988192
7 0.7585661079157451 0.5484431456747825 0.03715884099298661 0.03288742865988192
3 0.7541097441745122 0.5092896774159001 0.03703367905592492 0.030934303659881923
0 0.748676817933279 0.4700907250275767 0.03300226711886323 0.028799242142117154
2 0.7444081970976386 0.43386694426869443 0.03495539211886323 0.028890210400999372