9 0.5 0.5 1 1
11 1 0.633355515625 0.320993078125 0.8387223125 0.33344725390625 0.875304982421875 1 0.6741386015625 1 0.633355515625
2 0.9947951424246858 0.6496960499269558 0.010409715150628385 0.04683160458157998
0 0.9407688521477808 0.6719895873574554 0.05991844430985216 0.04885293420949344
3 0.864077898095841 0.6952255849739982 0.0581018951144292 0.05073785458157998
7 0.7873186561416128 0.7174850200905409 0.05991844430985216 0.04885293420949344
1 0.7134891016873843 0.7396421482652134 0.05991844430985216 0.04885293420949344
10 0.6406361097331561 0.761765174125929 0.05991844430985216 0.04885293420949344
6 0.5668065552789278 0.7839223023006014 0.05782874350527489 0.04683160458157998
8 0.49402185122698805 0.8070218906613171 0.05782874350527489 0.04683160458157998
5 0.4211005713704712 0.8281683540220328 0.05587561850527489 0.04676339995366652
4 0.34922414191624285 0.8502572775687917 0.05392249350527489 0.046695195325752836