9 0.5 0.5 1 1
11 0.869567689453125 0.841683376953125 0.870294375 0.798961513671875 0.253933009765625 0.773286078125 0.254686294921875 0.816533943359375 0.869567689453125 0.841683376953125
4 0.8516368034393189 0.8194552212353491 0.038678081442012235 0.04773385529137175
5 0.7978576613114052 0.8173383747609951 0.03860987681409833 0.04578073029137175
8 0.7450891839974485 0.8143189652679931 0.03867808144201201 0.04773385529137175
6 0.6932972691834918 0.8113735552563429 0.038678081442012235 0.04773385529137175
10 0.6424819168695349 0.8085021447260446 0.036656751814098554 0.045632731328667964
1 0.5906558997416214 0.8065332972143945 0.03867808144201201 0.04773385529137175
7 0.5407830076137078 0.804712448665448 0.03477183144201201 0.0474378573659644
3 0.48892288817183743 0.8037201636537978 0.038678081442012124 0.047733855291371974
0 0.44006066085788065 0.8009967520862034 0.034703626814098554 0.0454847323659644
2 0.3901536664160103 0.800152466037257 0.03658854718618498 0.043679606328668186