9 0.5 0.5 1 1
11 0.53539315234375 0.120800716796875 0.5101989375 0.123807947265625 0.459572845703125 0.855021107421875 0.483363689453125 0.863784607421875 0.51768429296875 0.36482414453125 0.53539315234375 0.120800716796875
2 0.5037370519105566 0.38098847673653086 0.02250731739901024 0.035406243336249865
4 0.4727470154568656 0.8417214367341446 0.02423312186589688 0.027616470003181792
0 0.5002779283786802 0.4327235625695991 0.02250731739901024 0.035406243336249865
3 0.49679038978016477 0.4854352109026673 0.02250731739901024 0.035406243336249865
7 0.49330285118164924 0.5381468592357355 0.02446044239901035 0.03542897000318179
1 0.48990055778305125 0.5879288200688036 0.024403612265731955 0.03347584500318157
10 0.4874179967511749 0.6396752692353378 0.02239365713245367 0.031499993336249865
6 0.48303914085257704 0.68944586673494 0.02239365713245367 0.031499993336249865
8 0.47960843238733986 0.7402043900680082 0.02434678213245367 0.03152272000318179
5 0.47718270148874187 0.7899977142345423 0.02239365713245367 0.031499993336249865