9 0.5 0.5 1 1
11 0.75552314453125 0.80652461328125 0.752952017578125 0.750906900390625 0.08148185546875 0.79377955859375 0.08157721875 0.839456796875 0.75552314453125 0.80652461328125
4 0.7333960961442612 0.7790179973942095 0.04822081573560455 0.05716333833943166
5 0.6678526520671713 0.7817324657364249 0.04822081573560455 0.05716333833943166
8 0.6041485764129917 0.7863773324117087 0.04431456573560455 0.0571178850055678
6 0.5454410698359019 0.7890122574196627 0.04431456573560455 0.0571178850055678
10 0.48776700404735696 0.790659256594151 0.04236144073560455 0.0570951583386361
1 0.4309557441817222 0.7942480174351735 0.04236144073560455 0.0570951583386361
7 0.37805073431608754 0.7977913249423322 0.04236144073560455 0.0570951583386361
3 0.32514572445045287 0.801334632449491 0.04213392758142498 0.0531889083386361
0 0.27419383958481813 0.804855213289718 0.04018080258142498 0.05316618167170439
2 0.2251950797191834 0.808353067463013 0.03627455258142487 0.05312072833784076