9 0.5 0.5 1 1
11 0.839669279296875 0.36699449609375 0.8549276328125 0.31691273828125 0.190495525390625 0.277402072265625 0.18943321875 0.325042421875 0.839669279296875 0.36699449609375
4 0.20870681273535935 0.30264627986591386 0.03339790610277771 0.049438144439236
5 0.26445631338333386 0.3065396918004624 0.03535103110277771 0.04960902073518514
8 0.31629956403130843 0.31009135114311276 0.0353510311027776 0.04960902073518514
6 0.36911937717928295 0.31372844863373767 0.03535103110277771 0.04960902073518514
10 0.42291575282725746 0.3174509842723371 0.03730415610277771 0.04977989703113428
1 0.47671212847523203 0.32117351991093657 0.0392572811027776 0.0499507733270832
7 0.5324616291232065 0.3250669318454851 0.03959903369467588 0.0538570233270832
3 0.5883820060671301 0.3270072187800336 0.04333440739872696 0.05224565091898148
0 0.6451080692151047 0.3309860688625566 0.04155215869467588 0.05402789962303234
2 0.7028106948630792 0.3350503570930542 0.0431635311027776 0.05029252591898148