9 0.5 0.5 1 1
11 0.529835015625 0.432107095703125 0.784887587890625 0.4091161953125 0.88306966015625 0.399162533203125 0.882333939453125 0.348345435546875 0.6964575078125 0.36600948828125 0.529634228515625 0.383341177734375 0.412407638671875 0.3956875546875 0.25131425390625 0.41085888671875 0.205364859375 0.4150940234375 0.20714078125 0.4645194375 0.313505380859375 0.453049294921875 0.4265787734375 0.4414625703125 0.529835015625 0.432107095703125
4 0.22374360009327976 0.43723714665249686 0.036607101142186904 0.04666197704650721
5 0.2809762209440949 0.43239305602595035 0.036607101142186904 0.04666197704650732
8 0.33437659127626185 0.4263676850115795 0.040513351142186904 0.0468666949343316
6 0.389656087127077 0.4214212354411208 0.036607101142186904 0.04666197704650721
10 0.44388502099654026 0.417400168898706 0.04066135010489069 0.0488198199343316
1 0.5001410793473554 0.41250489880020347 0.040513351142186904 0.04686669493433171
7 0.5555685741608742 0.40560532422974477 0.040513351142186904 0.0468666949343316
3 0.6149023189743932 0.39891046754711046 0.04666872406759448 0.051080021766068184
0 0.6711583773252083 0.39401519744860786 0.046520725104890914 0.049126896766068184
2 0.7314686846387272 0.38737152023792965 0.04862184906759448 0.05118238070998038