9 0.5 0.5 1 1
11 0 0.347197337890625 0.14752497265625 0.425475755859375 0.4012364296875 0.562377669921875 0.596621775390625 0.667995724609375 0.8882304765625 0.827679341796875 0.93576062109375 0.801183826171875 0.938156994140625 0.769559169921875 0.79836648046875 0.687007068359375 0.578212466796875 0.56469419140625 0.352228826171875 0.43870935546875 0 0.2354274296875 0 0.347197337890625
0 0.004421939831013752 0.27377728468782375 0.008843879662027505 0.061820430624352496
3 0.1073858168998007 0.3550513151371198 0.08691521576922473 0.06827379187305749
7 0.24465054848489004 0.43137296060926916 0.08661921784381721 0.06436754187305749
1 0.3670302748834983 0.49865672715247705 0.08241696991840963 0.06027935535529283
10 0.4821154976515698 0.5594684292312142 0.08241696991840963 0.06027935535529272
6 0.5932204709382893 0.6214386303277162 0.07611359803029827 0.05414707557864595
8 0.6947818176690647 0.6809339852186296 0.07806672303029827 0.05423804383752806
5 0.7948340362879512 0.7346609333684254 0.0756696011421869 0.04828770057864595
4 0.8929331299068378 0.7884788497771035 0.07342047821677933 0.044290482319763624