9 0.5 0.5 1 1
11 0 0.73603559375 0.932510849609375 0.54546384375 0.93357088671875 0.542217498046875 0.903718310546875 0.528451841796875 0.897474763671875 0.5286020625 0.855857025390625 0.53632662890625 0.854782130859375 0.538936630859375 0.836414595703125 0.542763314453125 0.83465870703125 0.540529759765625 0.785698673828125 0.549992779296875 0.78544975 0.55149346875 0.765942646484375 0.555174005859375 0.76305246484375 0.553006310546875 0.713521140625 0.5618273515625 0.71274467578125 0.565057228515625 0.694357005859375 0.5680358046875 0.69062601171875 0.56634157421875 0.640248236328125 0.5756363984375 0.6405912109375 0.578164318359375 0.6198861640625 0.582338806640625 0.615891396484375 0.58150916796875 0.56583798046875 0.5903605234375 0.563618900390625 0.5926125703125 0.54354498046875 0.59632601953125 0.540381126953125 0.59459885546875 0.488288958984375 0.604417869140625 0.488054888671875 0.606554654296875 0.465453564453125 0.611476458984375 0.463379453125 0.607775142578125 0.407618267578125 0.619293439453125 0.407677662109375 0.621837576171875 0.38279785546875 0.626467041015625 0.3816041640625 0.62398851953125 0.377619296875 0.623582947265625 0.32129333984375 0.634497080078125 0.31939743359375 0.638428919921875 0.298213970703125 0.643268390625 0.293891080078125 0.64054693359375 0.2354298203125 0.65413288671875 0.233210740234375 0.656384935546875 0.206380240234375 0.66261366015625 0.204340779296875 0.660396568359375 0.145262873046875 0.6718951328125 0.139964095703125 0.676024564453125 0 0.70600437109375 0 0.73603559375
2 0.17263944421373026 0.6801078547272579 0.061923656307678154 0.023246109131628945
0 0.2699070934270009 0.6584784687578971 0.059845369370616464 0.02123615399835055
3 0.35715879376614823 0.6404711821221445 0.054111156307678154 0.02301878859851536
7 0.44428533216823396 0.6244170204863919 0.048251781307678154 0.022848298198680617
1 0.5245133521017888 0.6091405158841652 0.042517568244739845 0.02463093279884543
10 0.602663085098282 0.59576030614866 0.038360994370616464 0.020611022532288636
6 0.6800239985003677 0.5794219938465157 0.032626781307678154 0.02239365713245345
8 0.7542674814968608 0.565928123844454 0.028595369370616464 0.0203268718658971
5 0.8254561150562925 0.5543021336424747 0.026767406307678154 0.022223166732618704
4 0.8967699105527858 0.5407230184404952 0.026517082433554773 0.018316916732618704