9 0.5 0.5 1 1
11 0.211692791015625 0.800131201171875 0.259685185546875 0.825526041015625 0.4370181875 0.630317212890625 0.7568740078125 0.2821259921875 0.718032408203125 0.270600943359375 0.48038558203125 0.516380953125 0.211692791015625 0.800131201171875
2 0.333984375 0.7060546875 0.041015625 0.029296875
0 0.388671875 0.6474609375 0.044921875 0.0263671875
3 0.4384765625 0.5947265625 0.0439453125 0.029296875
7 0.486328125 0.5439453125 0.046875 0.0234375
1 0.529296875 0.4970703125 0.0400390625 0.0244140625
10 0.572265625 0.4521484375 0.0419921875 0.0234375
6 0.61328125 0.40625 0.04296875 0.0224609375
8 0.65234375 0.3671875 0.0380859375 0.0224609375
5 0.6904296875 0.326171875 0.0380859375 0.0205078125
4 0.7265625 0.2880859375 0.037109375 0.01953125