9 0.5 0.5 1 1
11 0.503119046875 0.40091997265625 0.212912451171875 0.1554444453125 0.081294890625 0.048217591796875 0.05772792578125 0.099685515625 0.19222222265625 0.210748345703125 0.30722891796875 0.3077248671875 0.542939236328125 0.507117724609375 0.82781498046875 0.744943453125 0.850975447265625 0.693475529296875 0.700228173828125 0.565617724609375 0.503119046875 0.40091997265625
2 0.2841796875 0.2509765625 0.03125 0.046875
0 0.3447265625 0.302734375 0.03125 0.046875
3 0.4052734375 0.3525390625 0.03125 0.046875
7 0.46484375 0.404296875 0.029296875 0.05078125
1 0.5234375 0.453125 0.029296875 0.05078125
10 0.580078125 0.501953125 0.029296875 0.048828125
6 0.640625 0.552734375 0.02734375 0.052734375
8 0.69921875 0.6005859375 0.029296875 0.048828125
5 0.7578125 0.650390625 0.02734375 0.048828125
4 0.8203125 0.7021484375 0.02734375 0.05078125