9 0.5 0.5 1 1
11 0.10533159765625 0.196898478515625 0.10644568359375 0.24400760546875 0.70259771875 0.227033068359375 0.703435267578125 0.180119046875 0.10533159765625 0.196898478515625
2 0.216796875 0.2177734375 0.03515625 0.046875
0 0.26953125 0.216796875 0.033203125 0.046875
3 0.3203125 0.2158203125 0.03515625 0.046875
7 0.3740234375 0.21484375 0.033203125 0.046875
1 0.423828125 0.2138671875 0.03515625 0.048828125
10 0.4755859375 0.212890625 0.033203125 0.046875
6 0.52734375 0.2119140625 0.033203125 0.046875
8 0.578125 0.208984375 0.03515625 0.046875
5 0.630859375 0.20703125 0.033203125 0.046875
4 0.685546875 0.205078125 0.03515625 0.046875