9 0.5 0.5 1 1
11 0.4427996875 0.440433974609375 0.380575357421875 0.27874122265625 0.29129380859375 0.05100373046875 0.23414608203125 0.057505162109375 0.304044619140625 0.21911934375 0.403724484375 0.45830032421875 0.539330658203125 0.793881412109375 0.58292853515625 0.898737515625 0.6131263984375 0.876637806640625 0.56357745703125 0.7409832109375 0.497927787109375 0.58099459375 0.4427996875 0.440433974609375
2 0.3422560081356003 0.2489854961188474 0.04563915871425195 0.05974860321677933
0 0.37844888976126556 0.3352492857983306 0.04579859091129501 0.06170172821677933
3 0.410316971576582 0.4143071405710542 0.042888872729035965 0.04983497925407554
7 0.44144763918746316 0.4903613083624261 0.04061688333494973 0.04578073029137175
1 0.4691503533894738 0.5602601032283904 0.04061688333494973 0.04578073029137175
10 0.4949796586900061 0.6290343366316509 0.03639176894086338 0.0415784823659644
6 0.522423255278711 0.6900700695162632 0.036232336743820204 0.0396253573659644
8 0.5461200340644592 0.7488566794754681 0.03607290454677692 0.0376722323659644
5 0.5688402503502072 0.8075692899533209 0.03380091515269079 0.03361798340326061
4 0.5914807505374338 0.8672584629311739 0.033960347349733855 0.03557110840326061