9 0.5 0.5 1 1
11 0.99937962890625 0.30003769921875 1 0.26375396875 0.7717046953125 0.24514707421875 0.070854166015625 0.19397792578125 0.065271826171875 0.2321220234375 0.833777447265625 0.287943205078125 0.99937962890625 0.30003769921875
2 0.8037109375 0.2666015625 0.05078125 0.03515625
0 0.7294921875 0.26171875 0.05078125 0.03515625
3 0.65234375 0.255859375 0.05078125 0.03515625
7 0.576171875 0.251953125 0.05078125 0.03515625
1 0.4970703125 0.2431640625 0.05078125 0.03515625
10 0.4189453125 0.240234375 0.05078125 0.03515625
6 0.3408203125 0.2333984375 0.05078125 0.03515625
8 0.263671875 0.2265625 0.05078125 0.03515625
5 0.1806640625 0.220703125 0.05078125 0.03515625
4 0.095703125 0.21484375 0.05078125 0.03515625