9 0.5 0.5 1 1
11 0.480488248046875 0 0.54195630859375 0.406259212890625 0.610749662109375 0.84702362890625 0.67619603515625 0.830876291015625 0.544546826171875 0 0.480488248046875 0
2 0.5350849308456541 0.13524447089720604 0.07270001235728962 0.06268898677523321
0 0.5459614050375092 0.20998475708884679 0.07066730361204687 0.06062210519814337
3 0.5557419411114998 0.2818522340690325 0.07066730361204665 0.06062210519814348
7 0.5675949778033549 0.3565356419721283 0.0727795961025326 0.06464211177523316
1 0.5803847851225885 0.43018560908667924 0.07262042861204665 0.06073586177523316
10 0.5902051130692005 0.5030296485668648 0.07066730361204687 0.06062210519814348
6 0.6020979416336771 0.5786896189699607 0.07270001235728962 0.06268898677523316
8 0.6139907701981537 0.6543495893730567 0.07270001235728962 0.06268898677523316
5 0.6268999531352518 0.7309292439876075 0.07465313735728962 0.06280274335232305
4 0.6389917410628358 0.8114720268907034 0.07481230484777557 0.06670899335232305