9 0.5 0.5 1 1
11 0.95189715625 0.325953869140625 0.928494046875 0.294546626953125 0.21657506640625 0.5780711796875 0.23891071484375 0.605803076171875 0.95189715625 0.325953869140625
2 0.791015625 0.3701171875 0.03515625 0.02734375
0 0.724609375 0.3955078125 0.03515625 0.02734375
3 0.66015625 0.421875 0.03515625 0.02734375
7 0.5947265625 0.4482421875 0.03515625 0.025390625
1 0.5341796875 0.4716796875 0.033203125 0.0234375
10 0.474609375 0.4951171875 0.03125 0.025390625
6 0.416015625 0.5185546875 0.029296875 0.025390625
8 0.3583984375 0.5419921875 0.02734375 0.02734375
5 0.30078125 0.5634765625 0.029296875 0.02734375
4 0.24609375 0.5859375 0.02734375 0.0234375