9 0.5 0.5 1 1
11 0.1283154765625 0.745350529296875 0.00037847265625 0.7429021171875 0.00037847265625 0.795137896484375 0.156461556640625 0.798402447265625 0.274040921875 0.795137896484375 0.747835814453125 0.780446427734375 0.74906001953125 0.72902678515625 0.1283154765625 0.745350529296875
2 0.1845703125 0.771484375 0.044921875 0.0546875
0 0.251953125 0.7685546875 0.04296875 0.0546875
3 0.314453125 0.7666015625 0.04296875 0.0546875
7 0.37890625 0.763671875 0.041015625 0.052734375
1 0.4404296875 0.76171875 0.0390625 0.05078125
10 0.5 0.759765625 0.037109375 0.048828125
6 0.5595703125 0.7587890625 0.0390625 0.052734375
8 0.615234375 0.755859375 0.037109375 0.05078125
5 0.671875 0.755859375 0.03515625 0.05078125
4 0.728515625 0.7548828125 0.037109375 0.05078125