9 0.5 0.5 1 1
11 0.700609375 1 0.693817708984375 0.8030472890625 0.681932787109375 0.449136244140625 0.678536955078125 0.081641865234375 0.64854141796875 0.077869046875 0.65306894921875 0.447626984375 0.66778373046875 1 0.700609375 1
2 0.6748046875 0.6806640625 0.02734375 0.041015625
0 0.671875 0.6123046875 0.02734375 0.0390625
3 0.6708984375 0.5478515625 0.02734375 0.0390625
7 0.6689453125 0.4814453125 0.02734375 0.0390625
1 0.66796875 0.4189453125 0.02734375 0.041015625
10 0.666015625 0.3544921875 0.02734375 0.03515625
6 0.6650390625 0.291015625 0.02734375 0.03515625
8 0.6650390625 0.2275390625 0.02734375 0.0390625
5 0.6640625 0.166015625 0.02734375 0.03515625
4 0.6640625 0.1025390625 0.02734375 0.037109375