9 0.5 0.5 1 1
11 0.53502579296875 0.322428240234375 0.5573055546875 0.47970965625 0.58012847265625 0.6485876328125 0.615993302734375 0.8935694453125 0.632795138671875 1 0.671420634765625 0.999233134765625 0.63935987109375 0.81730886328125 0.599691220703125 0.548408400390625 0.53393898828125 0.072373015625 0.504051587890625 0.09556646875 0.53502579296875 0.322428240234375
2 0.62890625 0.857421875 0.02734375 0.0546875
0 0.615234375 0.765625 0.02734375 0.0546875
3 0.6005859375 0.6787109375 0.025390625 0.048828125
7 0.58984375 0.5927734375 0.02734375 0.046875
1 0.578125 0.5087890625 0.025390625 0.046875
10 0.5673828125 0.4267578125 0.025390625 0.04296875
6 0.5537109375 0.345703125 0.02734375 0.0390625
8 0.544921875 0.265625 0.02734375 0.03515625
5 0.53515625 0.189453125 0.02734375 0.037109375
4 0.5244140625 0.1083984375 0.02734375 0.03515625