9 0.5 0.5 1 1
11 0.101241283203125 0.778454828125 0.336998435546875 0.76608971875 0.736463833984375 0.7428144375 0.9111103828125 0.73335886328125 0.90423793359375 0.68389843359375 0.66399321875 0.6882625703125 0.099652791015625 0.7188115234375 0.101241283203125 0.778454828125
4 0.8874668843079847 0.7102162870775891 0.04384703628657416 0.05741901609154332
5 0.824710569864061 0.7116570253240586 0.04775328628657394 0.05769216770069763
8 0.7622105698640611 0.7160274510705279 0.04597103758252308 0.059508716896120584
6 0.7014073804201374 0.7173316135124201 0.04792416258252308 0.05964529270069763
10 0.6378453797721628 0.7207937646611782 0.04792416258252308 0.05964529270069763
1 0.5742833791241884 0.7242559158099362 0.04826591517442114 0.06355154270069763
7 0.5095739396802648 0.7258332298609826 0.053954413878471996 0.0620081451144292
3 0.44316768968026476 0.7304768072166063 0.05183041258252308 0.05991844430985216
0 0.37578487718026476 0.7351886724745187 0.05395441387847211 0.062008145114429425
2 0.3072546258843157 0.7380157006347197 0.05607841517442114 0.06409784591900647