9 0.5 0.5 1 1
11 0.073824736328125 0.338006201171875 0.068095900390625 0.378824900390625 0.971355490234375 0.47120362109375 0.975174603515625 0.434681794921875 0.073824736328125 0.338006201171875
2 0.8046875 0.435546875 0.041015625 0.033203125
0 0.7314453125 0.4287109375 0.041015625 0.03515625
3 0.6591796875 0.4208984375 0.04296875 0.03515625
7 0.5849609375 0.4111328125 0.046875 0.03125
1 0.5078125 0.4052734375 0.04296875 0.03515625
10 0.4326171875 0.3974609375 0.04296875 0.03515625
6 0.353515625 0.388671875 0.046875 0.03515625
8 0.2724609375 0.3798828125 0.05078125 0.03515625
5 0.189453125 0.37109375 0.05078125 0.03515625
4 0.1005859375 0.361328125 0.0546875 0.03515625