9 0.5 0.5 1 1
11 0.40083253515625 0.716292556640625 0.40124662890625 0.72803869140625 0.402149517578125 0.75414016015625 0.403952474609375 0.76011650390625 0.40367673828125 0.77420550390625 0.40308607421875 0.780026947265625 0.406391736328125 0.808280392578125 0.40790192578125 0.81098249609375 0.407374748046875 0.824620826171875 0.406064490234375 0.824753232421875 0.408529375 0.851172650390625 0.41032521875 0.85411043359375 0.414305494140625 0.855453 0.4391973359375 0.853157291015625 0.44282670703125 0.85057092578125 0.440674662109375 0.759728087890625 0.42468256640625 0.34888344140625 0.410045240234375 0.00571366015625 0.394036173828125 0.012108751953125 0.37597889453125 0.014195494140625 0.36145869140625 0.0132558359375 0.354992744140625 0.01131834765625 0.37255926953125 0.28161417578125 0.38308322265625 0.44779888671875 0.384996068359375 0.452046095703125 0.384709556640625 0.47134313671875 0.38459065234375 0.47415667578125 0.38791594140625 0.5241315 0.392614666015625 0.58563662109375 0.39388924609375 0.589842525390625 0.394739669921875 0.602919078125 0.39305876953125 0.605414673828125 0.39617823046875 0.64410391796875 0.3975717109375 0.64549627734375 0.3979838515625 0.66136570703125 0.3974427421875 0.668926603515625 0.399953224609375 0.70533239453125 0.40083253515625 0.716292556640625
2 0.3944358470438105 0.24606230974421522 0.040180143317365635 0.06010584115961681
0 0.39944178115189366 0.33648470351800025 0.041519114653892464 0.048466674904859786
3 0.4018251045917134 0.4211670979096498 0.039565989653892575 0.0483870911596167
7 0.4077522691950063 0.49401136668343487 0.04131439676606807 0.044560424904859786
1 0.4099779016861235 0.5631085529477059 0.037203428878243794 0.04049500741437373
10 0.41358953245288954 0.6243534473393555 0.0369987109904194 0.03658875741437395
6 0.41632695966356775 0.6836850086036265 0.0369987109904194 0.03658875741437373
8 0.41937146370598255 0.7371571948678974 0.034840868102595124 0.03260292366913076
5 0.4223136088044851 0.7925825061321685 0.030934618102595124 0.03244375617864481
4 0.4247398066505925 0.8392585467690611 0.030627541270858538 0.02658438117864481