9 0.5 0.5 1 1
11 0.2930029765625 0.1657958828125 0.242075396484375 0.1678955859375 0.25497619140625 0.343508431640625 0.291098544921875 0.853452876953125 0.34270205078125 0.85200148828125 0.333671626953125 0.680742806640625 0.2930029765625 0.1657958828125
2 0.2802734375 0.3134765625 0.046875 0.03515625
0 0.283203125 0.37109375 0.048828125 0.03515625
3 0.2890625 0.4287109375 0.048828125 0.03515625
7 0.29296875 0.486328125 0.05078125 0.037109375
1 0.2978515625 0.5419921875 0.05078125 0.03515625
10 0.3017578125 0.599609375 0.048828125 0.03515625
6 0.306640625 0.6572265625 0.046875 0.03515625
8 0.3095703125 0.71484375 0.05078125 0.03515625
5 0.3125 0.7734375 0.048828125 0.03515625
4 0.31640625 0.8310546875 0.046875 0.03515625