9 0.5 0.5 1 1
11 0.39294496484375 0 0.409009482421875 0.683958392578125 0.431187580078125 0.670701890625 0.4222926484375 0.181433259765625 0.419716416015625 0 0.39294496484375 0
2 0.4113312033831737 0.15483074929262802 0.02257564904661713 0.03162501116056715
0 0.4121124451038963 0.21630304890709612 0.0245969786745307 0.033612228084255125
3 0.41393845395253237 0.2758051775597203 0.020827137930357842 0.03745029423687929
7 0.4147879003011685 0.33532435217418843 0.020827137930357842 0.03745029423687929
1 0.41577375590563176 0.39093727678865653 0.01860119441870356 0.029603702313191427
10 0.41581715132405184 0.44559068486496856 0.01866939904661713 0.03155682731319143
6 0.41687121155642864 0.4992504844794367 0.0187376036745307 0.033509952313191316
8 0.41886773197484867 0.5538698006320608 0.01664806941870356 0.029569610389503342
5 0.4190134343351391 0.605593521208373 0.01664806941870356 0.029569610389503342
4 0.4200333922535591 0.660229883322841 0.014558535162876418 0.02562926846581548