9 0.5 0.5 1 1
11 0.8955171953125 0.58364806640625 0.036499669921875 0.285708333984375 0.017825396484375 0.3137197421875 0.024600859375 0.315953869140625 0.225789021484375 0.38884126953125 0.48807804296875 0.48051512890625 0.874296296875 0.612296130859375 0.8955171953125 0.58364806640625
2 0.26171875 0.3828125 0.0390625 0.025390625
0 0.3291015625 0.4072265625 0.0390625 0.0234375
3 0.39453125 0.431640625 0.0390625 0.021484375
7 0.4619140625 0.453125 0.037109375 0.0234375
1 0.52734375 0.4765625 0.0390625 0.021484375
10 0.5927734375 0.5 0.0390625 0.01953125
6 0.6611328125 0.5224609375 0.0390625 0.021484375
8 0.7275390625 0.544921875 0.0390625 0.021484375
5 0.79296875 0.5693359375 0.0390625 0.01953125
4 0.865234375 0.5927734375 0.0390625 0.021484375