9 0.5 0.5 1 1
11 0.68604497265625 0.939348958984375 0.73367493359375 0.9408583828125 0.741054232421875 0.8668174609375 0.7833174609375 0.272607390625 0.73367493359375 0.271097966796875 0.698791005859375 0.7743115078125 0.68604497265625 0.939348958984375
2 0.7216796875 0.7939453125 0.046875 0.03515625
0 0.724609375 0.740234375 0.046875 0.03515625
3 0.7275390625 0.6845703125 0.046875 0.0390625
7 0.7314453125 0.6298828125 0.046875 0.03515625
1 0.734375 0.5751953125 0.046875 0.037109375
10 0.73828125 0.51953125 0.046875 0.03515625
6 0.7421875 0.46484375 0.04296875 0.037109375
8 0.7470703125 0.4091796875 0.044921875 0.037109375
5 0.7509765625 0.3505859375 0.04296875 0.03515625
4 0.7568359375 0.29296875 0.046875 0.03515625