9 0.5 0.5 1 1
11 0.87314241015625 0.92983823046875 0.717415955078125 0.754813806640625 0.39794467578125 0.4003964375 0.18568008984375 0.1679492421875 0.158710216796875 0.21427778125 0.366939703125 0.450948806640625 0.73092172265625 0.86788819140625 0.838429701171875 0.98679 0.839857873046875 0.9867650703125 0.87314241015625 0.92983823046875
2 0.7265397907507389 0.8136892882553253 0.04775171591129501 0.0593437723211343
0 0.6587187814675337 0.737614746351495 0.049385976517208885 0.05547161424482239
3 0.5950431704798933 0.6644017081002888 0.04759228371425195 0.0573906473211343
7 0.5304707130907745 0.5921822783109265 0.04352660151720866 0.05536933847375858
1 0.47329220589130677 0.5266794642886565 0.04173290871425195 0.057288371550070494
10 0.41228716479036065 0.4622213966137624 0.03782665871425195 0.05722018770269477
6 0.3560055039923713 0.3957249741296484 0.04304830492607925 0.04950996347375847
8 0.29922557728551147 0.3351049726073784 0.037348362123122314 0.05136081270269477
5 0.2461924683816084 0.2724636622377326 0.03914205492607925 0.04944177962638263
4 0.19160481497031334 0.21473925629177468 0.0394609193201656 0.05334802962638263