9 0.5 0.5 1 1
11 0.806911044921875 0.725046130859375 0.594600529296875 0.73309722265625 0.002323412109375 0.75538516796875 0.004646826171875 0.805918650390625 0.31608002734375 0.79169146875 0.518848544921875 0.784087548828125 0.9996693125 0.7688799609375 0.9996693125 0.722809771484375 0.806911044921875 0.725046130859375
2 0.0556640625 0.7802734375 0.068359375 0.0458984375
0 0.1611328125 0.77734375 0.0712890625 0.044921875
3 0.263671875 0.7734375 0.0712890625 0.046875
7 0.3681640625 0.767578125 0.068359375 0.0458984375
1 0.4697265625 0.7646484375 0.0693359375 0.044921875
10 0.568359375 0.759765625 0.06640625 0.0458984375
6 0.669921875 0.755859375 0.068359375 0.046875
8 0.7685546875 0.75390625 0.0673828125 0.046875
5 0.8671875 0.75 0.064453125 0.0458984375
4 0.966796875 0.74609375 0.06640625 0.044921875