9 0.5 0.5 1 1
11 0.690826830078125 0.97956041796875 0.845986443359375 0.153741572265625 0.808250716796875 0.151238900390625 0.7292983203125 0.569245349609375 0.65486740234375 0.98060673046875 0.690826830078125 0.97956041796875
2 0.704253807387846 0.8054004612867626 0.03956248667249973 0.04410535266556703
0 0.7157687015635275 0.7386816455537316 0.03760936167249973 0.044048522532288636
3 0.728248794905743 0.6729109772540616 0.03760936167249973 0.044048522532288636
7 0.7407516149148903 0.6051871839543914 0.04158379167329507 0.05002155779884543
1 0.7542309974240375 0.5374349755880822 0.03958521333943166 0.04605847766556703
10 0.7657913449335827 0.4668099098550512 0.04153833833943166 0.04611530779884543
6 0.7792820907761958 0.39808113898874187 0.03765481500636336 0.047954772532288636
8 0.7947600516192068 0.3263658504891543 0.03958521333943166 0.04605847766556703
5 0.8083076141291494 0.252754267122845 0.041606518340226994 0.05197468279884543
4 0.8228658291394899 0.17618458118989652 0.041606518340226994 0.05197468279884537