9 0.5 0.5 1 1
11 0.214008958984375 0.181125443359375 0.18359868359375 0.181390375 0.195144349609375 0.730258029296875 0.22908021875 0.728335271484375 0.22137276953125 0.343631615234375 0.214008958984375 0.181125443359375
2 0.20315906091756955 0.32535157940642323 0.03617931941870356 0.0323726483270832
0 0.20566711604534138 0.36573239449832134 0.03624752404661713 0.03432577332708331
3 0.2052113813591564 0.40683345764629586 0.03820064904661713 0.03449664962303234
7 0.20765123185901463 0.44916739773819403 0.03820064904661713 0.03449664962303234
1 0.20911451985887292 0.49141589968211763 0.03820064904661713 0.03449664962303234
10 0.21057780785873115 0.5336644016260412 0.03624752404661713 0.0343257733270832
6 0.2109963287306758 0.5777805904219903 0.0382688536745307 0.03644977462303234
8 0.2114489519165773 0.6209202167179393 0.0363157286745307 0.0362788983270832
5 0.21183337047456519 0.6660129680138884 0.0382688536745307 0.03644977462303234
4 0.2121154820906827 0.7140354068098376 0.0363157286745307 0.0362788983270832