9 0.5 0.5 1 1
11 0.2382569453125 0.248882935546875 0.22467237109375 0.302550595703125 0.83698487109375 0.560194775390625 0.8455381953125 0.515918982421875 0.2382569453125 0.248882935546875
2 0.384765625 0.341796875 0.03125 0.04296875
0 0.4404296875 0.3671875 0.02734375 0.044921875
3 0.49609375 0.3916015625 0.029296875 0.04296875
7 0.5478515625 0.4130859375 0.0234375 0.04296875
1 0.59765625 0.435546875 0.029296875 0.0390625
10 0.6455078125 0.455078125 0.02734375 0.0390625
6 0.693359375 0.474609375 0.025390625 0.0390625
8 0.73828125 0.4931640625 0.02734375 0.03515625
5 0.7822265625 0.51171875 0.0234375 0.0390625
4 0.826171875 0.53125 0.021484375 0.0390625