9 0.5 0.5 1 1
11 0.80469212890625 0.522604166015625 0.82761078125 0.79893700390625 0.83949437890625 0.9994990078125 0.90315674609375 0.9994990078125 0.88363359765625 0.66971527734375 0.8547731484375 0.320794642578125 0.841191798828125 0.127235615234375 0.78007605859375 0.134875 0.80469212890625 0.522604166015625
4 0.8134765625 0.1533203125 0.0556640625 0.0390625
5 0.818359375 0.220703125 0.0556640625 0.041015625
8 0.822265625 0.287109375 0.060546875 0.0390625
6 0.826171875 0.3525390625 0.060546875 0.044921875
10 0.830078125 0.4208984375 0.05859375 0.0419921875
1 0.8349609375 0.4873046875 0.060546875 0.0458984375
7 0.8408203125 0.5576171875 0.060546875 0.046875
3 0.8466796875 0.6279296875 0.060546875 0.0478515625
0 0.8505859375 0.7001953125 0.05859375 0.0498046875
2 0.857421875 0.7724609375 0.0625 0.0478515625