9 0.5 0.5 1 1
11 0.539254298828125 0.7744012890625 0.235992724609375 0.77067931640625 0.001654099609375 0.76447619140625 0.001654099609375 0.802935267578125 0.3716663359375 0.809965525390625 0.601593916015625 0.814100943359375 0.8949305546875 0.820717509765625 0.89658465625 0.78308556640625 0.539254298828125 0.7744012890625
2 0.1865234375 0.7880859375 0.048828125 0.03515625
0 0.267578125 0.7890625 0.048828125 0.037109375
3 0.3408203125 0.7900390625 0.05078125 0.0390625
7 0.4189453125 0.791015625 0.05078125 0.037109375
1 0.4951171875 0.79296875 0.05078125 0.037109375
10 0.5693359375 0.7939453125 0.05078125 0.037109375
6 0.6455078125 0.7958984375 0.05078125 0.037109375
8 0.71875 0.798828125 0.05078125 0.0390625
5 0.7939453125 0.80078125 0.052734375 0.03515625
4 0.869140625 0.8017578125 0.05078125 0.03515625