9 0.5 0.5 1 1
11 0.368532986328125 0.444813162109375 0.18639508984375 0.709699736328125 0.05652380859375 0.88965178515625 0.0921748515625 0.918512236328125 0.262764384765625 0.66890476171875 0.427013392578125 0.426987763671875 0.5613407734375 0.218175263671875 0.54542534765625 0.18082671875 0.368532986328125 0.444813162109375
2 0.17578125 0.76171875 0.02734375 0.037109375
0 0.2255859375 0.6904296875 0.02734375 0.037109375
3 0.2734375 0.62109375 0.02734375 0.037109375
1 0.361328125 0.4912109375 0.025390625 0.03515625
10 0.3994140625 0.4326171875 0.0234375 0.03125
6 0.439453125 0.3759765625 0.0234375 0.03125
8 0.4755859375 0.3212890625 0.0234375 0.03125
5 0.5078125 0.26953125 0.0234375 0.03125
4 0.54296875 0.21875 0.01953125 0.03125
7 0.3193359375 0.5537109375 0.02734375 0.03515625