9 0.5 0.5 1 1
11 0.226250248046875 0.766054564453125 0.230575892578125 0.809311177734375 0.7850694453125 0.688914021484375 0.782317212890625 0.6574021171875 0.226250248046875 0.766054564453125
4 0.24609375 0.7841796875 0.03125 0.0390625
5 0.2978515625 0.7724609375 0.03125 0.033203125
8 0.345703125 0.7626953125 0.03125 0.03125
6 0.390625 0.751953125 0.029296875 0.03125
10 0.4345703125 0.7421875 0.02734375 0.03125
1 0.4765625 0.734375 0.02734375 0.03125
7 0.5166015625 0.7255859375 0.02734375 0.03125
3 0.5556640625 0.7177734375 0.025390625 0.03125
0 0.59375 0.7099609375 0.0234375 0.02734375
2 0.62890625 0.703125 0.0234375 0.029296875