9 0.5 0.5 1 1
11 0.623892111328125 0.06870351171875 0.64241296484375 0.973881080078125 0.66571246875 0.972795888671875 0.63984317578125 0.05563268359375 0.623892111328125 0.06870351171875
2 0.6442893617729152 0.7836202703708328 0.0310106905319929 0.04619543062435261
0 0.6418183238911885 0.7053133338530682 0.029216997729036187 0.048057587365470056
3 0.6404832807065048 0.6289140382058622 0.03328267992607925 0.050192648883234714
7 0.6400450839232996 0.5514926959292153 0.03555466932016538 0.05418986714211704
1 0.6378131943371377 0.4761154469114507 0.0336015443201656 0.054098898883234936
10 0.638431276152454 0.3996251830053626 0.03328267992607925 0.050192648883234825
6 0.6379133632707272 0.3212272782287156 0.03296381553199268 0.046286398883234825
8 0.6356017575860436 0.24487346671095095 0.03264495113790655 0.042380148883234825
5 0.6362198394013601 0.16838320280486285 0.03264495113790655 0.042380148883234825
4 0.6355424943225901 0.08803217302821588 0.028419836743820204 0.038291962365470195