9 0.5 0.5 1 1
11 0.942160052734375 0.44688318359375 0.948586640625 0.4021259921875 0.55495965625 0.352474703125 0.2095191796875 0.3029717265625 0.20492890234375 0.333957341796875 0.54816170703125 0.38952380859375 0.942160052734375 0.44688318359375
2 0.7265625 0.396484375 0.041015625 0.033203125
0 0.6513671875 0.3857421875 0.037109375 0.033203125
3 0.583984375 0.375 0.03515625 0.033203125
7 0.521484375 0.3671875 0.03125 0.03125
1 0.46484375 0.357421875 0.029296875 0.03125
10 0.41015625 0.349609375 0.029296875 0.02734375
6 0.3564453125 0.341796875 0.02734375 0.02734375
8 0.30859375 0.333984375 0.025390625 0.029296875
5 0.265625 0.328125 0.0234375 0.02734375
4 0.220703125 0.3212890625 0.021484375 0.025390625