9 0.5 0.5 1 1
11 0.21306948046875 0.817381962890625 0.270039806640625 0.84093474609375 0.644618712890625 0.29853532421875 0.613232306640625 0.282288478515625 0.21306948046875 0.817381962890625
2 0.3472300402076678 0.6845703125 0.04838709115961681 0.037109375
0 0.38976440285037806 0.6259765625 0.04635438241437373 0.03515625
3 0.42765470422881735 0.5732421875 0.04432167366913076 0.033203125
7 0.46179792309774265 0.5244140625 0.040335839923887784 0.03125
1 0.4921940594571539 0.4794921875 0.03830313117864481 0.029296875
10 0.5218125926796726 0.439453125 0.03041104743340184 0.02734375
6 0.5465881052748128 0.400390625 0.03041104743340184 0.02734375
8 0.572499347860439 0.365234375 0.032205004942915894 0.0234375
5 0.5945839241913082 0.33203125 0.024392504942915894 0.0234375
4 0.6186614173947989 0.2998046875 0.026345629942915894 0.0234375