9 0.5 0.5 1 1
11 0.302747533203125 0.696670228515625 0.325093689453125 0.727893751953125 0.810254154296875 0.15972349609375 0.775225232421875 0.11206836328125 0.302747533203125 0.696670228515625
2 0.40219512383841094 0.6065832532227744 0.026345274268489538 0.04279111045950312
0 0.43031168515099777 0.5714680669586941 0.028389318246440975 0.04683393626408039
3 0.4623799559525603 0.5341266040854594 0.028434777735416805 0.04878706126408039
7 0.49642408149861067 0.4956720029076475 0.030387902735416694 0.048923637068657544
1 0.5325577105115882 0.4512214509252585 0.03243194671336802 0.0529664628732347
10 0.5726657787580292 0.40356805983371513 0.03243194671336802 0.0529664628732347
6 0.6129102254713972 0.35005529374217176 0.03243194671336802 0.0529664628732347
8 0.661989194173741 0.29397481153003113 0.040380825180295066 0.05937214109154332
5 0.7121811038430119 0.23196666641560187 0.04247032864722233 0.06536809189612058
4 0.7692998699902343 0.16557425598515257 0.044377994158246725 0.06355154270069774