9 0.5 0.5 1 1
11 0.017315806640625 0.25750049609375 0.447395833984375 0.252553076171875 0.869719908203125 0.2444052578125 0.87207208984375 0.206529265625 0.01477480078125 0.22223487109375 0.017315806640625 0.25750049609375
2 0.2109375 0.2373046875 0.0390625 0.033203125
0 0.2783203125 0.2373046875 0.0390625 0.03125
3 0.3447265625 0.236328125 0.0390625 0.03125
7 0.4130859375 0.2353515625 0.04296875 0.03515625
1 0.4814453125 0.2333984375 0.041015625 0.033203125
10 0.552734375 0.2333984375 0.0390625 0.03515625
6 0.623046875 0.2314453125 0.04296875 0.03125
8 0.6953125 0.228515625 0.041015625 0.033203125
5 0.76953125 0.2275390625 0.044921875 0.03515625
4 0.8466796875 0.2255859375 0.046875 0.033203125