9 0.5 0.5 1 1
11 0.43531498046875 0.003856150390625 0.38976413671875 0.005784390625 0.5011103671875 0.7847268515625 0.531477677734375 0.777978505859375 0.43531498046875 0.003856150390625
2 0.4326171875 0.1455078125 0.03125 0.046875
0 0.443359375 0.232421875 0.033203125 0.046875
3 0.453125 0.3154296875 0.03125 0.041015625
7 0.46484375 0.392578125 0.03125 0.037109375
1 0.474609375 0.4619140625 0.03125 0.03515625
10 0.4833984375 0.5302734375 0.02734375 0.033203125
6 0.4921875 0.5927734375 0.02734375 0.03125
8 0.4990234375 0.65234375 0.02734375 0.029296875
5 0.5078125 0.7080078125 0.02734375 0.02734375
4 0.513671875 0.7646484375 0.02734375 0.0234375