9 0.5 0.5 1 1
11 0 0.373042685546875 0.220538900390625 0.438688609375 0.38462388671875 0.4863900390625 0.5273121640625 0.52888546484375 0.689857173828125 0.5801345 0.827395576171875 0.61751926953125 0.84802644921875 0.5856285078125 0.74146838671875 0.551473078125 0.40062244921875 0.44605686328125 0.1575485 0.367917345703125 0 0.314886462890625 0 0.373042685546875
2 0.18991499989397748 0.4038750633056263 0.0519407286745307 0.033794018340226994
0 0.2768166577892307 0.431172675793695 0.0538938536745307 0.03381674500715881
3 0.35695058281239755 0.4565967066160251 0.04406002404661713 0.03174998667249973
7 0.4342230249634779 0.48010170243875283 0.04015377404661713 0.0317045333386361
1 0.5057042967424719 0.501721753262276 0.04015377404661713 0.0317045333386361
10 0.5742899833354226 0.5223993315861969 0.03611111479078999 0.027752830004772466
6 0.6369821926144166 0.5441216524109131 0.03415798979078999 0.02773010333784054
8 0.6968811236492376 0.5619718132360272 0.03220486479078999 0.027707376670908834
5 0.7558034921840587 0.5798333373946072 0.02829861479078999 0.027661923337045202
4 0.8167130880328366 0.5966955723862553 0.03025173979078999 0.02768465000397713