9 0.5 0.5 1 1
11 0.782520884765625 1 0.787974490234375 0.836875498046875 0.799437689453125 0.463172798828125 0.808552064453125 0.224810177734375 0.81475458203125 0.062810041015625 0.813685416015625 0.06014246875 0.778351228515625 0.057694103515625 0.775246576171875 0.059161505859375 0.773704892578125 0.062906296875 0.764267365234375 0.301255478515625 0.75550487890625 0.538378013671875 0.74864932421875 0.776898859375 0.742493873046875 1 0.782520884765625 1
2 0.7677660959380633 0.8068255435757821 0.041606518340226994 0.05269158343652869
0 0.7697526267603934 0.7259073084641054 0.04162924500715892 0.05464470843652869
3 0.7717732475831212 0.647918760852429 0.0416292450071587 0.05464470843652869
7 0.7747477042389171 0.5680225723701936 0.0416292450071587 0.05464470843652869
1 0.7777448875616448 0.49007950888795826 0.04162924500715892 0.05464470843652869
10 0.780707980883975 0.4092067579057229 0.04162924500715892 0.05464470843652869
6 0.7836824375397708 0.3293105694234876 0.04162924500715892 0.05464470843652869
8 0.7866682575290327 0.2503909434412522 0.04162924500715892 0.0546447084365288
5 0.7895972608509652 0.16658850495901684 0.04162924500715892 0.0546447084365288
4 0.7925603541732951 0.08571575397678147 0.04162924500715892 0.054644708436528744