2 0.8759765625 0.412109375 0.05078125 0.03515625
11 0.757277447265625 0.3970069453125 0.1035393515625 0.418904265625 0.10746130859375 0.459103669921875 0.520132935546875 0.444723462890625 0.909342923828125 0.430669890625 0.999128306640625 0.426748015625 0.999128306640625 0.38785590234375 0.757277447265625 0.3970069453125
9 0.5 0.5 1 1
0 0.7958984375 0.4150390625 0.05078125 0.03515625
3 0.716796875 0.4169921875 0.05078125 0.037109375
7 0.6357421875 0.4208984375 0.05078125 0.03515625
1 0.5546875 0.423828125 0.05078125 0.03515625
10 0.4736328125 0.42578125 0.05078125 0.03515625
6 0.3916015625 0.4287109375 0.05078125 0.03515625
8 0.3076171875 0.4306640625 0.05078125 0.03515625
5 0.22265625 0.4345703125 0.05078125 0.03515625
4 0.1357421875 0.4365234375 0.052734375 0.03515625