9 0.5 0.5 1 1
11 0.632994458984375 0.373509169921875 0.30484887890625 0.3381610625 0.1659926171875 0.322720001953125 0.052955083984375 0.3120468671875 0.047538171875 0.3492874765625 0.636594328125 0.4162103125 0.9343088984375 0.446974044921875 0.94589826171875 0.44788692578125 0.948975728515625 0.444684189453125 0.9483419375 0.41861373828125 0.945611599609375 0.410858626953125 0.94069009765625 0.408134927734375 0.632994458984375 0.373509169921875
2 0.19092431173073604 0.3449366350244559 0.06214572510489069 0.050287697312694335
0 0.2781198029137182 0.35653290813250416 0.06214572510489069 0.050287697312694335
3 0.36216360815264464 0.3653701286061872 0.06214572510489069 0.050287697312694335
7 0.4432037264102192 0.3734014214455049 0.06214572510489069 0.050287697312694335
1 0.5223647191491457 0.38252303336191246 0.06214572510489069 0.050287697312694335
10 0.6025022743880721 0.39158776698977504 0.058091476142186904 0.04810705915851465
6 0.6825658301456468 0.39967593811763774 0.061997726142187126 0.048334572312694335
8 0.7607502603845732 0.40885442832259017 0.052084102179483116 0.0458126644272453
5 0.8408138161421477 0.4169425994504528 0.05208410217948334 0.0458126644272453
4 0.9219279338810742 0.42595045478977056 0.052084102179483116 0.0458126644272453