9 0.5 0.5 1 1
11 0.370394603515625 0.30161967578125 0.227608193359375 0.09032408984375 0.192530166015625 0.13249118359375 0.35624234765625 0.361385361328125 0.70325883984375 0.845533826171875 0.724275958984375 0.81944193359375 0.61415939453125 0.657390810546875 0.370394603515625 0.30161967578125
2 0.3529964227387344 0.31614587748947975 0.039301487123122425 0.05200893330244427
0 0.40373757293081003 0.3890036464314918 0.03523580492607925 0.04991939904661713
3 0.4500144604332347 0.4548890686176768 0.0388231905319929 0.04614955830244427
7 0.49409907464009445 0.5177765986759482 0.03639176894086338 0.04022197867453059
1 0.5337991422558248 0.5746683444783924 0.036232336743820204 0.03826885367453059
10 0.5711475043789472 0.6266090731529231 0.035913472349733855 0.03436260367453059
6 0.6075990201005912 0.679492262013497 0.033960347349733855 0.03429439904661713
8 0.6405628356325841 0.7254372064322006 0.02989466515269079 0.03220486479078999
5 0.6724703725660554 0.7703714860369474 0.029735232955647506 0.03025173979078999
4 0.7042981934010051 0.8143292031416941 0.02240102954677692 0.035838296279135706