9 0.5 0.5 1 1
11 0.4830731640625 0.592556216796875 0.07540277734375 0.8186038359375 0.093193701171875 0.875073744140625 0.3094248515625 0.754375662109375 0.624436755859375 0.575072419921875 0.830600447265625 0.457862763671875 0.81490277734375 0.4097228828125 0.4830731640625 0.592556216796875
4 0.8037109375 0.4462890625 0.03125 0.041015625
5 0.74609375 0.4755859375 0.03125 0.041015625
8 0.69140625 0.5087890625 0.03125 0.041015625
6 0.6337890625 0.5400390625 0.03125 0.041015625
10 0.5771484375 0.572265625 0.03125 0.041015625
1 0.517578125 0.6064453125 0.03125 0.041015625
7 0.4580078125 0.640625 0.033203125 0.044921875
3 0.396484375 0.6748046875 0.03125 0.041015625
0 0.333984375 0.7099609375 0.03125 0.046875
2 0.267578125 0.7470703125 0.03125 0.046875