9 0.5 0.5 1 1
11 0.131610220703125 0.01563148046875 0.171924857421875 0.215571935546875 0.23226540625 0.46161682421875 0.2909738046875 0.72509869921875 0.33994328515625 0.94224716015625 0.380799826171875 0.9265301953125 0.3428595625 0.7462653203125 0.29544406640625 0.53998476953125 0.236868546875 0.2837587109375 0.17741598828125 0.018108447265625 0.131610220703125 0.01563148046875
2 0.18591521695572982 0.1613406462523005 0.04213392758142487 0.05364356477951393
0 0.20665926292477133 0.24959494716410607 0.0438595394272453 0.04978277426848965
3 0.2252226707396332 0.33389753858693594 0.04213392758142487 0.05364356477951393
7 0.24481951934304 0.41919942225425366 0.046040177581424924 0.05373448375746537
1 0.26418885479226717 0.5005950559215714 0.042247684158514764 0.05559668977951393
10 0.28263850603003926 0.5829445223444012 0.043632026273065616 0.04587652426848976
6 0.3021215980563562 0.666293281011719 0.04374578285015551 0.04782964926848976
8 0.3164374861399487 0.7446455784565974 0.04179265785015551 0.04778418977951393
5 0.33494401566626564 0.8279716073794273 0.041451388118886046 0.04192481477951393
4 0.35431335111549284 0.909367241046745 0.04329075654179626 0.04001714926848954