9 0.5 0.5 1 1
11 1 0.3866887265625 0.08508591796875 0.9759624140625 0.294685513671875 0.98691363671875 1 0.502360564453125 1 0.3866887265625
4 0.9956937794204362 0.4267578125 0.008612441159127515 0.076171875
5 0.946645039021369 0.4755859375 0.06325776966068242 0.080078125
8 0.8630867955455185 0.533203125 0.06371279596904156 0.087890625
6 0.7755085454925781 0.5888671875 0.06394030912322113 0.091796875
10 0.6774724993823622 0.6494140625 0.06796031570031102 0.09375
1 0.5769049137919607 0.716796875 0.0719803222774007 0.095703125
7 0.4698426604328287 0.7900390625 0.07438847358575995 0.103515625
3 0.3524932458820559 0.87109375 0.08587971043158027 0.099609375
0 0.2240603741000136 0.9462890625 0.08853463808359247 0.078125