9 0.5 0.5 1 1
11 0 0.8384598046875 0.916330791015625 0.077193099609375 0.80821390625 0.06269847265625 0 0.724175978515625 0 0.8384598046875
2 0.779296875 0.14078852279404636 0.052734375 0.07472176798982268
0 0.6904296875 0.21575102951490074 0.05078125 0.08049017473094039
3 0.5986328125 0.29155364634743164 0.052734375 0.08058114298982266
7 0.505859375 0.36731077905052134 0.056640625 0.07685682950758732
1 0.4140625 0.4450665208830522 0.052734375 0.07667489298982266
10 0.3173828125 0.5216182795683773 0.056640625 0.07685682950758732
6 0.2236328125 0.5983064906420259 0.056640625 0.08076307950758732
8 0.1279296875 0.6788099834567921 0.052734375 0.08058114298982266
5 0.029296875 0.7601535863832348 0.052734375 0.08058114298982266