9 0.5 0.5 1 1
11 0.91042592578125 0.99895758984375 0.01624537109375 0.44195709375 0.0003306875 0.450595734375 0.0003306875 0.473238095703125 0.0003306875 0.499653025390625 0.796924603515625 0.999751984375 0.91042592578125 0.99895758984375
2 0.7333984375 0.92578125 0.052734375 0.04296875
0 0.646484375 0.87109375 0.0546875 0.0390625
3 0.5576171875 0.8154296875 0.05078125 0.04296875
7 0.4716796875 0.7607421875 0.052734375 0.041015625
1 0.3916015625 0.708984375 0.046875 0.04296875
10 0.3115234375 0.658203125 0.046875 0.0390625
6 0.236328125 0.6103515625 0.046875 0.0390625
8 0.162109375 0.564453125 0.046875 0.033203125
5 0.091796875 0.521484375 0.04296875 0.03125
4 0.0224609375 0.474609375 0.04296875 0.025390625