9 0.5 0.5 1 1
11 0.829425701171875 1 0.847988712890625 0.77803715625 0.864520255859375 0.53921044921875 0.885940439453125 0.259306259765625 0.848938619140625 0.25278013671875 0.82668035546875 0.53053264453125 0.808589697265625 0.769814828125 0.796121052734375 0.94050548046875 0.790583671875 1 0.829425701171875 1
2 0.8135599432089831 0.9714257028406081 0.04365055000795426 0.05714859431878372
0 0.8203624748866529 0.8930056544452967 0.04167469834102233 0.05950871689612036
3 0.8271422798973911 0.8143138193590282 0.04362782334102233 0.05964529270069763
7 0.8310151240750611 0.7334639955658939 0.04362782334102233 0.05964529270069763
1 0.8368070032523333 0.6556804350773369 0.0435823700071587 0.05573904270069763
10 0.8406230307626736 0.5797134237842028 0.043559643340226994 0.05378591770069763
6 0.8493332341064801 0.5031112895025114 0.04358237000715892 0.05573904270069763
8 0.8531151716164227 0.43007396570937706 0.04358237000715892 0.05573904270069763
5 0.8578850349598314 0.3561283673185315 0.0416292450071587 0.055602466896120584
4 0.865595949136706 0.2814110701345515 0.04158379167329507 0.051696216896120584