9 0.5 0.5 1 1
11 0.73891021875 0.997166998046875 0.764625744140625 0.9996693125 0.7846631953125 0.979931216796875 0.305017361328125 0.07346527734375 0.259306794921875 0.11602976171875 0.73891021875 0.997166998046875
4 0.30078125 0.123046875 0.03515625 0.05859375
5 0.3505859375 0.2216796875 0.0390625 0.05859375
8 0.4013671875 0.3134765625 0.033203125 0.05859375
6 0.447265625 0.3994140625 0.033203125 0.0546875
10 0.4912109375 0.482421875 0.03125 0.0546875
1 0.533203125 0.5615234375 0.029296875 0.0546875
7 0.5751953125 0.6376953125 0.03125 0.05078125
3 0.615234375 0.7138671875 0.02734375 0.05078125
0 0.65234375 0.7841796875 0.02734375 0.05078125
2 0.689453125 0.8525390625 0.025390625 0.046875