9 0.5 0.5 1 1
11 0.322165234375 0.831416875 0.36289850390625 0.83725488671875 0.466603669921875 0.19719328515625 0.4250280234375 0.192324966796875 0.322165234375 0.831416875
2 0.41698903460332926 0.3740533466739209 0.04426463793035784 0.03886021739534584
0 0.4073691119636197 0.4261294941548928 0.04224330830244427 0.03682750865010276
3 0.40168954163786685 0.4770699116453788 0.04621776293035784 0.038939801140588814
7 0.393080283812114 0.5281297047537292 0.04628596755827141 0.040892926140588814
1 0.3845733329282316 0.5762598103620797 0.04628596755827141 0.04089292614058859
10 0.3770088422303923 0.6253266865978087 0.04426463793035784 0.03886021739534584
6 0.36846778903255306 0.6744333547061592 0.04628596755827141 0.04089292614058859
8 0.36191396314867064 0.7224838765692666 0.04621776293035784 0.038939801140588814
5 0.35441767707874494 0.7695976278049956 0.04621776293035784 0.03893980114058859
4 0.3449341636948625 0.8177675252859675 0.04628596755827141 0.040892926140588814