9 0.5 0.5 1 1
11 0.839979828125 0.195713044921875 0.79470304296875 0.18920064453125 0.758109126953125 0.34410391796875 0.717793982421875 0.504217013671875 0.644606482421875 0.80005853125 0.630961640625 0.85682862109375 0.683681216796875 0.8656669140625 0.7252367734375 0.685644345703125 0.76741269921875 0.505137896484375 0.839979828125 0.195713044921875
4 0.662109375 0.8388671875 0.046875 0.0390625
5 0.6767578125 0.7744140625 0.04296875 0.03515625
8 0.693359375 0.712890625 0.04296875 0.03515625
6 0.7080078125 0.654296875 0.04296875 0.03515625
10 0.7197265625 0.595703125 0.041015625 0.03125
1 0.736328125 0.541015625 0.041015625 0.03125
7 0.7490234375 0.4853515625 0.041015625 0.03125
3 0.763671875 0.4306640625 0.041015625 0.03125
0 0.7744140625 0.37890625 0.041015625 0.03125
2 0.787109375 0.3291015625 0.037109375 0.02734375