9 0.5 0.5 1 1
11 0.65569394921875 0.332751984375 0.7769444453125 0.094959986328125 0.733977181640625 0.05572023828125 0.630396330078125 0.274645833984375 0.452640873046875 0.643498345703125 0.372592013671875 0.811443783203125 0.398490080078125 0.835772486328125 0.65569394921875 0.332751984375
2 0.650390625 0.2880859375 0.03125 0.046875
0 0.61328125 0.36328125 0.02734375 0.046875
3 0.5791015625 0.431640625 0.03125 0.041015625
7 0.546875 0.4970703125 0.029296875 0.037109375
1 0.517578125 0.5556640625 0.029296875 0.03515625
10 0.490234375 0.6103515625 0.029296875 0.03125
6 0.462890625 0.6650390625 0.02734375 0.03125
8 0.4384765625 0.712890625 0.025390625 0.029296875
5 0.4150390625 0.759765625 0.025390625 0.02734375
4 0.3916015625 0.8046875 0.015625 0.033203125