9 0.5 0.5 1 1
11 0.06439870703125 0.5124289609375 0.07409380859375 0.57451450390625 0.940189318359375 0.44361262109375 0.92790859375 0.36687533203125 0.06439870703125 0.5124289609375
2 0.17877611342040456 0.5266772578900749 0.05707466197697497 0.07058771986680368
0 0.2507007152808367 0.5139670343160843 0.06111732123280211 0.07465313735728962
3 0.3227276240831392 0.5041864982420936 0.06111732123280211 0.07465313735728962
7 0.39953503844357136 0.4912773153049956 0.06313865086071568 0.0766858461025327
1 0.47438932780400345 0.47844771611314046 0.06718131011654283 0.08075126359301865
10 0.5551370944783924 0.46635592818555643 0.06313865086071568 0.0766858461025327
6 0.6358848611527814 0.45426414025797235 0.06718131011654283 0.08075126359301865
8 0.7205388778271703 0.4420131848399024 0.07122396937236997 0.08481668108350471
5 0.808020275059689 0.42671316630396783 0.07115576474445628 0.08286355608350471
4 0.904358939420121 0.41300814591443985 0.07122396937236997 0.0848166810835046