9 0.5 0.5 1 1
11 0.223941716796875 0.1424606484375 0.223425099609375 0.298470900390625 0.208881201171875 0.957060845703125 0.23661284765625 0.957657076171875 0.246005705078125 0.51395205078125 0.249254712890625 0.137983796875 0.223941716796875 0.1424606484375
2 0.228515625 0.66015625 0.02734375 0.0390625
0 0.2294921875 0.6005859375 0.025390625 0.037109375
3 0.23046875 0.54296875 0.025390625 0.037109375
7 0.2314453125 0.4853515625 0.025390625 0.037109375
1 0.2333984375 0.4296875 0.025390625 0.03515625
10 0.234375 0.375 0.0234375 0.033203125
6 0.234375 0.3193359375 0.0234375 0.03125
8 0.2353515625 0.265625 0.0234375 0.03125
5 0.2353515625 0.2119140625 0.0234375 0.03125
4 0.236328125 0.158203125 0.0234375 0.029296875