9 0.5 0.5 1 1
11 0.9580524609375 0.4428536015625 0.959940353515625 0.43437316015625 0.964283732421875 0.42571804296875 0.968901689453125 0.418320017578125 0.195082720703125 0.2549983515625 0.1899866796875 0.255187689453125 0.17896910546875 0.28820177734375 0.18132847265625 0.290592255859375 0.9580557734375 0.449852162109375 0.9580524609375 0.4428536015625
2 0.7666171805699744 0.39516069054902686 0.036748842079257216 0.02857143330244427
0 0.7074546476845253 0.3833489267116198 0.04076884865634711 0.030660967558271413
3 0.6482352365105313 0.3705606003742127 0.038701967079257216 0.028639637930357842
7 0.5900492661250822 0.3587829388507624 0.044675098656347334 0.030797376814098554
1 0.5298532924510884 0.3459605101993985 0.040768848656347334 0.030660967558271413
10 0.46764731548854943 0.332093314420121 0.04272197365634711 0.030729172186184872
6 0.4055550951031004 0.3201792436408436 0.042949486810526794 0.03463542218618498
8 0.3443825589291064 0.3073227126755229 0.042949486810526794 0.03463542218618487
5 0.2782703319665676 0.29331910764041835 0.04467509865634711 0.030797376814098554
4 0.21009122342693887 0.2772941729774002 0.04662822365634717 0.030865581442012013