9 0.5 0.5 1 1
11 0.34571478125 0 0.42613913671875 0.929347552734375 0.441218501953125 0.914826388671875 0.369171875 0 0.34571478125 0
2 0.37890625 0.203125 0.021484375 0.04296875
0 0.38671875 0.28125 0.01953125 0.044921875
3 0.392578125 0.357421875 0.0234375 0.046875
7 0.3974609375 0.4345703125 0.0234375 0.05078125
1 0.4033203125 0.509765625 0.021484375 0.05078125
10 0.4072265625 0.5859375 0.0234375 0.046875
6 0.4130859375 0.6640625 0.0234375 0.04296875
8 0.4189453125 0.740234375 0.0234375 0.0390625
5 0.4228515625 0.81640625 0.0234375 0.0390625
4 0.4287109375 0.896484375 0.021484375 0.03515625