9 0.5 0.5 1 1
11 0.996534240234375 0.18691718359375 0.99732328515625 0.141712865234375 0.665875697265625 0.115779453125 0.478019416015625 0.10420326171875 0.2858978359375 0.0898148203125 0.048847818359375 0.077110408203125 0.040457189453125 0.12681297265625 0.295578923828125 0.140875892578125 0.47749243359375 0.152252806640625 0.5835143515625 0.16064482421875 0.8517708046875 0.178221517578125 0.996534240234375 0.18691718359375
2 0.14558588169716413 0.10570601164664865 0.06335229809219811 0.04955537834181781
0 0.2470290599642564 0.11136016246619473 0.05941195616851014 0.0475568000079542
3 0.3397002216931926 0.11614002078693395 0.05358667309219811 0.049441745007158755
7 0.437186012074753 0.12476931244034364 0.05756110693957395 0.05339344834102239
1 0.5298230818800013 0.13150229576108285 0.05749292309219811 0.04948719834102233
10 0.6234537601470935 0.13724735324835619 0.05553979809219811 0.04946447167409057
6 0.7170673924523419 0.1439689732356295 0.05951423193957406 0.0534161750079542
8 0.8077683832194341 0.14974812072330052 0.059480140015885974 0.0514630500079542
5 0.8974757655246824 0.15651519404443742 0.05944604809219811 0.04950992500795415
4 0.9774516147536186 0.1614427757002334 0.03991479809219811 0.0492826583386361