9 0.5 0.5 1 1
11 0.375303669921875 0.921657869140625 0.490015650390625 0.63218971484375 0.734898142578125 0.0283074921875 0.633192951171875 0.01390769921875 0.563823326171875 0.194202798828125 0.39725201171875 0.613776607421875 0.283790611328125 0.906007599609375 0.375303669921875 0.921657869140625
0 0.6847321559815367 0.0341796875 0.08788231993433149 0.037109375
3 0.6416306302298393 0.1298828125 0.10586157564431198 0.08203125
7 0.5945758275390202 0.2451171875 0.09404046670039978 0.080078125
1 0.5497812266799376 0.3544921875 0.103396655924751 0.072265625
10 0.5068373918769428 0.4658203125 0.089724780924751 0.072265625
6 0.46718150087764054 0.5703125 0.0896224219808388 0.0703125
8 0.42855335185029453 0.673828125 0.091677905924751 0.072265625
5 0.38406582782294846 0.77734375 0.085818530924751 0.072265625
4 0.3456423966834268 0.876953125 0.0898271398686632 0.07421875