9 0.5 0.5 1 1
11 0.613438623046875 0 0.608499544921875 0.00257501953125 0.60755494921875 0.08341878125 0.60463615625 0.293370087890625 0.603236419921875 0.477728484375 0.60270098046875 0.6640423359375 0.60320410546875 0.75567791796875 0.60360464453125 0.84981610546875 0.607169580078125 0.972457599609375 0.636872095703125 0.97090095703125 0.63303611328125 0.684388158203125 0.634344892578125 0.571546955078125 0.63494681640625 0.429796375 0.637805740234375 0.267498294921875 0.6391903125 0.095059484375 0.64019703515625 0 0.613438623046875 0
2 0.6196556367777644 0.9109973385924113 0.034279211743820204 0.038747118102595124
0 0.6168857038196922 0.8169914412326307 0.036710633334949616 0.0447088520465071
3 0.6162283280586633 0.7248363099289381 0.04109517992607925 0.05077294493433149
7 0.6159097860094617 0.6248174991532893 0.04157347651720866 0.05663231993433149
1 0.6160695405513896 0.5306580633776405 0.04189234091129501 0.06053856993433149
10 0.6170464253962742 0.4344943231300357 0.04221120530538158 0.0644448199343316
6 0.6181030263396805 0.33930714538243084 0.04416433030538158 0.0645471788782438
8 0.6177844842904789 0.23928833460678212 0.04189234091129501 0.0605385699343316
5 0.6203159136427557 0.13813942291526504 0.04109517992607925 0.0507729449343316
4 0.6213924839039029 0.031182315695704108 0.038663758334949616 0.04481121099041942