9 0.5 0.5 1 1
11 0.29198983203125 0.394216931640625 0.0036728671875 0.336267857421875 0.00183630859375 0.385238755859375 0.309129712890625 0.44971726171875 0.69049181640625 0.526438822265625 0.696613095703125 0.477467591796875 0.29198983203125 0.394216931640625
2 0.1640625 0.3935546875 0.03125 0.041015625
0 0.2265625 0.404296875 0.03125 0.0390625
3 0.28515625 0.41796875 0.03125 0.0390625
7 0.345703125 0.4296875 0.03125 0.0390625
1 0.40234375 0.44140625 0.029296875 0.0390625
10 0.45703125 0.455078125 0.02734375 0.03515625
6 0.5126953125 0.46484375 0.02734375 0.033203125
8 0.56640625 0.4765625 0.02734375 0.03515625
5 0.619140625 0.4853515625 0.02734375 0.037109375
4 0.673828125 0.4970703125 0.03125 0.037109375