9 0.5 0.5 1 1
11 0.846151041015625 0.80177678515625 0.846151041015625 0.749274470703125 0.166555306640625 0.735606482421875 0.165336556640625 0.786502314453125 0.846151041015625 0.80177678515625
2 0.712890625 0.7724609375 0.0390625 0.05078125
0 0.654296875 0.7705078125 0.0390625 0.05078125
3 0.59765625 0.7685546875 0.0390625 0.05078125
7 0.5390625 0.767578125 0.0390625 0.05078125
1 0.4814453125 0.765625 0.0390625 0.05078125
10 0.423828125 0.7646484375 0.0390625 0.05078125
6 0.3642578125 0.763671875 0.0390625 0.05078125
8 0.3056640625 0.7626953125 0.0390625 0.05078125
5 0.24609375 0.76171875 0.0390625 0.05078125
4 0.1845703125 0.76171875 0.0390625 0.048828125