9 0.5 0.5 1 1
11 0.797186904296875 0.786786380859375 0.7722032734375 0.191038419921875 0.76697622265625 0.116547990234375 0.719282966796875 0.112235619140625 0.727230126953125 0.277823189453125 0.747480263671875 0.78222840625 0.797186904296875 0.786786380859375
2 0.7502834844577009 0.26150146921467604 0.0504197999048599 0.04162147359780477
0 0.752472037451883 0.31521240671467604 0.0504197999048599 0.04162147359780477
3 0.7537636116913082 0.37082528974271994 0.05057896739534584 0.04552772359780477
7 0.7559919565581119 0.42551278974271994 0.0504197999048599 0.04162147359780477
1 0.7572437389249156 0.48014911027076385 0.05049938365010287 0.04357459859780477
10 0.7595118756643409 0.5358131727707638 0.0504197999048599 0.04162147359780466
6 0.7617402205311445 0.5905006727707638 0.0464339661596167 0.03946363070998027
8 0.7649849197705696 0.64621591474272 0.04854625865010265 0.043472239653892686
5 0.7674122240004808 0.70578622724272 0.0464339661596167 0.03946363070998027
4 0.7717130694851491 0.7635057736866322 0.0504197999048599 0.04162147359780466