9 0.5 0.5 1 1
11 0.447359623046875 0.397950396484375 0.887665673828125 0.35675661328125 0.883408482421875 0.295765873046875 0.8392157734375 0.299085318359375 0.339508431640625 0.351513888671875 0.086256697265625 0.374732142578125 0.086256697265625 0.428658400390625 0.447359623046875 0.397950396484375
2 0.7138671875 0.3427734375 0.04296875 0.0546875
0 0.6416015625 0.349609375 0.04296875 0.05078125
3 0.5712890625 0.3564453125 0.04296875 0.0546875
7 0.501953125 0.3642578125 0.04296875 0.0546875
1 0.435546875 0.3701171875 0.04296875 0.05078125
10 0.3681640625 0.376953125 0.0390625 0.046875
6 0.302734375 0.3818359375 0.0390625 0.046875
8 0.2392578125 0.38671875 0.0390625 0.048828125
5 0.173828125 0.3935546875 0.037109375 0.05078125
4 0.109375 0.3994140625 0.0390625 0.052734375