9 0.5 0.5 1 1
11 0.28533575 0.0660786171875 0.2605418125 0.178567580078125 0.1727575 0.561233720703125 0.111449951171875 0.813226833984375 0.16549805859375 0.817265794921875 0.1975369453125 0.6810392890625 0.257512931640625 0.42933004296875 0.33523469921875 0.068523646484375 0.28533575 0.0660786171875
4 0.30500635751511296 0.08831428629956221 0.053211635005567914 0.045011596993002057
5 0.291051083356533 0.14899459101984056 0.055210213339431546 0.049065845955705845
8 0.277107172531419 0.2106514582401189 0.057163338339431546 0.04921384491840963
6 0.2641284608728391 0.27125776347904534 0.057163338339431546 0.04921384491840963
10 0.25216040171465687 0.33471975673661997 0.055210213339431546 0.049065845955705845
1 0.23627472922300877 0.3975011854196021 0.05916191667329512 0.05326809388111342
7 0.22330738089789476 0.4590840531585285 0.055210213339431546 0.049065845955705845
3 0.20743307173971254 0.5228420443415106 0.05916191667329518 0.05326809388111342
0 0.19060492674846213 0.5886271600058447 0.05720879167329518 0.05312009491840963
2 0.17574127009067764 0.6552408392074749 0.05916191667329518 0.05326809388111342