9 0.5 0.5 1 1
11 0.82481812109375 0.1101961796875 0.766093916015625 0.10619196484375 0.648487763671875 0.82653075390625 0.708597552734375 0.83339112109375 0.82481812109375 0.1101961796875
2 0.783203125 0.1845703125 0.0546875 0.0390625
0 0.7724609375 0.25 0.0546875 0.0390625
3 0.76171875 0.31640625 0.0546875 0.04296875
7 0.7490234375 0.3857421875 0.0546875 0.04296875
1 0.7392578125 0.4521484375 0.0546875 0.0390625
10 0.7265625 0.5205078125 0.0546875 0.0390625
6 0.716796875 0.58984375 0.05859375 0.041015625
8 0.705078125 0.66015625 0.05859375 0.04296875
5 0.6953125 0.73046875 0.05859375 0.04296875
4 0.6826171875 0.8056640625 0.05859375 0.04296875