9 0.5 0.5 1 1
11 0.3388478828125 0.8097743046875 0.301117724609375 0.37113665625 0.276447751953125 0.108837796875 0.227108134765625 0.1093819453125 0.24814980078125 0.370984126953125 0.274996693359375 0.7977802578125 0.2866058203125 0.943622767578125 0.349006283203125 0.93654836328125 0.3388478828125 0.8097743046875
2 0.271484375 0.33984375 0.048828125 0.033203125
0 0.27734375 0.3955078125 0.05078125 0.0341796875
3 0.2822265625 0.4482421875 0.0498046875 0.0341796875
7 0.2861328125 0.5078125 0.0517578125 0.037109375
1 0.291015625 0.5673828125 0.052734375 0.037109375
10 0.2958984375 0.62890625 0.052734375 0.037109375
6 0.2998046875 0.6943359375 0.0546875 0.0400390625
8 0.3046875 0.763671875 0.0556640625 0.04296875
5 0.30859375 0.8349609375 0.0576171875 0.0419921875
4 0.3154296875 0.9140625 0.0595703125 0.0458984375