9 0.5 0.5 1 1
11 0.789690724609375 0.001146826171875 0.748833333984375 0.00172023828125 0.75184375 0.07167989453125 0.75614459375 0.221921296875 0.772487599609375 0.9295694453125 0.817216021484375 0.927848875 0.81205505859375 0.751229498046875 0.803883431640625 0.4937549609375 0.7935615078125 0.070556216796875 0.789690724609375 0.001146826171875
2 0.7734375 0.103515625 0.0390625 0.052734375
0 0.7763671875 0.1845703125 0.0390625 0.048828125
3 0.7783203125 0.26953125 0.04296875 0.05078125
7 0.7802734375 0.3564453125 0.04296875 0.056640625
1 0.7822265625 0.4423828125 0.04296875 0.0546875
10 0.783203125 0.5302734375 0.04296875 0.0546875
6 0.787109375 0.6181640625 0.04296875 0.05859375
8 0.7890625 0.70703125 0.04296875 0.05859375
5 0.7919921875 0.7998046875 0.04296875 0.05859375
4 0.794921875 0.8955078125 0.04296875 0.05859375