9 0.5 0.5 1 1
11 0.644177001953125 0.186664345703125 0.6427678984375 0.18517571875 0.616078912109375 0.180249994140625 0.61418923828125 0.180742404296875 0.6014295859375 0.177860177734375 0.600674671875 0.176707134765625 0.57092379296875 0.17105304296875 0.556094705078125 0.168862763671875 0.5249367421875 0.16183480859375 0.509647173828125 0.158768384765625 0.508173337890625 0.157383630859375 0.477289068359375 0.15085805078125 0.474921767578125 0.15127288671875 0.461400125 0.1486093046875 0.45954426953125 0.146933708984375 0.427105056640625 0.140497416015625 0.4095063984375 0.137054642578125 0.37455271875 0.129178607421875 0.12400176953125 0.076177240234375 0.1215657578125 0.078297005859375 0.10884709765625 0.126220048828125 0.109689107421875 0.128531279296875 0.465351115234375 0.197993345703125 0.55988279296875 0.2159319296875 0.6043545234375 0.2239875078125 0.64810807421875 0.23169740234375 0.73191323828125 0.2462840703125 0.799269751953125 0.257492228515625 0.802387380859375 0.255025931640625 0.81088409765625 0.218427451171875 0.809706408203125 0.215832599609375 0.729882650390625 0.20167548046875 0.700907912109375 0.196491302734375 0.68804129296875 0.194277875 0.687989328125 0.1935828046875 0.660006462890625 0.188788955078125 0.657860412109375 0.189011021484375 0.644177001953125 0.186664345703125
4 0.7916440200136181 0.23447324190505214 0.037772651273065616 0.04738023948238901
5 0.7512540561876121 0.22659914630117267 0.037772651273065616 0.04738023948238901
8 0.7098306515730611 0.21976990109958178 0.037772651273065616 0.04738023948238901
6 0.6684641252470551 0.21196409339799094 0.037772651273065616 0.04738023948238901
10 0.624167911421049 0.20436314940326583 0.037772651273065616 0.04738023948238901
7 0.5347126778461269 0.18727642431610417 0.04190641442724541 0.05155964109154337
1 0.5809051383835879 0.1957173550062521 0.037772651273065616 0.04738023948238901
3 0.48668084888575547 0.17701894443053337 0.04385953942724519 0.05169621689612053
0 0.43767245742538413 0.16682975244725118 0.04397329600433508 0.05364934189612053
2 0.38671094096501285 0.15677713626854617 0.04592642100433508 0.05378591770069774