9 0.5 0.5 1 1
11 0.929878025390625 0.300804603515625 0.672200646484375 0.3804098359375 0.12697066796875 0.5495080625 0.14557986328125 0.579125591796875 0.326438791015625 0.52841059375 0.72404687890625 0.415107556640625 0.959650609375 0.349754080078125 0.929878025390625 0.300804603515625
2 0.7145011280001826 0.39328812509942723 0.05260061517764636 0.039653393340226994
0 0.6332858997641535 0.4167703942552232 0.05241867865988192 0.035747143340226994
3 0.5599286556575658 0.43936700757874636 0.04665027191876403 0.037632088339431546
7 0.4886155048098602 0.46003322256920137 0.04265305365988181 0.035633510005567914
1 0.426182384721037 0.4788485825608495 0.04069992865988181 0.0356107833386361
10 0.3667244362616549 0.49672147005289535 0.03670271040099948 0.033612205004772466
6 0.30726648780227284 0.5145943575449411 0.03661174214211704 0.031659080004772466
8 0.25571200760177315 0.5306050267047142 0.034567648883234825 0.02968322833784054
5 0.20517957403071455 0.5456504966979532 0.032614523883234825 0.029660501670909056
4 0.15557821883021483 0.5616838925246579 0.03615690084770551 0.021893455004772466