9 0.5 0.5 1 1
11 0.77496924609375 0.9616623671875 0.75930133984375 0.623026125 0.75040575390625 0.422094908203125 0.735754712890625 0.000697751953125 0.682118798828125 0.00201455078125 0.701742806640625 0.450001984375 0.730192708984375 0.969010251953125 0.77496924609375 0.9616623671875
2 0.712890625 0.07421875 0.05078125 0.068359375
0 0.7158203125 0.18359375 0.046875 0.06640625
3 0.720703125 0.287109375 0.046875 0.06640625
7 0.724609375 0.3896484375 0.048828125 0.0625
1 0.7294921875 0.4873046875 0.046875 0.05859375
10 0.7333984375 0.580078125 0.044921875 0.0546875
6 0.73828125 0.6728515625 0.044921875 0.0546875
8 0.7431640625 0.7626953125 0.04296875 0.052734375
5 0.74609375 0.849609375 0.04296875 0.052734375
4 0.75 0.935546875 0.04296875 0.05078125