10 0.8603050021506188 0.42286870069742843 0.8584876383449737 0.389735204512181 0.0034225952826263083 0.4366353037967786 0.005239959088271476 0.46976879998202603
2 0.24414062500000006 0.427734375 0.19921875000000006 0.427734375 0.19921875000000006 0.455078125 0.24414062500000006 0.455078125
0 0.310546875 0.423828125 0.267578125 0.423828125 0.267578125 0.451171875 0.310546875 0.451171875
3 0.373046875 0.419921875 0.330078125 0.419921875 0.330078125 0.44921875 0.373046875 0.44921875
7 0.443359375 0.416015625 0.3984375 0.416015625 0.3984375 0.4453125 0.443359375 0.4453125
1 0.5078125 0.4140625000000001 0.46484375 0.4140625000000001 0.46484375 0.4414062500000001 0.5078125 0.4414062500000001
9 0.57421875 0.4101562500000001 0.533203125 0.4101562500000001 0.533203125 0.4375000000000001 0.57421875 0.4375000000000001
6 0.64453125 0.4042968750000001 0.599609375 0.4042968750000001 0.599609375 0.4335937500000001 0.64453125 0.4335937500000001
8 0.712890625 0.4023437500000001 0.669921875 0.4023437500000001 0.669921875 0.4296875000000001 0.712890625 0.4296875000000001
5 0.78515625 0.3984375000000001 0.73828125 0.3984375000000001 0.73828125 0.4257812500000001 0.78515625 0.4257812500000001
4 0.85546875 0.3925781250000001 0.80859375 0.3925781250000001 0.80859375 0.4218750000000001 0.85546875 0.4218750000000001