2 0.5318076903447664 0.11167569804836389 0.06859836212312231 0.05190628348170151
0 0.5318273373176227 0.19554075131545617 0.0707109193201656 0.05389350040538943
3 0.5278610181919574 0.27836105823517254 0.07087035151720888 0.05584662540538954
7 0.5251901259603784 0.36510466111673295 0.07055148712312231 0.05194037540538943
1 0.525130056834713 0.4479931518838252 0.06648580492607925 0.04991906655801359
9 0.5210840216105261 0.5298368963035416 0.06859836212312231 0.051906283481701454
6 0.5190708274848609 0.612691295146946 0.0668046693201656 0.05382531655801359
8 0.516977917260674 0.6945691314903503 0.06648580492607925 0.04991906655801359
5 0.5131710303320518 0.7793425634100667 0.0668046693201656 0.05382531655801359
4 0.5112375523049081 0.8631735247534711 0.06891722651720866 0.055812533481701454
10 0.478005484375 0.89621940234375 0.5417722734375 0.889064177734375 0.547541828125 0.731017615234375 0.5582814921875 0.40402672265625 0.5667717578125 0.0632330546875 0.567507806640625 0.009905884765625 0.499631234375 0.008721095703125 0.495536568359375 0.243067646484375 0.490692673828125 0.416528841796875 0.484571046875 0.667345345703125 0.478005484375 0.89621940234375