2 0.5966796875 0.2899174736966882 0.02734375 0.04324767575860433
0 0.5693359375 0.35897448543808386 0.02734375 0.04520080075860444
3 0.541015625 0.4279517810809579 0.0234375 0.044881936364518094
7 0.5166015625 0.49822450361791826 0.025390625 0.04308824356156116
1 0.4912109375 0.5664643850563571 0.0234375 0.044881936364518094
9 0.462890625 0.6344651181992311 0.0234375 0.042928811364518094
6 0.4375 0.70661124963767 0.0234375 0.044881936364518094
8 0.412109375 0.7748511310761087 0.0234375 0.044881936364518094
5 0.3837890625 0.8448049892189827 0.021484375 0.04472250416747481
4 0.357421875 0.9198010920588999 0.0234375 0.044881936364518094
10 0.366831703125 0.95411830078125 0.70415815625 0.06096735546875 0.666576857421875 0.05724363671875 0.590859095703125 0.249264044921875 0.486436029296875 0.523656341796875 0.336154201171875 0.928041392578125 0.366831703125 0.95411830078125