10 0.5219484121093751 0.9710331406249999 0.25921809951484565 0.18959212441758672 0.18981649225401248 0.21292581895373547 0.45254680484854193 0.9943668351611488
2 0.4765625000000001 0.806640625 0.3984375000000001 0.806640625 0.3984375000000001 0.875 0.4765625000000001 0.875
0 0.4511718750000001 0.7265625 0.3730468750000001 0.7265625 0.3730468750000001 0.79296875 0.4511718750000001 0.79296875
3 0.4238281250000001 0.65234375 0.3496093750000001 0.65234375 0.3496093750000001 0.716796875 0.4238281250000001 0.716796875
7 0.3984375000000001 0.578125 0.3281250000000001 0.578125 0.3281250000000001 0.640625 0.3984375000000001 0.640625
1 0.3730468750000001 0.51171875 0.3066406250000001 0.51171875 0.3066406250000001 0.572265625 0.3730468750000001 0.572265625
9 0.35156250000000006 0.447265625 0.28515625 0.447265625 0.28515625000000006 0.501953125 0.3515625000000001 0.501953125
6 0.328125 0.376953125 0.26171875 0.376953125 0.26171875 0.43359375 0.328125 0.43359375
8 0.310546875 0.31640625 0.24023437500000006 0.31640625 0.24023437500000006 0.37109375 0.310546875 0.37109375
5 0.287109375 0.2578125 0.21679687500000006 0.2578125 0.21679687500000006 0.3125 0.287109375 0.3125
4 0.26171875 0.19531250000000003 0.19921875 0.1953125 0.19921875000000003 0.24804687500000003 0.26171875 0.24804687500000006