10 0.661878890914838 0.9999296464513471 0.45870591591565985 0.15694833830281874 0.41938990931876946 0.16642417121650666 0.6225628843179476 1.009405479365035
2 0.6464843750000001 0.88671875 0.599609375 0.88671875 0.5996093750000001 0.943359375 0.6464843750000002 0.943359375
3 0.609375 0.736328125 0.5625 0.736328125 0.5625 0.791015625 0.609375 0.791015625
7 0.58984375 0.66015625 0.54296875 0.66015625 0.54296875 0.71484375 0.58984375 0.71484375
0 0.626953125 0.810546875 0.58203125 0.810546875 0.58203125 0.8671875 0.626953125 0.8671875
1 0.572265625 0.580078125 0.525390625 0.580078125 0.525390625 0.638671875 0.572265625 0.638671875
9 0.552734375 0.5 0.505859375 0.5 0.505859375 0.560546875 0.552734375 0.560546875
6 0.533203125 0.4199218750000001 0.486328125 0.4199218750000001 0.48632812500000006 0.4785156250000001 0.533203125 0.4785156250000001
8 0.513671875 0.3378906250000001 0.46484375 0.3378906250000001 0.46484375 0.4003906250000001 0.513671875 0.4003906250000001
5 0.49609375 0.25195312500000006 0.443359375 0.251953125 0.443359375 0.31640625000000006 0.49609375 0.3164062500000001
4 0.47265625 0.16210937500000006 0.421875 0.16210937500000006 0.421875 0.22851562500000006 0.47265625 0.22851562500000006