10 0.9199424238281249 0.3598567304687502 0.9146833461397007 0.3158742253457344 -0.005259077688424173 0.42587361401760915 -6.938893903907228e-18 0.469856119140625
2 0.042968750000000056 0.419921875 5.14255980110705e-17 0.419921875 5.441545836055134e-17 0.46875 0.042968750000000056 0.46875
0 0.13867187500000006 0.408203125 0.07421875000000006 0.408203125 0.07421875000000006 0.458984375 0.13867187500000006 0.458984375
3 0.23437500000000006 0.396484375 0.16796875000000006 0.396484375 0.16796875000000006 0.447265625 0.23437500000000006 0.447265625
7 0.330078125 0.38671875 0.265625 0.38671875 0.265625 0.4375 0.330078125 0.4375
1 0.42578125 0.375 0.359375 0.375 0.359375 0.42578125 0.42578125 0.42578125
9 0.521484375 0.3652343750000001 0.455078125 0.3652343750000001 0.455078125 0.4140625000000001 0.521484375 0.4140625000000001
6 0.615234375 0.3535156250000001 0.548828125 0.3535156250000001 0.548828125 0.4023437500000001 0.615234375 0.4023437500000001
8 0.712890625 0.3417968750000001 0.64453125 0.3417968750000001 0.64453125 0.3906250000000001 0.712890625 0.3906250000000001
5 0.814453125 0.3300781250000001 0.748046875 0.3300781250000001 0.748046875 0.3808593750000001 0.814453125 0.3808593750000001
4 0.912109375 0.3183593750000001 0.8515625 0.3183593750000001 0.8515625 0.3671875000000001 0.912109375 0.3671875000000001