10 0.9559299890576857 0.824643285131001 5.551115123125783e-17 0.5924003124999999 -0.01857429950385986 0.6688535619582308 0.9373556895538258 0.9010965345892319
2 0.779296875 0.779296875 0.716796875 0.779296875 0.716796875 0.85546875 0.779296875 0.85546875
0 0.697265625 0.7578125 0.634765625 0.7578125 0.634765625 0.8359375 0.697265625 0.8359375
3 0.61328125 0.736328125 0.552734375 0.736328125 0.552734375 0.814453125 0.61328125 0.814453125
7 0.53125 0.71484375 0.4667968750000001 0.71484375 0.4667968750000001 0.79296875 0.53125 0.79296875
1 0.4492187500000001 0.6953125 0.3847656250000001 0.6953125 0.3847656250000001 0.7734375 0.4492187500000001 0.7734375
9 0.3632812500000001 0.671875 0.3027343750000001 0.671875 0.3027343750000001 0.75 0.3632812500000001 0.75
6 0.2851562500000001 0.65234375 0.22070312500000006 0.65234375 0.22070312500000008 0.732421875 0.2851562500000001 0.732421875
8 0.20117187500000008 0.6328125 0.13867187500000006 0.6328125 0.13867187500000008 0.7109375 0.2011718750000001 0.7109375
5 0.11523437500000008 0.61328125 0.05273437500000007 0.61328125 0.052734375000000076 0.69140625 0.11523437500000008 0.69140625
4 0.029296875000000076 0.58984375 7.223502604345716e-17 0.58984375 7.70188026026265e-17 0.66796875 0.029296875000000083 0.66796875