2 0.7938855367870503 0.5562396350249867 0.06577781930985216 0.04978598428423431
0 0.7071285819595872 0.5639557816341646 0.05964529270069763 0.04560682950758732
3 0.62838899083899 0.5691061137788718 0.053649341896120584 0.043380799730940556
7 0.5515342368161041 0.5753239766824612 0.04960651609154332 0.041245738213175676
1 0.48151542029321837 0.5818602284921388 0.04960651609154332 0.0412457382131759
9 0.41644770417262106 0.5876473384490222 0.04556369028696616 0.03911067669541124
6 0.3504034255520238 0.5933889642764644 0.04542711448238901 0.03715755169541102
8 0.28931024733371513 0.5983814482511124 0.04347398948238901 0.03706658343652869
5 0.23212331911540646 0.603555868743525 0.03956773948238901 0.03688464691876403
4 0.17395982839709778 0.6086848051064966 0.03761461448238901 0.03679367865988192
10 0.38426232421875 0.57297212109375 0.154510337890625 0.59382205859375 0.156732234375 0.626225232421875 0.321441453125 0.612616693359375 0.450014400390625 0.602126033203125 0.593606955078125 0.591276169921875 0.832239521484375 0.573245078125 0.96381046484375 0.56411021484375 0.96698645703125 0.518691419921875 0.853404748046875 0.5293811328125 0.595873666015625 0.55349316796875 0.38426232421875 0.57297212109375