4 0.38913403066432994 0.06499609724130029 0.048750394398185626 0.06663636321317573
5 0.4215565629946393 0.17105344835806546 0.05271347453146391 0.06877142473094033
8 0.45576172992511355 0.2711604562159483 0.048750394398185626 0.06663636321317568
6 0.48586174138911353 0.3646134630915958 0.046683609131628945 0.06263914495429335
9 0.5139517977198352 0.45620431322612565 0.044730484131628945 0.06254817669541102
1 0.5418997787173611 0.5429123508606555 0.042777359131628945 0.06245720843652869
7 0.5707106619483302 0.6256686543657441 0.04266369886507215 0.05855095843652869
3 0.5965918576792992 0.7085614102591562 0.03870061873179376 0.05641589691876403
0 0.6203494380104333 0.7856857594114508 0.03870061873179376 0.05641589691876403
2 0.64597489814165 0.8597894528048629 0.03669066359851536 0.0543718036598817
10 0.349367619140625 0.050031970703125 0.654264255859375 0.970882369140625 0.70602328125 0.96847165234375 0.40281462109375 0.0148731484375 0.349367619140625 0.050031970703125