4 0.772453335256126 0.29900494775570646 0.04261347091900625 0.05396989394086338
5 0.7142693126698576 0.3000813568444114 0.04261347091900625 0.05396989394086338
8 0.6550404396813004 0.30010148733459474 0.04679287252816078 0.05819500833494973
6 0.5968564170950319 0.3011778964232997 0.04706602413731509 0.06210125833494973
9 0.5328130195087635 0.3017760089208751 0.04901914913731509 0.0622606905319929
1 0.46974618442249494 0.3024538375169721 0.05306197494189224 0.06453267992607925
7 0.40277309933622646 0.3028128017189827 0.05528825155104655 0.06859836212312231
3 0.330917201749958 0.3027731854283855 0.05919450155104655 0.06891722651720866
0 0.2571081791636895 0.3025741369407451 0.06114762655104655 0.06907665871425195
2 0.179392906577421 0.30205622405901833 0.06351047896477807 0.07509546591129501
10 0.792470244140625 0.327205197265625 0.79055138671875 0.273476537109375 0.74525926953125 0.26912245703125 0.493915423828125 0.271679974609375 0.354957189453125 0.270357962890625 0.018796599609375 0.2688038984375 0.0236372578125 0.338028548828125 0.22086890234375 0.33343187890625 0.370579685546875 0.33452478515625 0.7449343359375 0.326657248046875 0.792470244140625 0.327205197265625