2 0.17009228177421826 0.5907712432464423 0.03570176386770835 0.02548511838761658
0 0.24440195075216967 0.5911877431758551 0.03765488886770835 0.025598874964706475
3 0.3157819322301211 0.5914336082396332 0.0357017638677084 0.02548511838761658
7 0.3929985589635846 0.5929973055346808 0.0415611388677084 0.025826388118886046
1 0.4682620606970481 0.5944472462526385 0.0435142638677084 0.025940144695975942
9 0.5444566654415359 0.5979071902591411 0.04746597335668401 0.02812078285015529
6 0.6246257094194874 0.5986649599198234 0.0474205138677084 0.026167657850155512
8 0.7037954611529509 0.6003424137919608 0.04355972335668401 0.027893269695975942
5 0.7878252956419266 0.6032808216068226 0.0435142638677084 0.025940144695975942
4 0.8738309848753902 0.6053564234987743 0.03969893284565984 0.02961888154179615
10 0 0.60660824609375 0.132430609375 0.6055165234375 0.1980461015625 0.60555651171875 0.426976876953125 0.6088816484375 0.662431896484375 0.616063306640625 0.90657496484375 0.624113572265625 0.89183183984375 0.592408634765625 0.810547861328125 0.592754826171875 0.580909658203125 0.585912208984375 0.427622767578125 0.58279062890625 0.282057498046875 0.5804816171875 0.14951748828125 0.578931490234375 0 0.58143275390625 0 0.60660824609375