4 0.43750457896193823 0.17048564317016915 0.053984637932123714 0.04327554961893709
5 0.4226363355269279 0.2299593706049482 0.053984637932123714 0.04327554961893709
8 0.40773967702527847 0.2884565355397273 0.05404146806540211 0.04522867461893709
6 0.392843018523629 0.34695370047450635 0.053984637932123714 0.04327554961893709
9 0.37892292252197957 0.40545654688371013 0.058004548198680395 0.04720452551663623
1 0.3650312415869693 0.46493595579291397 0.056051423198680395 0.047193162567786606
7 0.34921485071859815 0.5253805642532683 0.056051423198680395 0.047193162567786606
3 0.3334837050501446 0.5887548602136226 0.06012816359851558 0.053075263465485634
0 0.3176673141817735 0.6491994686739768 0.06012816359851558 0.053075263465485634
2 0.30095960601331995 0.7125680831599064 0.06409124373179376 0.05505111436318488
10 0.233955033203125 0.868458724609375 0.28949357421875 0.8806731640625 0.316174517578125 0.775838919921875 0.382345765625 0.50286198046875 0.409187046875 0.392359912109375 0.44004984375 0.2716531171875 0.46970675390625 0.15823621875 0.415859615234375 0.145199947265625 0.403836380859375 0.194357611328125 0.36133005859375 0.3666261875 0.328967783203125 0.491691533203125 0.28317448046875 0.669723521484375 0.233955033203125 0.868458724609375