10 1.001241432409937 0.6105043250376064 0.9936670383542104 0.5624611511555657 0.06987035937500001 0.70810515234375 0.07744475343072658 0.7561483262257908
2 0.1875000000000001 0.6953125 0.1269531250000001 0.6953125 0.1269531250000001 0.74609375 0.1875000000000001 0.74609375
0 0.2773437500000001 0.6796875 0.21679687500000006 0.6796875 0.21679687500000008 0.728515625 0.2773437500000001 0.728515625
3 0.3671875000000001 0.6640625 0.3027343750000001 0.6640625 0.3027343750000001 0.716796875 0.3671875000000001 0.716796875
7 0.4550781250000001 0.650390625 0.3925781250000001 0.650390625 0.3925781250000001 0.703125 0.4550781250000001 0.703125
1 0.544921875 0.63671875 0.4804687500000001 0.63671875 0.4804687500000001 0.6875 0.544921875 0.6875
9 0.6328125 0.623046875 0.568359375 0.623046875 0.568359375 0.673828125 0.6328125 0.673828125
6 0.720703125 0.607421875 0.654296875 0.607421875 0.654296875 0.66015625 0.720703125 0.66015625
8 0.810546875 0.59375 0.744140625 0.59375 0.744140625 0.6484375 0.810546875 0.6484375
5 0.8984375 0.580078125 0.8359375 0.580078125 0.8359375 0.634765625 0.8984375 0.634765625
4 0.9921875 0.5664062500000002 0.927734375 0.5664062500000002 0.927734375 0.6210937500000002 0.9921875 0.6210937500000002