10 0.924458970703125 0.4329900351562501 0.007326925924421019 0.4076683845796985 0.005669429687500055 0.46770171093750007 0.9228014744662041 0.4930233615140517
2 0.34375000000000006 0.4140625 0.294921875 0.4140625 0.29492187500000006 0.478515625 0.3437500000000001 0.478515625
0 0.40820312500000006 0.416015625 0.36328125 0.416015625 0.36328125000000006 0.478515625 0.4082031250000001 0.478515625
3 0.47070312500000006 0.41796875000000006 0.423828125 0.41796875 0.42382812500000006 0.48046875000000006 0.4707031250000001 0.4804687500000001
7 0.537109375 0.4199218750000001 0.48828125 0.4199218750000001 0.48828125000000006 0.4804687500000001 0.537109375 0.4804687500000001
1 0.599609375 0.4218750000000001 0.552734375 0.4218750000000001 0.552734375 0.4824218750000001 0.599609375 0.4824218750000001
9 0.6640625 0.4238281250000001 0.6171875 0.4238281250000001 0.6171875 0.4843750000000001 0.6640625 0.4843750000000001
6 0.728515625 0.4238281250000001 0.681640625 0.4238281250000001 0.681640625 0.4863281250000001 0.728515625 0.4863281250000001
8 0.791015625 0.4277343750000001 0.74609375 0.4277343750000001 0.74609375 0.4882812500000001 0.791015625 0.4882812500000001
5 0.85546875 0.4277343750000001 0.810546875 0.4277343750000001 0.810546875 0.4902343750000001 0.85546875 0.4902343750000001
4 0.921875 0.4296875000000001 0.876953125 0.4296875000000001 0.876953125 0.4902343750000001 0.921875 0.4902343750000001