10 0.566742126953125 0.9999999999999998 0.5223000650054732 0.029604321950180215 0.45499346349923386 0.032686821410233075 0.4994355254468856 1.0030824994600527
4 0.5644531250000002 0.958984375 0.5000000000000002 0.958984375 0.5000000000000002 1 0.5644531250000002 1
5 0.5625000000000001 0.87890625 0.4980468750000001 0.87890625 0.4980468750000001 0.931640625 0.5625000000000002 0.931640625
8 0.556640625 0.802734375 0.4921875000000001 0.802734375 0.4921875000000001 0.85546875 0.556640625 0.85546875
6 0.5546875 0.7265625 0.4902343750000001 0.7265625 0.4902343750000001 0.78125 0.5546875 0.78125
9 0.552734375 0.6484375 0.4882812500000001 0.6484375 0.4882812500000001 0.703125 0.552734375 0.703125
1 0.546875 0.57421875 0.4824218750000001 0.57421875 0.4824218750000001 0.626953125 0.546875 0.626953125
7 0.544921875 0.4980468750000001 0.4804687500000001 0.4980468750000001 0.4804687500000001 0.552734375 0.544921875 0.552734375
3 0.5390625 0.4238281250000001 0.4765625 0.4238281250000001 0.47656250000000006 0.4726562500000001 0.5390625 0.4726562500000001
0 0.53515625 0.3457031250000001 0.47265625 0.3457031250000001 0.47265625 0.3945312500000001 0.53515625 0.3945312500000001
2 0.533203125 0.2695312500000001 0.470703125 0.2695312500000001 0.470703125 0.3261718750000001 0.533203125 0.3261718750000001