10 0.7683767413050919 0.29536376951839555 0.76722784375 0.26794047656250003 0.2004268290074081 0.29168657813785454 0.20157572656250006 0.31910987109375005
2 0.322265625 0.291015625 0.294921875 0.291015625 0.294921875 0.314453125 0.322265625 0.314453125
0 0.3671875 0.2890625 0.337890625 0.2890625 0.337890625 0.3125 0.3671875 0.3125
3 0.412109375 0.287109375 0.380859375 0.287109375 0.380859375 0.310546875 0.412109375 0.310546875
7 0.458984375 0.28515625000000006 0.427734375 0.28515625 0.427734375 0.30859375000000006 0.458984375 0.3085937500000001
1 0.5078125 0.2832031250000001 0.4765625 0.2832031250000001 0.4765625 0.3066406250000001 0.5078125 0.3066406250000001
9 0.5546875 0.2812500000000001 0.525390625 0.2812500000000001 0.525390625 0.3046875000000001 0.5546875 0.3046875000000001
6 0.60546875 0.2792968750000001 0.57421875 0.2792968750000001 0.57421875 0.3027343750000001 0.60546875 0.3027343750000001
8 0.65625 0.2753906250000001 0.623046875 0.2753906250000001 0.623046875 0.3007812500000001 0.65625 0.3007812500000001
5 0.708984375 0.2734375000000001 0.67578125 0.2734375000000001 0.67578125 0.2968750000000001 0.708984375 0.2968750000000001
4 0.765625 0.2714843750000001 0.73046875 0.2714843750000001 0.73046875 0.2949218750000001 0.765625 0.2949218750000001