4 0.439453125 0.20507812500000006 0.404296875 0.20507812500000006 0.404296875 0.23046875000000006 0.439453125 0.23046875000000006
5 0.427734375 0.25 0.39453125 0.25 0.39453125 0.27734375 0.427734375 0.27734375
8 0.4140625 0.294921875 0.380859375 0.294921875 0.380859375 0.32421875 0.4140625 0.32421875
6 0.3984375 0.341796875 0.3671875 0.341796875 0.3671875 0.37109375 0.3984375 0.37109375
9 0.388671875 0.390625 0.353515625 0.390625 0.353515625 0.421875 0.388671875 0.421875
1 0.37500000000000006 0.44140625 0.341796875 0.44140625 0.34179687500000006 0.47265625 0.3750000000000001 0.47265625
7 0.3593750000000001 0.4921875 0.3242187500000001 0.4921875 0.3242187500000001 0.525390625 0.3593750000000001 0.525390625
3 0.3437500000000001 0.546875 0.3066406250000001 0.546875 0.3066406250000001 0.580078125 0.3437500000000001 0.580078125
0 0.3281250000000001 0.603515625 0.2929687500000001 0.603515625 0.2929687500000001 0.63671875 0.3281250000000001 0.63671875
2 0.3125000000000001 0.662109375 0.2753906250000001 0.662109375 0.2753906250000001 0.697265625 0.3125000000000001 0.697265625
10 0.4504523065151888 0.20381960045328495 0.40405066872634515 0.19104724193239386 0.23875610049240648 0.791557998900984 0.28515773828125013 0.8043303574218751