2 0.8349609375 0.76953125 0.06640625 0.0556640625
0 0.830078125 0.6884765625 0.0654296875 0.0546875
3 0.822265625 0.6103515625 0.064453125 0.05078125
7 0.8173828125 0.5341796875 0.0654296875 0.048828125
1 0.8125 0.462890625 0.064453125 0.046875
9 0.8076171875 0.3955078125 0.064453125 0.044921875
6 0.8046875 0.328125 0.0615234375 0.04296875
8 0.80078125 0.2646484375 0.0615234375 0.041015625
5 0.7978515625 0.203125 0.0595703125 0.037109375
4 0.79296875 0.140625 0.0556640625 0.03515625
10 0.76360284375 0.121320931640625 0.765957341796875 0.247868798828125 0.790286044921875 0.645169890625 0.800488095703125 0.800582341796875 0.80676653515625 0.973534970703125 0.879752314453125 0.972357638671875 0.872689154296875 0.80225396875 0.8530694453125 0.568546875 0.836588625 0.354392609375 0.82324735546875 0.120143849609375 0.76360284375 0.121320931640625