2 0.671995296992504 0.229132890852577 0.037521424730940556 0.05180419239901035
0 0.6239617979747394 0.23443147911789664 0.039383581472058005 0.049907897532288636
3 0.5758828148275336 0.24070662988321623 0.037430456472058005 0.04985106739901035
7 0.5230119874392101 0.24517073098173173 0.039383581472058005 0.04990789753228869
1 0.47102675429200425 0.25155954201360803 0.039292613213175676 0.047954772532288636
9 0.4171338802742396 0.2570286206787627 0.043289831472058005 0.05002155779884532
6 0.36128788125647493 0.2625545294771957 0.043289831472058005 0.05002155779884543
8 0.30637296060926916 0.2690285857089896 0.043380799730940334 0.05197468279884543
5 0.24568963322094567 0.2737200073406184 0.043380799730940334 0.05197468279884543
4 0.18194016594429868 0.28142636167216484 0.04746898624870499 0.055994593065402
10 0.16225366796875 0.311531279296875 0.27632671875 0.29850184765625 0.559099697265625 0.2671800234375 0.77771788671875 0.23934762890625 0.813288001953125 0.235605830078125 0.81073196484375 0.190411333984375 0.596381939453125 0.214144716796875 0.437760548828125 0.230175732421875 0.278503228515625 0.244624083984375 0.157337939453125 0.254905607421875 0.16225366796875 0.311531279296875