10 0.26794038531135483 0.2638043852380646 0.21418025886220954 0.25725295344423776 0.1273819184727298 0.9695079080499233 0.1811420449218751 0.9760593398437502
2 0.2011718750000001 0.798828125 0.1425781250000001 0.798828125 0.1425781250000001 0.849609375 0.2011718750000001 0.849609375
0 0.2089843750000001 0.740234375 0.1523437500000001 0.740234375 0.1523437500000001 0.791015625 0.2089843750000001 0.791015625
3 0.21875000000000008 0.6796875 0.15820312500000006 0.6796875 0.15820312500000008 0.734375 0.2187500000000001 0.734375
7 0.22460937500000006 0.623046875 0.16601562500000006 0.623046875 0.16601562500000006 0.673828125 0.22460937500000006 0.673828125
1 0.23437500000000006 0.56640625 0.17578125000000006 0.56640625 0.17578125000000006 0.6171875 0.23437500000000006 0.6171875
9 0.24023437500000006 0.505859375 0.18164062500000006 0.505859375 0.18164062500000006 0.556640625 0.24023437500000006 0.556640625
6 0.24609375000000006 0.4453125 0.19140625000000006 0.4453125 0.19140625000000006 0.49609375 0.24609375000000006 0.49609375
8 0.251953125 0.384765625 0.19726562500000006 0.384765625 0.19726562500000006 0.435546875 0.251953125 0.435546875
5 0.259765625 0.322265625 0.20507812500000006 0.322265625 0.20507812500000006 0.373046875 0.259765625 0.373046875
4 0.267578125 0.259765625 0.20898437500000006 0.259765625 0.20898437500000006 0.310546875 0.267578125 0.310546875