10 0.9221503496093751 0.48118971679687506 0.9162521617628517 0.4467455910480218 0.01381862886982596 0.6012776739586184 0.01971681671634934 0.6357217997074717
2 0.3320312500000001 0.544921875 0.2832031250000001 0.544921875 0.2832031250000001 0.58984375 0.3320312500000001 0.58984375
0 0.3964843750000001 0.53515625 0.3476562500000001 0.53515625 0.3476562500000001 0.578125 0.3964843750000001 0.578125
3 0.4609375000000001 0.525390625 0.4121093750000001 0.525390625 0.4121093750000001 0.56640625 0.4609375000000001 0.56640625
7 0.525390625 0.513671875 0.4765625000000001 0.513671875 0.4765625000000001 0.556640625 0.525390625 0.556640625
1 0.58984375 0.501953125 0.541015625 0.501953125 0.541015625 0.544921875 0.58984375 0.544921875
9 0.654296875 0.4921875000000001 0.603515625 0.4921875000000001 0.603515625 0.533203125 0.654296875 0.533203125
6 0.720703125 0.4804687500000001 0.669921875 0.4804687500000001 0.669921875 0.521484375 0.720703125 0.521484375
8 0.78515625 0.4707031250000001 0.734375 0.4707031250000001 0.734375 0.51171875 0.78515625 0.51171875
5 0.8515625 0.4589843750000001 0.8046875 0.4589843750000001 0.8046875 0.501953125 0.8515625 0.501953125
4 0.91796875 0.4453125000000001 0.869140625 0.4453125000000001 0.869140625 0.4882812500000001 0.91796875 0.4882812500000001