2 0.244140625 0.1684391630721461 0.05078125 0.04456659591900641
0 0.2353515625 0.22153550945154882 0.05078125 0.04456659591900636
3 0.2275390625 0.27470014373324014 0.052734375 0.04470317172358351
7 0.21875 0.3277964901126429 0.0546875 0.04483974752816078
1 0.2099609375 0.37893971149204564 0.0546875 0.04483974752816078
9 0.2021484375 0.432104345773737 0.052734375 0.04470317172358351
6 0.1923828125 0.48317927925085113 0.052734375 0.04470317172358351
8 0.18359375 0.5343225006302539 0.0546875 0.04679287252816078
5 0.173828125 0.587350559107368 0.052734375 0.04470317172358351
4 0.1640625 0.6423317425844821 0.052734375 0.04470317172358351
10 0.286889333984375 0.0623854140625 0.238671662109375 0.051070451171875 0.1351172109375 0.65562685546875 0.183416197265625 0.66491512109375 0.286889333984375 0.0623854140625