10 0.897414578125 0.1304284433593752 0.8569073058744836 0.08819593787028063 0.14662892622888213 0.7694588505191515 0.18713619847939844 0.8116913560082462
4 0.2167968750000001 0.744140625 0.1699218750000001 0.744140625 0.1699218750000001 0.7890625 0.2167968750000001 0.7890625
5 0.2792968750000001 0.68359375 0.2285156250000001 0.68359375 0.2285156250000001 0.728515625 0.2792968750000001 0.728515625
8 0.3417968750000001 0.62109375 0.2949218750000001 0.62109375 0.2949218750000001 0.669921875 0.3417968750000001 0.669921875
6 0.4023437500000001 0.56640625 0.3574218750000001 0.56640625 0.3574218750000001 0.611328125 0.4023437500000001 0.611328125
9 0.4609375000000001 0.5078125 0.4179687500000001 0.5078125 0.4179687500000001 0.552734375 0.4609375000000001 0.552734375
1 0.521484375 0.4511718750000001 0.474609375 0.4511718750000001 0.47460937500000006 0.4960937500000001 0.521484375 0.4960937500000001
7 0.576171875 0.3964843750000001 0.53125 0.3964843750000001 0.53125 0.4394531250000001 0.576171875 0.4394531250000001
3 0.634765625 0.3378906250000001 0.59375 0.3378906250000001 0.59375 0.3828125000000001 0.634765625 0.3828125000000001
0 0.6953125 0.2832031250000001 0.65234375 0.2832031250000001 0.65234375 0.3261718750000001 0.6953125 0.3261718750000001
2 0.75 0.2265625000000001 0.7109375 0.2265625000000001 0.7109375 0.2714843750000001 0.75 0.2714843750000001