10 0.4229617131432034 0.1054922485312504 0.35893809375 0.08729274414062506 0.13594359740367173 0.8717599721718746 0.19996721679687512 0.8899594765625
4 0.416015625 0.08984375000000006 0.345703125 0.08984375000000006 0.345703125 0.15429687500000006 0.416015625 0.15429687500000006
5 0.3984375 0.16210937500000006 0.326171875 0.16210937500000006 0.326171875 0.22851562500000006 0.3984375 0.22851562500000006
8 0.376953125 0.23632812500000006 0.30859375 0.23632812500000006 0.30859375 0.296875 0.376953125 0.296875
6 0.357421875 0.3046875 0.291015625 0.3046875 0.291015625 0.365234375 0.357421875 0.365234375
9 0.341796875 0.37109375 0.271484375 0.37109375 0.271484375 0.43359375 0.341796875 0.43359375
1 0.32226562500000006 0.4375 0.25390625 0.4375 0.25390625000000006 0.5 0.3222656250000001 0.5
7 0.3027343750000001 0.505859375 0.23632812500000006 0.505859375 0.23632812500000006 0.564453125 0.3027343750000001 0.564453125
3 0.2832031250000001 0.5703125 0.21679687500000006 0.5703125 0.21679687500000006 0.62890625 0.2832031250000001 0.62890625
0 0.2656250000000001 0.6328125 0.20117187500000006 0.6328125 0.20117187500000008 0.69140625 0.2656250000000001 0.69140625
2 0.2480468750000001 0.6953125 0.1816406250000001 0.6953125 0.1816406250000001 0.755859375 0.2480468750000001 0.755859375