10 0.6249145703125 0.418521890625 0.02347653126147846 0.23681172096030303 0.004852646484375028 0.29845446093750005 0.6062906855353966 0.48016463060219694
2 0.24609375000000006 0.310546875 0.20898437500000006 0.310546875 0.20898437500000006 0.34765625 0.24609375000000006 0.34765625
0 0.3125 0.330078125 0.271484375 0.330078125 0.271484375 0.361328125 0.3125 0.361328125
3 0.36328125 0.34765625 0.328125 0.34765625 0.328125 0.376953125 0.36328125 0.376953125
7 0.41015625 0.365234375 0.37890625 0.365234375 0.37890625 0.388671875 0.41015625 0.388671875
1 0.451171875 0.376953125 0.423828125 0.376953125 0.423828125 0.400390625 0.451171875 0.400390625
9 0.48828125 0.3867187500000001 0.466796875 0.3867187500000001 0.466796875 0.4062500000000001 0.48828125 0.4062500000000001
6 0.5234375 0.3945312500000001 0.505859375 0.3945312500000001 0.505859375 0.4140625000000001 0.5234375 0.4140625000000001
8 0.5546875 0.4062500000000001 0.537109375 0.4062500000000001 0.537109375 0.4238281250000001 0.5546875 0.4238281250000001
5 0.587890625 0.4160156250000001 0.56640625 0.4160156250000001 0.56640625 0.4355468750000001 0.587890625 0.4355468750000001
4 0.61328125 0.4218750000000001 0.595703125 0.4218750000000001 0.595703125 0.4375000000000001 0.61328125 0.4375000000000001