2 0.3861025973598957 0.13192314068951813 0.020258601823611166 0.0322735894391219
0 0.3982061199902342 0.1985894405821328 0.020349520801562493 0.0361798394391219
3 0.41333024909852406 0.2611959520588792 0.01653418977951393 0.03988137155129756
7 0.4264785234623261 0.3248813849795378 0.01653418977951393 0.03988137155129756
1 0.43874115430407956 0.3847117473721524 0.016352351823611055 0.03206887155129756
9 0.45102651489032075 0.4435655472647671 0.014399226823611055 0.03196651260738537
6 0.4623580427210499 0.5014939641293379 0.014490145801562493 0.03587276260738537
8 0.47659652830729116 0.5602454050780403 0.012446101823611055 0.03186415366347317
5 0.486996953126996 0.6162718764145672 0.012400642334635448 0.02991102866347317
4 0.49932777320221294 0.6731725513071819 0.012355182845659729 0.02795790366347317
10 0.340038158203125 0 0.4920434140625 0.70216780078125 0.51376523828125 0.68275797265625 0.403166849609375 0.158036298828125 0.37053150390625 0 0.340038158203125 0