2 0.3603515625 0.568359375 0.0322265625 0.0185546875
0 0.39453125 0.5341796875 0.033203125 0.0185546875
3 0.4306640625 0.4970703125 0.0302734375 0.0185546875
7 0.4677734375 0.4609375 0.03125 0.017578125
1 0.5048828125 0.423828125 0.03515625 0.01953125
9 0.54296875 0.3857421875 0.033203125 0.0205078125
6 0.58203125 0.34765625 0.03125 0.0185546875
8 0.62109375 0.30859375 0.03125 0.0224609375
5 0.6630859375 0.267578125 0.03515625 0.01953125
4 0.705078125 0.2255859375 0.0322265625 0.0205078125
10 0.733787037109375 0.223032490234375 0.70197619140625 0.2047413203125 0.258196427734375 0.644961060546875 0.28682605859375 0.66166170703125 0.733787037109375 0.223032490234375