10 0.6544890878906249 0.9229677578125 0.3546170718809983 0.13985087552976172 0.29335844476449835 0.16330809938357538 0.593230460774125 0.9464249816663137
4 0.6386718750000001 0.8828125 0.583984375 0.8828125 0.5839843750000001 0.921875 0.6386718750000002 0.921875
5 0.609375 0.806640625 0.556640625 0.806640625 0.556640625 0.84765625 0.609375 0.84765625
8 0.58203125 0.732421875 0.529296875 0.732421875 0.529296875 0.765625 0.58203125 0.765625
6 0.5546875 0.66015625 0.51171875 0.66015625 0.51171875 0.701171875 0.5546875 0.701171875
9 0.53125 0.59765625 0.4843750000000001 0.59765625 0.4843750000000001 0.6328125 0.53125 0.6328125
1 0.5078125 0.53515625 0.4628906250000001 0.53515625 0.4628906250000001 0.5703125 0.5078125 0.5703125
7 0.4843750000000001 0.47460937500000006 0.4414062500000001 0.474609375 0.4414062500000001 0.509765625 0.4843750000000001 0.509765625
3 0.462890625 0.41796875000000006 0.416015625 0.41796875 0.416015625 0.44921875000000006 0.462890625 0.4492187500000001
0 0.439453125 0.36328125 0.3984375 0.36328125 0.3984375 0.392578125 0.439453125 0.392578125
2 0.419921875 0.310546875 0.37890625 0.310546875 0.37890625 0.33984375 0.419921875 0.33984375