10 0.9711202403202386 0.44340630469896836 0.9658088179779277 0.4086559657787472 0.018076015678091528 0.5535123711287104 0.02338743802040233 0.5882627100489316
2 0.853515625 0.4316406250000001 0.806640625 0.4316406250000001 0.806640625 0.4648437500000001 0.853515625 0.4648437500000001
0 0.767578125 0.4433593750000001 0.72265625 0.4433593750000001 0.72265625 0.4785156250000001 0.767578125 0.4785156250000001
3 0.68359375 0.4570312500000001 0.63671875 0.4570312500000001 0.63671875 0.4921875000000001 0.68359375 0.4921875000000001
7 0.603515625 0.4687500000000001 0.548828125 0.4687500000000001 0.548828125 0.505859375 0.603515625 0.505859375
1 0.51953125 0.4804687500000001 0.4628906250000001 0.4804687500000001 0.4628906250000001 0.51953125 0.51953125 0.51953125
9 0.4335937500000001 0.494140625 0.3789062500000001 0.494140625 0.3789062500000001 0.53125 0.4335937500000001 0.53125
6 0.3496093750000001 0.509765625 0.2910156250000001 0.509765625 0.2910156250000001 0.544921875 0.3496093750000001 0.544921875
8 0.2597656250000001 0.5234375 0.20898437500000006 0.5234375 0.20898437500000006 0.55859375 0.2597656250000001 0.55859375
5 0.16992187500000006 0.53515625 0.11914062500000006 0.53515625 0.11914062500000007 0.57421875 0.16992187500000006 0.57421875
4 0.07421875000000007 0.548828125 0.02539062500000007 0.548828125 0.02539062500000007 0.587890625 0.07421875000000008 0.587890625