10 0.7968970994287463 0.1335624936683797 0.795617859375 0.069099908203125 -0.001279240053746359 0.08491408445662042 2.168404344971009e-18 0.1493766699218751
2 0.162109375 0.08007812500000001 0.107421875 0.080078125 0.10742187500000001 0.1484375 0.162109375 0.1484375
0 0.232421875 0.07812500000000003 0.17578125 0.07812500000000003 0.17578125 0.14843750000000003 0.232421875 0.14843750000000006
3 0.30078125 0.07812500000000003 0.244140625 0.07812500000000003 0.244140625 0.14843750000000006 0.30078125 0.14843750000000006
7 0.369140625 0.07421875000000004 0.314453125 0.07421875000000003 0.314453125 0.14843750000000006 0.369140625 0.14843750000000006
1 0.439453125 0.07617187500000006 0.3828125 0.07617187500000006 0.3828125 0.14648437500000006 0.439453125 0.14648437500000006
9 0.509765625 0.07421875000000006 0.451171875 0.07421875000000006 0.451171875 0.14453125000000006 0.509765625 0.14453125000000006
6 0.580078125 0.07226562500000007 0.5234375 0.07226562500000006 0.5234375 0.14257812500000006 0.580078125 0.14257812500000006
8 0.65234375 0.07226562500000008 0.59375 0.07226562500000008 0.59375 0.14257812500000006 0.65234375 0.14257812500000006
5 0.724609375 0.06835937500000008 0.66796875 0.06835937500000008 0.66796875 0.13867187500000008 0.724609375 0.1386718750000001
4 0.80078125 0.0664062500000001 0.740234375 0.06640625000000008 0.740234375 0.1367187500000001 0.80078125 0.1367187500000001