10 0.939536237734722 0.5471769532194946 0.006547369302228494 0.5456130600525306 0.0064774010987567006 0.5873547572236612 0.9394662695312501 0.5889186503906251
2 0.20117187500000006 0.546875 0.15039062500000006 0.546875 0.15039062500000006 0.5859375 0.20117187500000006 0.5859375
0 0.2812500000000001 0.546875 0.23046875000000006 0.546875 0.23046875000000006 0.5859375 0.2812500000000001 0.5859375
3 0.3593750000000001 0.546875 0.3105468750000001 0.546875 0.3105468750000001 0.5859375 0.3593750000000001 0.5859375
7 0.4433593750000001 0.548828125 0.3945312500000001 0.548828125 0.3945312500000001 0.587890625 0.4433593750000001 0.587890625
1 0.5234375 0.548828125 0.4746093750000001 0.548828125 0.4746093750000001 0.587890625 0.5234375 0.587890625
9 0.603515625 0.546875 0.5546875 0.546875 0.5546875 0.5859375 0.603515625 0.5859375
6 0.6875 0.546875 0.63671875 0.546875 0.63671875 0.5859375 0.6875 0.5859375
8 0.767578125 0.548828125 0.71875 0.548828125 0.71875 0.587890625 0.767578125 0.587890625
5 0.8515625 0.548828125 0.80078125 0.548828125 0.80078125 0.587890625 0.8515625 0.587890625
4 0.935546875 0.5488281250000001 0.88671875 0.548828125 0.88671875 0.5878906250000001 0.935546875 0.5878906250000002