10 0.9847010917968751 0.36257495117187505 0.9839701049603019 0.31542465898749167 0.014424183593750002 0.33045585546875006 0.015155170430323227 0.37760614765313344
2 0.06445312500000004 0.328125 0.013671875000000042 0.328125 0.013671875000000043 0.375 0.06445312500000006 0.375
0 0.16601562500000006 0.326171875 0.10351562500000003 0.326171875 0.10351562500000004 0.375 0.16601562500000006 0.375
3 0.265625 0.32421875 0.20117187500000006 0.32421875 0.20117187500000006 0.375 0.265625 0.375
7 0.3671875 0.32421875 0.302734375 0.32421875 0.302734375 0.375 0.3671875 0.375
1 0.46484375 0.32226562500000006 0.400390625 0.322265625 0.400390625 0.37304687500000006 0.46484375 0.3730468750000001
9 0.564453125 0.3222656250000001 0.5 0.3222656250000001 0.5 0.3710937500000001 0.564453125 0.3710937500000001
6 0.6640625 0.3203125000000001 0.599609375 0.3203125000000001 0.599609375 0.3691406250000001 0.6640625 0.3691406250000001
8 0.767578125 0.3183593750000001 0.69921875 0.3183593750000001 0.69921875 0.3691406250000001 0.767578125 0.3691406250000001
5 0.87109375 0.3203125000000001 0.806640625 0.3203125000000001 0.806640625 0.3671875000000001 0.87109375 0.3671875000000001
4 0.974609375 0.3164062500000001 0.9140625 0.3164062500000001 0.9140625 0.3652343750000001 0.974609375 0.3652343750000001