10 0.890374150390625 0.4140756132812501 0.10350810818899484 0.3136738657316312 0.09630872656250006 0.37009667773437505 0.8831747687641303 0.47049842528399394
2 0.724609375 0.3867187500000001 0.66796875 0.3867187500000001 0.66796875 0.4492187500000001 0.724609375 0.4492187500000001
0 0.66015625 0.3789062500000001 0.609375 0.3789062500000001 0.609375 0.4414062500000001 0.66015625 0.4414062500000001
3 0.6015625 0.3730468750000001 0.544921875 0.3730468750000001 0.544921875 0.4355468750000001 0.6015625 0.4355468750000001
7 0.5390625 0.3632812500000001 0.482421875 0.3632812500000001 0.482421875 0.4257812500000001 0.5390625 0.4257812500000001
1 0.4765625 0.35546875000000006 0.419921875 0.35546875 0.419921875 0.41796875000000006 0.4765625 0.4179687500000001
9 0.4140625 0.34765625 0.359375 0.34765625 0.359375 0.41015625 0.4140625 0.41015625
6 0.3515625 0.337890625 0.294921875 0.337890625 0.294921875 0.40234375 0.3515625 0.40234375
8 0.287109375 0.328125 0.23046875000000006 0.328125 0.23046875000000006 0.39453125 0.287109375 0.39453125
5 0.22070312500000006 0.322265625 0.16406250000000006 0.322265625 0.16406250000000006 0.38671875 0.22070312500000006 0.38671875
4 0.15234375000000006 0.3125 0.09570312500000003 0.3125 0.09570312500000004 0.376953125 0.15234375000000006 0.376953125