10 0.9213507051888536 0.6916349683679801 0.0811070000000001 0.64252148046875 0.07957524207677155 0.6687271117101451 0.9198189472656252 0.7178405996093752
2 0.2578125000000001 0.654296875 0.23046875000000006 0.654296875 0.23046875000000006 0.677734375 0.2578125000000001 0.677734375
0 0.3242187500000001 0.66015625 0.2929687500000001 0.66015625 0.2929687500000001 0.68359375 0.3242187500000001 0.68359375
3 0.3886718750000001 0.6640625 0.3574218750000001 0.6640625 0.3574218750000001 0.689453125 0.3886718750000001 0.689453125
7 0.4628906250000001 0.666015625 0.4238281250000001 0.666015625 0.4238281250000001 0.693359375 0.4628906250000001 0.693359375
1 0.529296875 0.669921875 0.4921875000000001 0.669921875 0.4921875000000001 0.6953125 0.529296875 0.6953125
9 0.6015625 0.671875 0.5625 0.671875 0.5625 0.69921875 0.6015625 0.69921875
6 0.67578125 0.677734375 0.6328125 0.677734375 0.6328125 0.705078125 0.67578125 0.705078125
8 0.75390625 0.6796875 0.70703125 0.6796875 0.70703125 0.708984375 0.75390625 0.708984375
5 0.833984375 0.685546875 0.78515625 0.685546875 0.78515625 0.71484375 0.833984375 0.71484375
4 0.921875 0.6875000000000001 0.8671875 0.6875 0.8671875 0.7207031250000001 0.921875 0.7207031250000002