10 0.8266471138948418 0.8530881979918135 0.28487648828125006 0.164546296875 0.255540629906958 0.18762885193602535 0.7973112555205497 0.8761707530528389
4 0.3046875 0.19335937500000006 0.28125 0.19335937500000006 0.28125 0.21679687500000006 0.3046875 0.21679687500000006
5 0.341796875 0.24609375000000006 0.326171875 0.24609375000000006 0.326171875 0.275390625 0.341796875 0.275390625
8 0.384765625 0.298828125 0.369140625 0.298828125 0.369140625 0.330078125 0.384765625 0.330078125
6 0.42578125 0.35546875 0.41015625 0.35546875 0.41015625 0.38671875 0.42578125 0.38671875
9 0.470703125 0.40820312500000006 0.453125 0.408203125 0.453125 0.43945312500000006 0.470703125 0.4394531250000001
1 0.515625 0.4687500000000001 0.4980468750000001 0.4687500000000001 0.4980468750000001 0.5 0.515625 0.5
7 0.5625 0.52734375 0.541015625 0.52734375 0.541015625 0.556640625 0.5625 0.556640625
3 0.611328125 0.591796875 0.591796875 0.591796875 0.591796875 0.619140625 0.611328125 0.619140625
0 0.662109375 0.6484375 0.640625 0.6484375 0.640625 0.677734375 0.662109375 0.677734375
2 0.71484375 0.71484375 0.69140625 0.71484375 0.69140625 0.744140625 0.71484375 0.744140625