10 0.9600197851562499 0.45659251171875026 0.9552313699079932 0.41901660907532523 0.02437040573410855 0.5376391442983641 0.029158820982365247 0.5752150469417892
4 0.95703125 0.4199218750000001 0.900390625 0.4199218750000001 0.900390625 0.4648437500000001 0.95703125 0.4648437500000001
5 0.876953125 0.4296875000000001 0.82421875 0.4296875000000001 0.82421875 0.4746093750000001 0.876953125 0.4746093750000001
8 0.802734375 0.4394531250000001 0.74609375 0.4394531250000001 0.74609375 0.4824218750000001 0.802734375 0.4824218750000001
6 0.728515625 0.4472656250000001 0.673828125 0.4472656250000001 0.673828125 0.4921875000000001 0.728515625 0.4921875000000001
9 0.65234375 0.4570312500000001 0.59765625 0.4570312500000001 0.59765625 0.501953125 0.65234375 0.501953125
1 0.576171875 0.4667968750000001 0.521484375 0.4667968750000001 0.521484375 0.51171875 0.576171875 0.51171875
7 0.501953125 0.47851562500000006 0.4492187500000001 0.478515625 0.4492187500000001 0.521484375 0.501953125 0.521484375
3 0.4257812500000001 0.486328125 0.3730468750000001 0.486328125 0.3730468750000001 0.53125 0.4257812500000001 0.53125
0 0.3535156250000001 0.49609375 0.2988281250000001 0.49609375 0.2988281250000001 0.541015625 0.3535156250000001 0.541015625
2 0.2753906250000001 0.5078125 0.21875000000000006 0.5078125 0.21875000000000006 0.55078125 0.2753906250000001 0.55078125