10 0.8119332977753241 0.63914376345739 0.09964462500000003 0.395310810546875 0.08502291902155099 0.43802396896448514 0.797311591796875 0.6818569218750001
2 0.595703125 0.556640625 0.5546875 0.556640625 0.5546875 0.607421875 0.595703125 0.607421875
0 0.544921875 0.5390625 0.501953125 0.5390625 0.501953125 0.591796875 0.544921875 0.591796875
3 0.4980468750000001 0.517578125 0.4511718750000001 0.517578125 0.4511718750000001 0.57421875 0.4980468750000001 0.57421875
7 0.4453125000000001 0.5 0.3984375000000001 0.5 0.3984375000000001 0.5546875 0.4453125000000001 0.5546875
1 0.3964843750000001 0.484375 0.3496093750000001 0.484375 0.3496093750000001 0.5390625 0.3964843750000001 0.5390625
9 0.3417968750000001 0.46484375 0.2968750000000001 0.46484375 0.2968750000000001 0.51953125 0.3417968750000001 0.51953125
6 0.29296875000000006 0.44921875 0.24804687500000006 0.44921875 0.24804687500000006 0.50390625 0.2929687500000001 0.50390625
8 0.24023437500000006 0.431640625 0.19531250000000006 0.431640625 0.19531250000000006 0.486328125 0.24023437500000006 0.486328125
5 0.18750000000000006 0.4140625 0.14257812500000006 0.4140625 0.14257812500000006 0.46875 0.18750000000000006 0.46875
4 0.13476562500000006 0.396484375 0.08984375000000006 0.396484375 0.08984375000000006 0.451171875 0.13476562500000006 0.451171875