10 0.9975177397811181 0.6764166203421238 0.9875924821992236 0.6301860943036659 0.04511495140248045 0.8325271243521672 0.055040208984375005 0.8787576503906251
2 0.1992187500000001 0.802734375 0.1406250000000001 0.802734375 0.1406250000000001 0.85546875 0.1992187500000001 0.85546875
0 0.2851562500000001 0.783203125 0.2304687500000001 0.783203125 0.2304687500000001 0.837890625 0.2851562500000001 0.837890625
3 0.3769531250000001 0.763671875 0.3164062500000001 0.763671875 0.3164062500000001 0.818359375 0.3769531250000001 0.818359375
7 0.4667968750000001 0.7421875 0.4082031250000001 0.7421875 0.4082031250000001 0.80078125 0.4667968750000001 0.80078125
1 0.5546875 0.724609375 0.4941406250000001 0.724609375 0.4941406250000001 0.779296875 0.5546875 0.779296875
9 0.642578125 0.705078125 0.583984375 0.705078125 0.583984375 0.76171875 0.642578125 0.76171875
6 0.734375 0.6875 0.671875 0.6875 0.671875 0.740234375 0.734375 0.740234375
8 0.822265625 0.669921875 0.759765625 0.669921875 0.759765625 0.72265625 0.822265625 0.72265625
5 0.912109375 0.6503906250000001 0.84765625 0.650390625 0.84765625 0.7031250000000001 0.912109375 0.7031250000000002
4 0.98828125 0.6308593750000002 0.94140625 0.6308593750000002 0.94140625 0.6835937500000002 0.98828125 0.6835937500000002