2 0.8515625 0.1464843750000001 0.8046875 0.1464843750000001 0.8046875 0.2031250000000001 0.8515625 0.2031250000000001
0 0.841796875 0.2324218750000001 0.79296875 0.2324218750000001 0.79296875 0.2890625000000001 0.841796875 0.2890625000000001
3 0.830078125 0.3183593750000001 0.783203125 0.3183593750000001 0.783203125 0.3750000000000001 0.830078125 0.3750000000000001
7 0.8203125 0.4062500000000001 0.771484375 0.4062500000000001 0.771484375 0.4628906250000001 0.8203125 0.4628906250000001
1 0.810546875 0.4902343750000001 0.763671875 0.4902343750000001 0.763671875 0.546875 0.810546875 0.546875
9 0.80078125 0.578125 0.751953125 0.578125 0.751953125 0.634765625 0.80078125 0.634765625
6 0.791015625 0.6640625 0.7421875 0.6640625 0.7421875 0.720703125 0.791015625 0.720703125
8 0.78125 0.751953125 0.732421875 0.751953125 0.732421875 0.80859375 0.78125 0.80859375
5 0.7734375 0.83984375 0.72265625 0.83984375 0.72265625 0.8984375 0.7734375 0.8984375
4 0.7636718750000002 0.931640625 0.7128906250000002 0.931640625 0.7128906250000002 0.97265625 0.7636718750000002 0.97265625
10 0.8689484153407866 0.006129098184071466 0.8231824290408336 0.0009015235006081118 0.712268150390625 0.97192569140625 0.7580341366905781 0.9771532660897133