10 0.5832325775362907 0.0661762339034385 0.5447716718749999 0.061001259765625065 0.42376933064486627 0.9603023010678053 0.46223023630615706 0.9654772752056188
2 0.4882812500000001 0.767578125 0.4453125000000001 0.767578125 0.4453125000000001 0.8203125 0.4882812500000001 0.8203125
0 0.4980468750000001 0.69140625 0.4550781250000001 0.69140625 0.4550781250000001 0.74609375 0.4980468750000001 0.74609375
3 0.5078125 0.6171875 0.4648437500000001 0.6171875 0.4648437500000001 0.673828125 0.5078125 0.673828125
7 0.51953125 0.541015625 0.4746093750000001 0.541015625 0.4746093750000001 0.59765625 0.51953125 0.59765625
1 0.529296875 0.4648437500000001 0.4843750000000001 0.4648437500000001 0.4843750000000001 0.521484375 0.529296875 0.521484375
9 0.5390625 0.3886718750000001 0.494140625 0.3886718750000001 0.494140625 0.4472656250000001 0.5390625 0.4472656250000001
6 0.55078125 0.3105468750000001 0.50390625 0.3105468750000001 0.50390625 0.3691406250000001 0.55078125 0.3691406250000001
8 0.5625 0.23046875000000006 0.513671875 0.23046875000000006 0.513671875 0.2929687500000001 0.5625 0.2929687500000001
5 0.572265625 0.14843750000000006 0.5234375 0.14843750000000006 0.5234375 0.21093750000000006 0.572265625 0.21093750000000006
4 0.583984375 0.06054687500000007 0.53515625 0.06054687500000007 0.53515625 0.12304687500000007 0.583984375 0.12304687500000008