2 0.9470986402199268 0.9421409350688655 0.06605097091900647 0.05114486436318466
0 0.8620354983528602 0.8713177534716959 0.07595317172358351 0.05315480410743234
3 0.7808103185835049 0.7994952834768273 0.06632412252816078 0.05505111436318466
7 0.6954057372049953 0.7237892893796577 0.07400004672358351 0.053143441158582716
1 0.6149522562287744 0.6490314504103643 0.0754068685052749 0.04534230410743234
9 0.5298208264594191 0.5772317063131946 0.07554344430985216 0.04729542910743234
6 0.4483907829831981 0.502479548818326 0.07191034591900636 0.05117895320973331
8 0.3631910653115543 0.42970324222115647 0.07400004672358351 0.05314344115858283
5 0.27478850853075615 0.35303773004726113 0.07581659591900636 0.05120167910743234
4 0.1842962509453808 0.27443045582221537 0.07427319833273788 0.05704969115858283
10 0.9543701171875 0.994854458984375 0.967644771484375 0.99477723046875 0.97764858203125 0.932535640625 0.18211474609375 0.232381388671875 0.126320400390625 0.266802568359375 0.9543701171875 0.994854458984375