10 1.00019018057228 0.807120189039898 0.06563901832947046 0.8034818099932237 0.06544883775719075 0.852331441265826 1.0000000000000002 0.8559698203125004
2 0.892578125 0.810546875 0.833984375 0.810546875 0.833984375 0.853515625 0.892578125 0.853515625
0 0.80078125 0.810546875 0.7421875 0.810546875 0.7421875 0.853515625 0.80078125 0.853515625
3 0.712890625 0.80859375 0.654296875 0.80859375 0.654296875 0.8515625 0.712890625 0.8515625
7 0.623046875 0.80859375 0.564453125 0.80859375 0.564453125 0.8515625 0.623046875 0.8515625
1 0.53515625 0.806640625 0.4765625000000001 0.806640625 0.4765625000000001 0.849609375 0.53515625 0.849609375
9 0.4433593750000001 0.806640625 0.3867187500000001 0.806640625 0.3867187500000001 0.849609375 0.4433593750000001 0.849609375
6 0.3535156250000001 0.806640625 0.2968750000000001 0.806640625 0.2968750000000001 0.849609375 0.3535156250000001 0.849609375
8 0.2675781250000001 0.8046875 0.2050781250000001 0.8046875 0.2050781250000001 0.849609375 0.2675781250000001 0.849609375
5 0.1718750000000001 0.806640625 0.11523437500000011 0.806640625 0.11523437500000011 0.849609375 0.1718750000000001 0.849609375
4 0.08203125000000011 0.8046875 0.06640625000000011 0.8046875 0.06640625000000011 0.84765625 0.08203125000000011 0.84765625