10 0.9652253734852239 0.5358658336816818 0.19190468164062507 0.42237375390625004 0.1831132312966361 0.48227758574881996 0.9564339231412349 0.5957696655242517
2 0.37695312500000006 0.4453125 0.330078125 0.4453125 0.33007812500000006 0.501953125 0.3769531250000001 0.501953125
0 0.4511718750000001 0.45703125 0.4062500000000001 0.45703125 0.4062500000000001 0.51171875 0.4511718750000001 0.51171875
3 0.521484375 0.4648437500000001 0.4765625000000001 0.4648437500000001 0.4765625000000001 0.521484375 0.521484375 0.521484375
7 0.58984375 0.4765625000000001 0.544921875 0.4765625000000001 0.544921875 0.529296875 0.58984375 0.529296875
1 0.65625 0.4882812500000001 0.611328125 0.4882812500000001 0.611328125 0.5390625 0.65625 0.5390625
9 0.716796875 0.4960937500000001 0.67578125 0.4960937500000001 0.67578125 0.548828125 0.716796875 0.548828125
6 0.77734375 0.50390625 0.740234375 0.50390625 0.740234375 0.5546875 0.77734375 0.5546875
8 0.837890625 0.51171875 0.80078125 0.51171875 0.80078125 0.564453125 0.837890625 0.564453125
5 0.890625 0.5234375 0.86328125 0.5234375 0.86328125 0.572265625 0.890625 0.572265625
4 0.95703125 0.5273437500000002 0.921875 0.5273437500000002 0.921875 0.5800781250000002 0.95703125 0.5800781250000002