2 0.5644397091323311 0.27604876549308843 0.029705955004772466 0.03635000617864481
0 0.556910608290911 0.3353405348847379 0.029728681671704393 0.03830313117864481
3 0.548393581616025 0.39556907490376597 0.027821010005567803 0.04212979743340184
7 0.5408303907742074 0.4577905317954155 0.029774135005567803 0.04220938117864481
1 0.5342210357654577 0.5220049055596866 0.02979686167249973 0.04416250617864481
9 0.5276003174232422 0.5871958418239576 0.03177271333943166 0.046195214923887784
6 0.518004458247163 0.6561736524703641 0.029865041673295067 0.05002188117864481
8 0.5093737982376181 0.7261678174893922 0.031840893340226994 0.052054589923887784
5 0.5016856107276753 0.7991314618810417 0.029865041673295067 0.05002188117864481
4 0.4929185907165395 0.8808443769000698 0.03381674500715881 0.05408729866913076
10 0.575656958984375 0.300009140625 0.60901960546875 0.02984840234375 0.582520498046875 0.027378380859375 0.49073922265625 0.76121465625 0.473278056640625 0.901940322265625 0.504776109375 0.911888671875 0.575656958984375 0.300009140625