2 0.2070312500000001 0.712890625 0.1464843750000001 0.712890625 0.1464843750000001 0.73046875 0.2070312500000001 0.73046875
0 0.3027343750000001 0.69140625 0.2421875000000001 0.69140625 0.2421875000000001 0.708984375 0.3027343750000001 0.708984375
3 0.4023437500000001 0.669921875 0.3359375000000001 0.669921875 0.3359375000000001 0.68359375 0.4023437500000001 0.68359375
7 0.4941406250000001 0.6484375 0.4296875000000001 0.6484375 0.4296875000000001 0.662109375 0.4941406250000001 0.662109375
1 0.576171875 0.626953125 0.525390625 0.626953125 0.525390625 0.6484375 0.576171875 0.6484375
9 0.666015625 0.609375 0.625 0.609375 0.625 0.62890625 0.666015625 0.62890625
6 0.755859375 0.58984375 0.716796875 0.58984375 0.716796875 0.609375 0.755859375 0.609375
8 0.83203125 0.5703125 0.802734375 0.5703125 0.802734375 0.59375 0.83203125 0.59375
5 0.921875 0.5546875000000001 0.890625 0.5546875 0.890625 0.5761718750000001 0.921875 0.5761718750000002
4 1 0.5351562500000002 0.9765625 0.5351562500000002 0.9765625 0.5625000000000002 1 0.5625000000000002
10 1.0060837377525063 0.5633016108078576 0.9971199054332759 0.5222470381577247 -0.008706556928605419 0.741858622662367 0.0002572753906250058 0.7829131953124999