10 0.9976957065642903 0.08314152136197878 0.9514499951353449 0.04557563115917157 0.22637132715629377 0.9381880160012481 0.27261703858523917 0.9757539062040552
2 0.2968750000000001 0.900390625 0.2441406250000001 0.900390625 0.2441406250000001 0.953125 0.2968750000000001 0.953125
0 0.3769531250000001 0.8046875 0.3144531250000001 0.8046875 0.3144531250000001 0.873046875 0.3769531250000001 0.873046875
3 0.4511718750000001 0.716796875 0.3906250000000001 0.716796875 0.3906250000000001 0.77734375 0.4511718750000001 0.77734375
7 0.525390625 0.62109375 0.4667968750000001 0.62109375 0.4667968750000001 0.6875 0.525390625 0.6875
1 0.599609375 0.53125 0.5390625 0.53125 0.5390625 0.595703125 0.599609375 0.595703125
9 0.671875 0.4394531250000001 0.615234375 0.4394531250000001 0.615234375 0.501953125 0.671875 0.501953125
6 0.748046875 0.3496093750000001 0.689453125 0.3496093750000001 0.689453125 0.4121093750000001 0.748046875 0.4121093750000001
8 0.822265625 0.2558593750000001 0.763671875 0.2558593750000001 0.763671875 0.3222656250000001 0.822265625 0.3222656250000001
5 0.900390625 0.1621093750000001 0.837890625 0.1621093750000001 0.837890625 0.2285156250000001 0.900390625 0.2285156250000001
4 0.9765625 0.06835937500000011 0.9140625 0.06835937500000011 0.9140625 0.1328125000000001 0.9765625 0.1328125000000001