10 0.9556084722895085 0.6830289737707753 0.12159658007812504 0.412616650390625 0.10381919200748849 0.46744607856917825 0.937831084218872 0.7378584019493286
2 0.716796875 0.59375 0.6640625 0.59375 0.6640625 0.658203125 0.716796875 0.658203125
0 0.654296875 0.576171875 0.6015625 0.576171875 0.6015625 0.638671875 0.654296875 0.638671875
3 0.59375 0.552734375 0.541015625 0.552734375 0.541015625 0.619140625 0.59375 0.619140625
7 0.533203125 0.53515625 0.4765625000000001 0.53515625 0.4765625000000001 0.59765625 0.533203125 0.59765625
1 0.4726562500000001 0.513671875 0.4179687500000001 0.513671875 0.4179687500000001 0.578125 0.4726562500000001 0.578125
9 0.4082031250000001 0.49609375 0.3554687500000001 0.49609375 0.3554687500000001 0.55859375 0.4082031250000001 0.55859375
6 0.3476562500000001 0.478515625 0.2968750000000001 0.478515625 0.2968750000000001 0.537109375 0.3476562500000001 0.537109375
8 0.2871093750000001 0.455078125 0.23242187500000006 0.455078125 0.23242187500000006 0.51953125 0.2871093750000001 0.51953125
5 0.22265625000000006 0.435546875 0.16992187500000006 0.435546875 0.16992187500000006 0.498046875 0.22265625000000006 0.498046875
4 0.16406250000000006 0.412109375 0.10546875000000006 0.412109375 0.10546875000000006 0.478515625 0.16406250000000006 0.478515625