2 0.12434982261896482 0.3709883054953478 0.05210361120519008 0.06619997406759448
0 0.18500320909571122 0.3497247756701787 0.05210361120519008 0.06619997406759448
3 0.24575895451636978 0.33041437084500963 0.05210361120519008 0.06619997406759448
7 0.3083142865211601 0.3080262795571368 0.052103611205190026 0.06619997406759448
1 0.36799111049790645 0.2868367492133196 0.052103611205190026 0.06619997406759448
9 0.429672238946609 0.26647578240679864 0.054056736205190026 0.06634797303029827
6 0.49125100845139924 0.2441616906002777 0.056009861205190026 0.06649597199300206
8 0.5519043949281457 0.2228981607751086 0.05600986120519025 0.06649597199300206
5 0.6163104929890237 0.19840894552453198 0.05806534514910222 0.06859709595570584
4 0.681795512493814 0.17579885579260346 0.05600986120519025 0.06649597199300206
10 0.01990228125 0.3797581484375 0.022930822265625 0.43754615625 0.27643025390625 0.349186888671875 0.709899076171875 0.19608391015625 0.694853201171875 0.140213990234375 0.01990228125 0.3797581484375