4 0.8134900350913603 0.6905352095449402 0.03778465067829462 0.04122015807929147
5 0.7773688406123092 0.6444095130679498 0.03961261374123293 0.03927839602814087
8 0.7430130282276655 0.6012248670398088 0.04181606261535631 0.043196008976990274
6 0.7085946348744909 0.559016783511668 0.03778465067829462 0.04122015807929147
9 0.6723482784583781 0.5148442120346776 0.03620701148947969 0.047068170130441844
1 0.6399455910737345 0.4716709289553861 0.03948745180417146 0.03732527102814087
7 0.6065663411890908 0.4284919644016699 0.039988099552418 0.04513777102814087
3 0.5712339663044472 0.38530163689910424 0.037534326804171236 0.03731390807929147
0 0.5368781539198035 0.34211699087096337 0.037534326804171236 0.03731390807929147
2 0.5025223415351598 0.2989323448428224 0.03728400293004808 0.03340765807929147
10 0.83962996484375 0.687623125 0.40642396484375 0.13820072265625 0.373124705078125 0.166107044921875 0.8109212265625 0.7249416484375 0.83962996484375 0.687623125