4 0.6826171875 0.5781824903665875 0.0390625 0.05201676894086349
5 0.62890625 0.5923527924479004 0.0390625 0.05006364394086349
8 0.576171875 0.6036731231277348 0.0390625 0.05201676894086349
6 0.5224609375 0.6168668627090477 0.0390625 0.05201676894086349
9 0.4716796875 0.6302997505859254 0.0390625 0.05201676894086349
1 0.4189453125 0.6445497687657598 0.0390625 0.05201676894086349
7 0.3671875 0.6569263780441159 0.0390625 0.05201676894086349
3 0.3134765625 0.6691435551254286 0.0390625 0.05201676894086349
0 0.2626953125 0.6855061305023062 0.0390625 0.04811051894086349
2 0.2099609375 0.6987795861821406 0.0390625 0.04811051894086349
10 0.70481751171875 0.59662196484375 0.705598705078125 0.5939071875 0.694823265625 0.552474775390625 0.69225758984375 0.54941444921875 0.072969517578125 0.709390771484375 0.07587275 0.718676548828125 0.079819486328125 0.728348203125 0.082000830078125 0.736944748046875 0.083647787109375 0.7448275078125 0.084651076171875 0.75331738671875 0.70481751171875 0.59662196484375