2 0.6018744404814118 0.62952594353974 0.0405237701144292 0.051857336743820426
0 0.5989108365166338 0.5590540113426968 0.04038719430985216 0.049904211743820204
3 0.5969920829541442 0.489478925547132 0.040523770114429425 0.051857336743820204
7 0.5939601910870775 0.41803043085008884 0.0405237701144292 0.051857336743820204
1 0.5929497121222995 0.3473990664560025 0.0405237701144292 0.051857336743820204
9 0.59005439605981 0.2779036967589594 0.0405237701144292 0.051857336743820204
6 0.5869542162904547 0.2054786395619162 0.0405237701144292 0.051857336743820204
8 0.5848988869233882 0.13395042876635144 0.04066034591900625 0.053810461743820204
5 0.5827069817517443 0.060469092970786675 0.04025061850527489 0.047951086743820204
4 0.580583364482389 0.006946494023566015 0.0405237701144292 0.01389298804713203
10 0.56263818359375 0 0.573369607421875 0.3174286796875 0.597236603515625 0.956956078125 0.63287999609375 0.95404653515625 0.621340322265625 0.656096990234375 0.599538935546875 0 0.56263818359375 0