10 0.77952536328125 0.775314248046875 0.08678431812306 0.253749968986851 0.057437548828125046 0.2927283125 0.750178593986315 0.814292591560024
2 0.3710937500000001 0.46875 0.3281250000000001 0.46875 0.3281250000000001 0.49609375 0.3710937500000001 0.49609375
0 0.4218750000000001 0.505859375 0.3789062500000001 0.505859375 0.3789062500000001 0.53125 0.4218750000000001 0.53125
3 0.4707031250000001 0.54296875 0.4296875000000001 0.54296875 0.4296875000000001 0.568359375 0.4707031250000001 0.568359375
7 0.517578125 0.578125 0.4765625000000001 0.578125 0.4765625000000001 0.6015625 0.517578125 0.6015625
1 0.5625 0.61328125 0.521484375 0.61328125 0.521484375 0.634765625 0.5625 0.634765625
9 0.599609375 0.64453125 0.56640625 0.64453125 0.56640625 0.66796875 0.599609375 0.66796875
6 0.646484375 0.677734375 0.607421875 0.677734375 0.607421875 0.69921875 0.646484375 0.69921875
8 0.68359375 0.70703125 0.6484375 0.70703125 0.6484375 0.728515625 0.68359375 0.728515625
5 0.724609375 0.73828125 0.689453125 0.73828125 0.689453125 0.7578125 0.724609375 0.7578125
4 0.765625 0.767578125 0.73046875 0.767578125 0.73046875 0.78515625 0.765625 0.78515625