2 0.15362573256967615 0.37597425596155054 0.04497134099298644 0.034505977179483116
0 0.2414159286291077 0.3830601771212323 0.046924465992986386 0.034653976142186904
3 0.3252372937200084 0.38946553370632164 0.04704962793004808 0.036607101142186904
7 0.41693373977944 0.3962554569405959 0.05290900293004808 0.03705109803029827
1 0.5056379173703407 0.4022908161189258 0.05486212793004808 0.037199096993002057
9 0.5962326389927106 0.4072016138345519 0.060971826804171236 0.04154934388111342
6 0.6898196290836114 0.4128669756061224 0.05876837793004808 0.03749509491840963
8 0.7835317811115738 0.4204854623776928 0.057065576804171236 0.041253345955705845
5 0.8818764217654129 0.42382770174250384 0.054987289867109546 0.039152221993002057
4 0.9789302769299102 0.4307801931819073 0.042139446140179615 0.03900422303029827
10 1 0.41134822265625 0.73571418359375 0.39695109765625 0.4579060625 0.381127279296875 0.18807219140625 0.36142135546875 0.1108021796875 0.3546947265625 0.035503478515625 0.34746689453125 0.03426224609375 0.377966150390625 0.128913892578125 0.387863134765625 0.2851065078125 0.399714869140625 0.4566946640625 0.412014818359375 0.637437 0.42415204296875 0.908369775390625 0.43977586328125 1 0.448202720703125 1 0.41134822265625