10 0.4335124101562501 0.760040638671875 0.418888357909601 0.04030187864638232 0.36477679656869805 0.04140134743165254 0.37940084881534714 0.7611401074571452
4 0.4277343750000001 0.71875 0.3828125000000001 0.71875 0.3828125000000001 0.759765625 0.4277343750000001 0.759765625
5 0.4277343750000001 0.658203125 0.3828125000000001 0.658203125 0.3828125000000001 0.69921875 0.4277343750000001 0.69921875
8 0.4277343750000001 0.6015625 0.3789062500000001 0.6015625 0.3789062500000001 0.642578125 0.4277343750000001 0.642578125
6 0.4257812500000001 0.544921875 0.3808593750000001 0.544921875 0.3808593750000001 0.5859375 0.4257812500000001 0.5859375
9 0.4277343750000001 0.486328125 0.3769531250000001 0.486328125 0.3769531250000001 0.52734375 0.4277343750000001 0.52734375
1 0.42773437500000006 0.42578125 0.375 0.42578125 0.37500000000000006 0.470703125 0.4277343750000001 0.470703125
7 0.423828125 0.369140625 0.375 0.369140625 0.375 0.41015625 0.423828125 0.41015625
3 0.423828125 0.302734375 0.37109375 0.302734375 0.37109375 0.349609375 0.423828125 0.349609375
0 0.421875 0.24414062500000006 0.369140625 0.24414062500000006 0.369140625 0.2890625 0.421875 0.2890625
2 0.421875 0.17968750000000006 0.365234375 0.17968750000000006 0.365234375 0.22851562500000006 0.421875 0.22851562500000006