10 0.8531683512282673 0.9117900048423004 0.741553734375 0.04732160742187504 0.7050450426613851 0.0520353756169747 0.8166596595146524 0.9165037730374
2 0.830078125 0.693359375 0.7890625 0.693359375 0.7890625 0.740234375 0.830078125 0.740234375
0 0.822265625 0.623046875 0.78125 0.623046875 0.78125 0.669921875 0.822265625 0.669921875
3 0.814453125 0.552734375 0.771484375 0.552734375 0.771484375 0.603515625 0.814453125 0.603515625
7 0.8046875 0.4843750000000001 0.76171875 0.4843750000000001 0.76171875 0.53515625 0.8046875 0.53515625
1 0.794921875 0.4140625000000001 0.75 0.4140625000000001 0.75 0.4628906250000001 0.794921875 0.4628906250000001
9 0.783203125 0.3437500000000001 0.7421875 0.3437500000000001 0.7421875 0.3945312500000001 0.783203125 0.3945312500000001
6 0.775390625 0.2734375000000001 0.732421875 0.2734375000000001 0.732421875 0.3203125000000001 0.775390625 0.3203125000000001
8 0.76953125 0.1953125000000001 0.72265625 0.1953125000000001 0.72265625 0.2480468750000001 0.76953125 0.2480468750000001
5 0.7578125 0.1269531250000001 0.71484375 0.1269531250000001 0.71484375 0.1718750000000001 0.7578125 0.1718750000000001
4 0.748046875 0.05078125000000009 0.705078125 0.05078125000000008 0.705078125 0.10156250000000008 0.748046875 0.10156250000000008