10 0.996475481676799 0.6124894600988284 0.22631327148437505 0.39059705078125007 0.21495089332320105 0.4300345164636718 0.985113103515625 0.6519269257812501
2 0.81640625 0.546875 0.759765625 0.546875 0.759765625 0.595703125 0.81640625 0.595703125
0 0.73828125 0.525390625 0.68359375 0.525390625 0.68359375 0.572265625 0.73828125 0.572265625
3 0.666015625 0.505859375 0.6171875 0.505859375 0.6171875 0.552734375 0.666015625 0.552734375
7 0.595703125 0.4882812500000001 0.548828125 0.4882812500000001 0.548828125 0.529296875 0.595703125 0.529296875
1 0.53515625 0.4707031250000001 0.4902343750000001 0.4707031250000001 0.4902343750000001 0.51171875 0.53515625 0.51171875
9 0.47460937500000006 0.45312500000000006 0.43359375 0.453125 0.43359375000000006 0.49414062500000006 0.4746093750000001 0.4941406250000001
6 0.41601562500000006 0.435546875 0.375 0.435546875 0.37500000000000006 0.4765625 0.4160156250000001 0.4765625
8 0.36132812500000006 0.421875 0.322265625 0.421875 0.32226562500000006 0.45703125 0.3613281250000001 0.45703125
5 0.30859375 0.40625 0.271484375 0.40625 0.271484375 0.443359375 0.30859375 0.443359375
4 0.2578125 0.392578125 0.22265625000000006 0.392578125 0.22265625000000006 0.427734375 0.2578125 0.427734375