2 0.22599526797665176 0.6873368074405175 0.03966834859780477 0.05077294493433149
0 0.23315489243972512 0.6184144582490005 0.03977070754171691 0.05272606993433171
3 0.24031451690279848 0.5494921090574836 0.03966834859780477 0.05077294493433149
7 0.2494784458378279 0.48144396342205426 0.039565989653892575 0.0488198199343316
1 0.25679160871676954 0.41545130173053724 0.03966834859780466 0.0507729449343316
9 0.2651836930396234 0.35136058556706407 0.039565989653892575 0.0488198199343316
6 0.27157147289052114 0.28639566584750314 0.039565989653892575 0.0488198199343316
8 0.27703386971337496 0.22245848809989827 0.03946363070998038 0.0468666949343316
5 0.284551750480141 0.16037207640838125 0.03946363070998038 0.0468666949343316
4 0.29181373388712656 0.09340285221686419 0.037203428878243794 0.04090496099041943
10 0.18217034765625 0.92766895703125 0.216754080078125 0.9314151015625 0.308922607421875 0.077145578125 0.2777042578125 0.073573904296875 0.18217034765625 0.92766895703125