2 0.35040736559600705 0.18642606587992094 0.03611089926848954 0.04367960632866802
0 0.37573143438849843 0.2692567409323663 0.036201818246440975 0.047585856328668075
3 0.401032773436502 0.35111085348481164 0.03615635875746537 0.045632731328667964
7 0.43028582197348125 0.43521408896266456 0.036247277735416694 0.049538981328667964
1 0.45554170153250906 0.51511507651511 0.03829132171336802 0.053593230291371974
9 0.48084304058051264 0.5969691890675553 0.03829132171336802 0.053593230291371974
6 0.508120234373004 0.6799478630827045 0.03829132171336802 0.053593230291371974
8 0.5334215734210075 0.7618019756351497 0.03838224069131968 0.057499480291371974
5 0.5607214969579868 0.845757212150299 0.03838224069131946 0.057499480291371974
4 0.5870903174839417 0.9315915741840961 0.03838224069131946 0.057499480291371974
10 0.43160625 0.38273412109375 0.3225946953125 0.051068037109375 0.29245285546875 0.0552113671875 0.3130358359375 0.113869431640625 0.3517901796875 0.233418330078125 0.45858802734375 0.56344249609375 0.583059388671875 0.9586700625 0.6118376015625 0.9574040703125 0.534529150390625 0.70944094140625 0.43160625 0.38273412109375