10 0.5761205255710029 0.9996485934969912 0.47011501562499997 0.07682917187499999 0.4343786315120634 0.08093425845289154 0.5403841414580663 1.0037536800748827
2 0.5605468750000001 0.87109375 0.529296875 0.87109375 0.5292968750000001 0.9140625 0.5605468750000002 0.9140625
0 0.55078125 0.787109375 0.51953125 0.787109375 0.51953125 0.828125 0.55078125 0.828125
3 0.541015625 0.69921875 0.509765625 0.69921875 0.509765625 0.744140625 0.541015625 0.744140625
7 0.53125 0.611328125 0.4980468750000001 0.611328125 0.4980468750000001 0.6640625 0.53125 0.6640625
1 0.5234375 0.5234375 0.4882812500000001 0.5234375 0.4882812500000001 0.580078125 0.5234375 0.580078125
9 0.513671875 0.4394531250000001 0.48046875 0.4394531250000001 0.48046875000000006 0.4921875000000001 0.513671875 0.4921875000000001
6 0.501953125 0.3515625000000001 0.470703125 0.3515625000000001 0.470703125 0.4082031250000001 0.501953125 0.4082031250000001
8 0.490234375 0.2695312500000001 0.458984375 0.2695312500000001 0.458984375 0.3164062500000001 0.490234375 0.3164062500000001
5 0.482421875 0.17968750000000006 0.447265625 0.17968750000000006 0.447265625 0.22851562500000006 0.482421875 0.22851562500000006
4 0.47265625 0.08593750000000006 0.4375 0.08593750000000006 0.4375 0.13281250000000006 0.47265625 0.13281250000000006