10 0.5959974025507678 0.012026994581836092 0.5536958203125 0.00657913476562505 0.4257969978951873 0.9996888580672829 0.4680985801334552 1.0051367178834938
2 0.4980468750000001 0.732421875 0.4609375000000001 0.732421875 0.4609375000000001 0.779296875 0.4980468750000001 0.779296875
0 0.509765625 0.650390625 0.4726562500000001 0.650390625 0.4726562500000001 0.69921875 0.509765625 0.69921875
3 0.51953125 0.572265625 0.4863281250000001 0.572265625 0.4863281250000001 0.62109375 0.51953125 0.62109375
7 0.529296875 0.4941406250000001 0.4941406250000001 0.4941406250000001 0.4941406250000001 0.541015625 0.529296875 0.541015625
1 0.537109375 0.4140625000000001 0.50390625 0.4140625000000001 0.50390625 0.4648437500000001 0.537109375 0.4648437500000001
9 0.548828125 0.3378906250000001 0.515625 0.3378906250000001 0.515625 0.3847656250000001 0.548828125 0.3847656250000001
6 0.556640625 0.2578125000000001 0.525390625 0.2578125000000001 0.525390625 0.3066406250000001 0.556640625 0.3066406250000001
8 0.56640625 0.17968750000000006 0.53515625 0.17968750000000006 0.53515625 0.22851562500000006 0.56640625 0.22851562500000006
5 0.578125 0.09960937500000007 0.546875 0.09960937500000006 0.546875 0.14843750000000006 0.578125 0.14843750000000006
4 0.587890625 0.01562500000000007 0.5546875 0.01562500000000007 0.5546875 0.06250000000000007 0.587890625 0.06250000000000008