2 0.7631613385714415 0.5856275188877522 0.04810240620234385 0.054098298198680395
0 0.692780649337978 0.5847437161857729 0.04810240620234385 0.05409829819868062
3 0.6204241053600266 0.5829401811170719 0.050146450180295066 0.05806137833195879
7 0.5520647303600266 0.5849292357818142 0.04814786569131946 0.056051423198680395
1 0.48561302087105085 0.5849083353132781 0.04805694671336802 0.052145173198680395
9 0.41625435362656305 0.5859492425446595 0.04415069671336802 0.052031512932123825
6 0.3507792066375873 0.5858999270094843 0.05010099069131946 0.05610825333195879
8 0.2833282049041238 0.5849308791075876 0.04810240620234385 0.05409829819868062
5 0.21490064067066023 0.5839902462723299 0.04410523722439241 0.050078387932123825
4 0.1484489311816845 0.5839693458037938 0.046149281202343795 0.05404146806540222
10 0.9910730546875 0.6174456796875 0.984950333984375 0.562791041015625 0.123891251953125 0.556876896484375 0.126645080078125 0.612310673828125 0.9910730546875 0.6174456796875