2 0.7689968011071581 0.7691170914263261 0.06244172303029827 0.054193947312694224
0 0.7623962780244145 0.6948414631377811 0.0622937240675947 0.052240822312694224
3 0.7521855028670783 0.6242445716950566 0.06424684906759448 0.05235457888978434
7 0.7446824167656866 0.5508886276179668 0.0639508511421869 0.04844832888978434
1 0.7376233275524062 0.48339205854087697 0.05794347717948334 0.04615393415851465
9 0.7293656773950701 0.41290892367524223 0.057943477179483116 0.04615393415851465
6 0.7232091512004377 0.3444926703866974 0.058091476142187126 0.04810705915851465
8 0.7171266244871574 0.27705297959815245 0.05764747925407554 0.04224768415851465
5 0.7101415347552289 0.21053297302106266 0.06170172821677955 0.044428322312694335
4 0.7040590080419484 0.14309328223251774 0.058091476142186904 0.04810705915851471
10 0.78997235546875 0.662331796875 0.75037009375 0.319291123046875 0.730108130859375 0.1199999609375 0.671331349609375 0.11887719140625 0.695218853515625 0.375357416015625 0.73348777734375 0.731474462890625 0.753632216796875 0.91124212109375 0.8176499921875 0.913856755859375 0.78997235546875 0.662331796875