2 0.6027816350395675 0.7274821718293398 0.06136508116851025 0.048284244158246725
0 0.6113710886723341 0.6598720618844613 0.05941195616851025 0.048238784669270895
3 0.6208859669195688 0.589309534695095 0.05355258116851003 0.04810240620234385
7 0.6294583745904915 0.5207228622502165 0.05944604809219811 0.050191909669270895
1 0.6380307822614141 0.452136189805338 0.05749292309219811 0.05014645018029529
9 0.6466713737797125 0.3874557673604595 0.05742473924482239 0.04624020018029529
6 0.6562373899124792 0.3198229276710932 0.05355258116851025 0.04810240620234385
8 0.6677906229689337 0.2540977534927512 0.05355258116851025 0.04810240620234385
5 0.6754205600635441 0.18748693579236053 0.06136508116851003 0.048284244158246614
4 0.6878651258107789 0.11685621936953068 0.05553979809219811 0.050100990691319486
10 0.661016158203125 0.092822548828125 0.623336916015625 0.347281990234375 0.595889541015625 0.551669634765625 0.5769735703125 0.694879765625 0.555481701171875 0.858214916015625 0.61450934375 0.864388947265625 0.67919308984375 0.370416892578125 0.720862220703125 0.097893494140625 0.661016158203125 0.092822548828125