10 1.0040169915021508 0.5976268908317856 0.999053824821872 0.5326987025813821 0.31114234308534616 0.5852832492495965 0.316105509765625 0.6502114375
2 0.96484375 0.5468750000000002 0.919921875 0.5468750000000002 0.919921875 0.6035156250000002 0.96484375 0.6035156250000002
0 0.900390625 0.55078125 0.85546875 0.55078125 0.85546875 0.60546875 0.900390625 0.60546875
3 0.83984375 0.552734375 0.7890625 0.552734375 0.7890625 0.61328125 0.83984375 0.61328125
7 0.7734375 0.55859375 0.72265625 0.55859375 0.72265625 0.6171875 0.7734375 0.6171875
1 0.708984375 0.5625 0.658203125 0.5625 0.658203125 0.62109375 0.708984375 0.62109375
9 0.640625 0.56640625 0.58984375 0.56640625 0.58984375 0.625 0.640625 0.625
6 0.57421875 0.5703125 0.521484375 0.5703125 0.521484375 0.62890625 0.57421875 0.62890625
8 0.5078125 0.57421875 0.4550781250000001 0.57421875 0.4550781250000001 0.6328125 0.5078125 0.6328125
5 0.4375000000000001 0.580078125 0.3847656250000001 0.580078125 0.3847656250000001 0.640625 0.4375000000000001 0.640625
4 0.3652343750000001 0.583984375 0.3105468750000001 0.583984375 0.3105468750000001 0.646484375 0.3652343750000001 0.646484375