10 0.732503760993708 0.00484635531978992 0.6725947159935346 0.0023318134748488775 0.6398724624766922 0.7819406167212968 0.6997815074768655 0.7844551585662378
4 0.697265625 0.7421875 0.6484375 0.7421875 0.6484375 0.783203125 0.697265625 0.783203125
5 0.69921875 0.6796875 0.650390625 0.6796875 0.650390625 0.716796875 0.69921875 0.716796875
8 0.703125 0.6171875 0.650390625 0.6171875 0.650390625 0.65625 0.703125 0.65625
6 0.705078125 0.5546875 0.65625 0.5546875 0.65625 0.59375 0.705078125 0.59375
9 0.708984375 0.4882812500000001 0.654296875 0.4882812500000001 0.654296875 0.529296875 0.708984375 0.529296875
1 0.7109375 0.4238281250000001 0.658203125 0.4238281250000001 0.658203125 0.4667968750000001 0.7109375 0.4667968750000001
7 0.712890625 0.3613281250000001 0.66015625 0.3613281250000001 0.66015625 0.4003906250000001 0.712890625 0.4003906250000001
3 0.71875 0.2910156250000001 0.662109375 0.2910156250000001 0.662109375 0.3339843750000001 0.71875 0.3339843750000001
0 0.71875 0.22460937500000008 0.666015625 0.22460937500000006 0.666015625 0.2695312500000001 0.71875 0.2695312500000001
2 0.724609375 0.15429687500000008 0.66796875 0.15429687500000006 0.66796875 0.20117187500000008 0.724609375 0.2011718750000001