10 0.7576124045651154 0.8761923289492135 0.42139956655236666 -0.013849317534347094 0.3785149716088118 0.002350319224185271 0.7147278096215606 0.8923919657077458
2 0.47265625 0.11132812500000006 0.435546875 0.11132812500000006 0.435546875 0.15234375000000006 0.47265625 0.15234375000000006
0 0.5 0.18750000000000006 0.466796875 0.18750000000000006 0.466796875 0.23437500000000006 0.5 0.23437500000000006
3 0.53125 0.2734375000000001 0.498046875 0.2734375000000001 0.498046875 0.3164062500000001 0.53125 0.3164062500000001
7 0.5625 0.3554687500000001 0.525390625 0.3554687500000001 0.525390625 0.3945312500000001 0.5625 0.3945312500000001
1 0.591796875 0.4355468750000001 0.556640625 0.4355468750000001 0.556640625 0.4746093750000001 0.591796875 0.4746093750000001
9 0.6171875 0.51171875 0.5859375 0.51171875 0.5859375 0.552734375 0.6171875 0.552734375
6 0.65234375 0.591796875 0.615234375 0.591796875 0.615234375 0.6328125 0.65234375 0.6328125
8 0.6796875 0.666015625 0.646484375 0.666015625 0.646484375 0.70703125 0.6796875 0.70703125
5 0.708984375 0.748046875 0.677734375 0.748046875 0.677734375 0.7890625 0.708984375 0.7890625
4 0.740234375 0.830078125 0.705078125 0.830078125 0.705078125 0.8671875 0.740234375 0.8671875