10 0.7929745766793922 0.5187906939568208 0.7895069017698297 0.4698705755181204 -0.0034676749095624015 0.5260801296081747 6.938893903907228e-18 0.5750002480468751
2 0.15039062500000006 0.521484375 0.08593750000000006 0.521484375 0.08593750000000006 0.5625 0.15039062500000006 0.5625
0 0.2500000000000001 0.515625 0.18554687500000006 0.515625 0.18554687500000006 0.556640625 0.2500000000000001 0.556640625
3 0.3339843750000001 0.51171875 0.2792968750000001 0.51171875 0.2792968750000001 0.55078125 0.3339843750000001 0.55078125
7 0.4160156250000001 0.5078125 0.3652343750000001 0.5078125 0.3652343750000001 0.544921875 0.4160156250000001 0.544921875
1 0.4882812500000001 0.50390625 0.4414062500000001 0.50390625 0.4414062500000001 0.541015625 0.4882812500000001 0.541015625
9 0.5546875 0.5 0.51171875 0.5 0.51171875 0.53515625 0.5546875 0.53515625
6 0.619140625 0.4980468750000001 0.580078125 0.4980468750000001 0.580078125 0.53125 0.619140625 0.53125
8 0.6796875 0.4941406250000001 0.640625 0.4941406250000001 0.640625 0.52734375 0.6796875 0.52734375
5 0.734375 0.4921875000000001 0.69921875 0.4921875000000001 0.69921875 0.5234375 0.734375 0.5234375
4 0.791015625 0.4882812500000001 0.755859375 0.4882812500000001 0.755859375 0.51953125 0.791015625 0.51953125