10 0.7308373906250001 0.8497206093750002 8.326672684688674e-17 0.6867558574218751 -0.014115613255743703 0.7500592272319724 0.7167217773692562 0.9130239791850975
2 0.1699218750000001 0.712890625 0.10546875000000008 0.712890625 0.10546875000000008 0.78515625 0.1699218750000001 0.78515625
0 0.2343750000000001 0.7265625 0.1699218750000001 0.7265625 0.1699218750000001 0.80078125 0.2343750000000001 0.80078125
3 0.2929687500000001 0.740234375 0.2324218750000001 0.740234375 0.2324218750000001 0.810546875 0.2929687500000001 0.810546875
7 0.3593750000000001 0.751953125 0.2968750000000001 0.751953125 0.2968750000000001 0.826171875 0.3593750000000001 0.826171875
1 0.4199218750000001 0.767578125 0.3574218750000001 0.767578125 0.3574218750000001 0.83984375 0.4199218750000001 0.83984375
9 0.4824218750000001 0.78125 0.4218750000000001 0.78125 0.4218750000000001 0.853515625 0.4824218750000001 0.853515625
6 0.544921875 0.796875 0.4824218750000001 0.796875 0.4824218750000001 0.869140625 0.544921875 0.869140625
8 0.60546875 0.810546875 0.54296875 0.810546875 0.54296875 0.8828125 0.60546875 0.8828125
5 0.669921875 0.826171875 0.607421875 0.826171875 0.607421875 0.8984375 0.669921875 0.8984375
4 0.7285156250000001 0.83984375 0.671875 0.83984375 0.6718750000000001 0.912109375 0.7285156250000002 0.912109375