2 0.6773343575442075 0.6253810287615023 0.03826885367453059 0.036232336743820204
0 0.6155846084512566 0.6089984840668837 0.04203869441870367 0.03264495113790655
3 0.5625898195443491 0.5928750569855707 0.03604291016287631 0.02826040454677692
7 0.5114458486955713 0.5795218852072148 0.03200025090704939 0.02403529015269079
1 0.469965195904923 0.5683012399436429 0.028094000907049277 0.02371642575860422
9 0.4302671565444909 0.5618039749830279 0.022098216651222136 0.019331879167474808
6 0.3935670093119723 0.5531144367268481 0.018191966651222025 0.01901301477338846
8 0.36080721439341046 0.543129471576582 0.018123762023308565 0.01705988977338846
5 0.33097710697484867 0.5329053581307511 0.022098216651222136 0.019331879167474808
4 0.3028614083585894 0.5293577499878771 0.018123762023308565 0.01705988977338846
10 0.85940214453125 0.7090066328125 0.899461876953125 0.653097265625 0.304360994140625 0.512276251953125 0.2831731171875 0.54047353125 0.85940214453125 0.7090066328125