10 0.8880514218750001 0.5576549804687502 6.245004513516506e-17 0.5044777636718751 -0.002214997866933164 0.5414678907162025 0.885836424008067 0.5946451075130775
2 0.20703125000000006 0.513671875 0.15429687500000006 0.513671875 0.15429687500000006 0.556640625 0.20703125000000006 0.556640625
0 0.2812500000000001 0.517578125 0.23242187500000006 0.517578125 0.23242187500000006 0.560546875 0.2812500000000001 0.560546875
3 0.3574218750000001 0.521484375 0.3085937500000001 0.521484375 0.3085937500000001 0.564453125 0.3574218750000001 0.564453125
7 0.4316406250000001 0.525390625 0.3847656250000001 0.525390625 0.3847656250000001 0.568359375 0.4316406250000001 0.568359375
1 0.5078125 0.529296875 0.4570312500000001 0.529296875 0.4570312500000001 0.572265625 0.5078125 0.572265625
9 0.580078125 0.533203125 0.533203125 0.533203125 0.533203125 0.576171875 0.580078125 0.576171875
6 0.65625 0.5390625 0.60546875 0.5390625 0.60546875 0.58203125 0.65625 0.58203125
8 0.73046875 0.54296875 0.6796875 0.54296875 0.6796875 0.5859375 0.73046875 0.5859375
5 0.802734375 0.548828125 0.755859375 0.548828125 0.755859375 0.58984375 0.802734375 0.58984375
4 0.87890625 0.552734375 0.830078125 0.552734375 0.830078125 0.595703125 0.87890625 0.595703125