10 1.0090071688450397 0.46670788850196 0.021882748046875032 0.268074734375 0.01170550055893621 0.31865143480553326 0.998829921357101 0.5172845889324933
2 0.87890625 0.4414062500000001 0.83203125 0.4414062500000001 0.83203125 0.4804687500000001 0.87890625 0.4804687500000001
0 0.791015625 0.4238281250000001 0.7421875 0.4238281250000001 0.7421875 0.4628906250000001 0.791015625 0.4628906250000001
3 0.708984375 0.4121093750000001 0.662109375 0.4121093750000001 0.662109375 0.4472656250000001 0.708984375 0.4472656250000001
7 0.619140625 0.3906250000000001 0.572265625 0.3906250000000001 0.572265625 0.4296875000000001 0.619140625 0.4296875000000001
1 0.533203125 0.3730468750000001 0.478515625 0.3730468750000001 0.478515625 0.4101562500000001 0.533203125 0.4101562500000001
9 0.443359375 0.353515625 0.390625 0.353515625 0.390625 0.39453125 0.443359375 0.39453125
6 0.349609375 0.3359375 0.294921875 0.3359375 0.294921875 0.375 0.349609375 0.375
8 0.25390625 0.314453125 0.19726562500000006 0.314453125 0.19726562500000006 0.357421875 0.25390625 0.357421875
5 0.15429687500000006 0.296875 0.10351562500000003 0.296875 0.10351562500000003 0.337890625 0.15429687500000006 0.337890625
4 0.052734375000000035 0.275390625 0.023437500000000035 0.275390625 0.023437500000000038 0.314453125 0.05273437500000004 0.314453125