2 0.857421875 0.705078125 0.0576171875 0.0419921875
0 0.85546875 0.640625 0.056640625 0.0419921875
3 0.853515625 0.578125 0.0576171875 0.0419921875
7 0.8505859375 0.513671875 0.056640625 0.0400390625
1 0.8486328125 0.4521484375 0.056640625 0.041015625
9 0.8466796875 0.392578125 0.0556640625 0.0390625
6 0.8466796875 0.3310546875 0.056640625 0.0390625
8 0.8466796875 0.2705078125 0.0556640625 0.0390625
5 0.8447265625 0.208984375 0.0546875 0.0380859375
4 0.84375 0.1484375 0.0537109375 0.0380859375
10 0.891524140625 0.8699424609375 0.875828373046875 0.373145337890625 0.87111937890625 0.12648883984375 0.81461441796875 0.128254712890625 0.8350191796875 0.86876512890625 0.891524140625 0.8699424609375