10 0.8798513710937502 0.6204181679687502 0.051093330024007316 0.2187120475635967 0.027231554687500048 0.26794116601562507 0.855989595757243 0.6696472864207785
2 0.6953125 0.52734375 0.6484375 0.52734375 0.6484375 0.5625 0.6953125 0.5625
0 0.634765625 0.5 0.587890625 0.5 0.587890625 0.53515625 0.634765625 0.53515625
3 0.576171875 0.4707031250000001 0.529296875 0.4707031250000001 0.529296875 0.5078125 0.576171875 0.5078125
7 0.513671875 0.4414062500000001 0.466796875 0.4414062500000001 0.46679687500000006 0.4765625000000001 0.513671875 0.4765625000000001
1 0.451171875 0.412109375 0.40234375 0.412109375 0.40234375 0.4453125 0.451171875 0.4453125
9 0.384765625 0.37890625 0.337890625 0.37890625 0.337890625 0.416015625 0.384765625 0.416015625
6 0.31640625 0.34765625 0.267578125 0.34765625 0.267578125 0.3828125 0.31640625 0.3828125
8 0.24414062500000006 0.310546875 0.19921875000000006 0.310546875 0.19921875000000006 0.3515625 0.24414062500000006 0.3515625
5 0.17578125000000006 0.27734375 0.12500000000000006 0.27734375 0.12500000000000006 0.314453125 0.17578125000000006 0.314453125
4 0.09570312500000003 0.23828125 0.04296875000000003 0.23828125 0.04296875000000003 0.279296875 0.09570312500000003 0.279296875