4 0.88671875 0.4042968750000001 0.8203125 0.4042968750000001 0.8203125 0.4824218750000001 0.88671875 0.4824218750000001
5 0.7890625 0.4101562500000001 0.728515625 0.4101562500000001 0.728515625 0.4804687500000001 0.7890625 0.4804687500000001
8 0.703125 0.4121093750000001 0.6484375 0.4121093750000001 0.6484375 0.4785156250000001 0.703125 0.4785156250000001
6 0.625 0.4140625000000001 0.576171875 0.4140625000000001 0.576171875 0.4804687500000001 0.625 0.4804687500000001
9 0.552734375 0.4140625000000001 0.505859375 0.4140625000000001 0.505859375 0.4785156250000001 0.552734375 0.4785156250000001
1 0.48632812500000006 0.41406250000000006 0.44140625 0.4140625 0.44140625000000006 0.47851562500000006 0.4863281250000001 0.4785156250000001
7 0.42187500000000006 0.419921875 0.3828125 0.419921875 0.38281250000000006 0.478515625 0.4218750000000001 0.478515625
3 0.36523437500000006 0.421875 0.326171875 0.421875 0.32617187500000006 0.478515625 0.3652343750000001 0.478515625
0 0.30859375000000006 0.421875 0.2734375 0.421875 0.27343750000000006 0.4765625 0.3085937500000001 0.4765625
2 0.25781250000000006 0.423828125 0.22265625000000006 0.423828125 0.22265625000000006 0.478515625 0.2578125000000001 0.478515625
10 0.8883735200326285 0.48438519439393746 0.8877138350894861 0.40286501941105396 0.028791410040953577 0.4098156692501988 0.029451094984095937 0.4913358442330823