10 0.9169715605468751 0.5716413691406252 0.9157266460633312 0.5397465438229977 0.010769304266456082 0.5750687156979974 0.012014218750000001 0.606963541015625
2 0.20117187500000006 0.5703125 0.16796875000000006 0.5703125 0.16796875000000006 0.59375 0.20117187500000006 0.59375
0 0.2773437500000001 0.56640625 0.24023437500000006 0.56640625 0.24023437500000006 0.587890625 0.2773437500000001 0.587890625
3 0.3476562500000001 0.5625 0.3105468750000001 0.5625 0.3105468750000001 0.5859375 0.3476562500000001 0.5859375
7 0.4277343750000001 0.55859375 0.3867187500000001 0.55859375 0.3867187500000001 0.58203125 0.4277343750000001 0.58203125
1 0.50390625 0.5546875 0.4589843750000001 0.5546875 0.4589843750000001 0.580078125 0.50390625 0.580078125
9 0.580078125 0.5546875 0.533203125 0.5546875 0.533203125 0.580078125 0.580078125 0.580078125
6 0.66015625 0.55078125 0.61328125 0.55078125 0.61328125 0.576171875 0.66015625 0.576171875
8 0.73828125 0.546875 0.693359375 0.546875 0.693359375 0.572265625 0.73828125 0.572265625
5 0.8203125 0.544921875 0.77734375 0.544921875 0.77734375 0.5703125 0.8203125 0.5703125
4 0.904296875 0.54296875 0.865234375 0.54296875 0.865234375 0.568359375 0.904296875 0.568359375