10 0.8501020629061875 0.6389987772235229 0.8321830241232755 0.5814890265719461 0.09748615457646304 0.8104078020827983 0.11540519335937505 0.8679175527343751
2 0.3007812500000001 0.759765625 0.2460937500000001 0.759765625 0.2460937500000001 0.818359375 0.3007812500000001 0.818359375
0 0.3652343750000001 0.736328125 0.3105468750000001 0.736328125 0.3105468750000001 0.798828125 0.3652343750000001 0.798828125
3 0.4296875000000001 0.71875 0.3789062500000001 0.71875 0.3789062500000001 0.779296875 0.4296875000000001 0.779296875
7 0.4941406250000001 0.697265625 0.4414062500000001 0.697265625 0.4414062500000001 0.759765625 0.4941406250000001 0.759765625
1 0.5546875 0.6796875 0.501953125 0.6796875 0.501953125 0.740234375 0.5546875 0.740234375
9 0.611328125 0.6640625 0.564453125 0.6640625 0.564453125 0.720703125 0.611328125 0.720703125
6 0.66796875 0.64453125 0.623046875 0.64453125 0.623046875 0.703125 0.66796875 0.703125
8 0.7265625 0.62890625 0.681640625 0.62890625 0.681640625 0.68359375 0.7265625 0.68359375
5 0.78515625 0.611328125 0.740234375 0.611328125 0.740234375 0.6640625 0.78515625 0.6640625
4 0.841796875 0.59375 0.796875 0.59375 0.796875 0.6484375 0.841796875 0.6484375