2 0.25390625 0.7890625 0.0625 0.0458984375
0 0.26171875 0.7158203125 0.0625 0.046875
3 0.2705078125 0.6416015625 0.0634765625 0.044921875
7 0.2783203125 0.5673828125 0.0615234375 0.046875
1 0.28515625 0.494140625 0.060546875 0.046875
9 0.294921875 0.4189453125 0.0634765625 0.04296875
6 0.3017578125 0.3466796875 0.0634765625 0.046875
8 0.30859375 0.2724609375 0.0634765625 0.0458984375
5 0.31640625 0.197265625 0.0634765625 0.0458984375
4 0.32421875 0.1201171875 0.0634765625 0.0458984375
10 0.35930390234375 0.094071427734375 0.293024470703125 0.090931794921875 0.279768849609375 0.24058358203125 0.240698744140625 0.61577008984375 0.21732903515625 0.8306728671875 0.207210318359375 0.963318205078125 0.272791998046875 0.966457837890625 0.2832569453125 0.825701388671875 0.298606150390625 0.6765518359375 0.32302480078125 0.45621825390625 0.338373677734375 0.2955362109375 0.35930390234375 0.094071427734375