2 0.16015625 0.8076171875 0.0537109375 0.041015625
0 0.2451171875 0.806640625 0.0546875 0.0419921875
3 0.3291015625 0.8046875 0.056640625 0.0419921875
7 0.4150390625 0.802734375 0.0556640625 0.0439453125
1 0.5 0.7998046875 0.0556640625 0.0419921875
9 0.5849609375 0.7978515625 0.0537109375 0.0419921875
6 0.669921875 0.7958984375 0.0546875 0.0419921875
8 0.7548828125 0.794921875 0.056640625 0.0419921875
5 0.841796875 0.79296875 0.0546875 0.0419921875
4 0.9287109375 0.791015625 0.0546875 0.0390625
10 0.956729498046875 0.812074404296875 0.95577480078125 0.76982366015625 0.019096560546875 0.7884424609375 0.020051255859375 0.830693205078125 0.956729498046875 0.812074404296875