10 0.41293058593750015 0.07958867968750005 0.37512271086407967 0.07542608252958541 0.27599599725591684 0.9757703297287736 0.3138038723293373 0.9799329268866883
2 0.3378906250000001 0.759765625 0.2968750000000001 0.759765625 0.2968750000000001 0.8125 0.3378906250000001 0.8125
0 0.3457031250000001 0.685546875 0.3066406250000001 0.685546875 0.3066406250000001 0.740234375 0.3457031250000001 0.740234375
3 0.3535156250000001 0.611328125 0.3144531250000001 0.611328125 0.3144531250000001 0.6640625 0.3535156250000001 0.6640625
7 0.3632812500000001 0.5390625 0.3222656250000001 0.5390625 0.3222656250000001 0.591796875 0.3632812500000001 0.591796875
1 0.3730468750000001 0.46484375 0.3300781250000001 0.46484375 0.3300781250000001 0.51953125 0.3730468750000001 0.51953125
9 0.37890625 0.392578125 0.33984375 0.392578125 0.33984375 0.44140625 0.37890625 0.44140625
6 0.388671875 0.31640625 0.34375 0.31640625 0.34375 0.3671875 0.388671875 0.3671875
8 0.396484375 0.23828125000000006 0.353515625 0.23828125000000006 0.353515625 0.29296875 0.396484375 0.29296875
5 0.404296875 0.16210937500000006 0.361328125 0.16210937500000006 0.361328125 0.21289062500000006 0.404296875 0.21289062500000006
4 0.412109375 0.08203125000000006 0.369140625 0.08203125000000006 0.369140625 0.13476562500000006 0.412109375 0.13476562500000006