10 0.8870746484375001 0.5039901796875002 0.8786763824586867 0.4528377372768183 0.07934842968750003 0.5840723066406251 0.08774669566631337 0.635224749051307
2 0.640625 0.4960937500000001 0.59375 0.4960937500000001 0.59375 0.55078125 0.640625 0.55078125
0 0.583984375 0.50390625 0.537109375 0.50390625 0.537109375 0.55859375 0.583984375 0.55859375
3 0.529296875 0.513671875 0.4804687500000001 0.513671875 0.4804687500000001 0.5703125 0.529296875 0.5703125
7 0.4746093750000001 0.5234375 0.4238281250000001 0.5234375 0.4238281250000001 0.580078125 0.4746093750000001 0.580078125
1 0.4160156250000001 0.533203125 0.3691406250000001 0.533203125 0.3691406250000001 0.587890625 0.4160156250000001 0.587890625
9 0.3593750000000001 0.541015625 0.3125000000000001 0.541015625 0.3125000000000001 0.595703125 0.3593750000000001 0.595703125
6 0.3027343750000001 0.548828125 0.2539062500000001 0.548828125 0.2539062500000001 0.60546875 0.3027343750000001 0.60546875
8 0.24609375000000006 0.560546875 0.19726562500000006 0.560546875 0.19726562500000006 0.615234375 0.24609375000000006 0.615234375
5 0.18750000000000006 0.56640625 0.13671875000000006 0.56640625 0.13671875000000006 0.626953125 0.18750000000000006 0.626953125
4 0.12695312500000006 0.576171875 0.07812500000000008 0.576171875 0.07812500000000008 0.634765625 0.12695312500000006 0.634765625