2 0.275390625 0.6640625 0.033203125 0.025390625
0 0.326171875 0.6298828125 0.0341796875 0.0234375
3 0.3720703125 0.5927734375 0.0341796875 0.0234375
7 0.4228515625 0.5556640625 0.0322265625 0.025390625
1 0.4736328125 0.5185546875 0.03515625 0.02734375
9 0.525390625 0.48046875 0.0341796875 0.0234375
6 0.5791015625 0.44140625 0.03515625 0.029296875
8 0.6328125 0.4013671875 0.03515625 0.029296875
5 0.689453125 0.3583984375 0.0341796875 0.029296875
4 0.7490234375 0.3154296875 0.033203125 0.029296875
10 0.7504546953125 0.28755902734375 0.63715178515625 0.370950892578125 0.379683201171875 0.56249851171875 0.098505953125 0.77462450390625 0.130213955078125 0.79999082421875 0.243939484375 0.713745287109375 0.36908002734375 0.620841021484375 0.618515873046875 0.439129216796875 0.7906180546875 0.3135595234375 0.7504546953125 0.28755902734375