10 0.8621643083046281 0.2536448165378302 0.84771823828125 0.18687659765625 0.0004938940191212271 0.3701833026685318 0.014939964042499296 0.43695152155011197
4 0.06054687500000005 0.3671875 0.009765625000000045 0.3671875 0.009765625000000049 0.4296875 0.060546875000000056 0.4296875
5 0.13281250000000006 0.35546875 0.08593750000000006 0.35546875 0.08593750000000006 0.416015625 0.13281250000000006 0.416015625
8 0.20312500000000006 0.337890625 0.15625000000000006 0.337890625 0.15625000000000006 0.40234375 0.20312500000000006 0.40234375
6 0.2734375 0.322265625 0.22851562500000006 0.322265625 0.22851562500000006 0.384765625 0.2734375 0.384765625
9 0.345703125 0.30859375 0.298828125 0.30859375 0.298828125 0.373046875 0.345703125 0.373046875
1 0.4140625 0.296875 0.3671875 0.296875 0.3671875 0.35546875 0.4140625 0.35546875
7 0.48046875 0.27734375000000006 0.4375 0.27734375 0.4375 0.33984375000000006 0.48046875 0.3398437500000001
3 0.556640625 0.2617187500000001 0.5078125 0.2617187500000001 0.5078125 0.3203125000000001 0.556640625 0.3203125000000001
0 0.626953125 0.24804687500000006 0.576171875 0.24804687500000006 0.576171875 0.3046875000000001 0.626953125 0.3046875000000001
2 0.697265625 0.23046875000000008 0.646484375 0.23046875000000006 0.646484375 0.2890625000000001 0.697265625 0.2890625000000001