10 0.994055269935844 0.3596774970021144 0.9923190878906251 0.33582109960937495 0.053611394221588796 0.40413683968642133 0.055347576266807794 0.42799323707916076
2 0.826171875 0.3554687500000001 0.783203125 0.3554687500000001 0.783203125 0.3789062500000001 0.826171875 0.3789062500000001
0 0.748046875 0.3652343750000001 0.69921875 0.3652343750000001 0.69921875 0.3847656250000001 0.748046875 0.3847656250000001
3 0.669921875 0.3691406250000001 0.62109375 0.3691406250000001 0.62109375 0.3925781250000001 0.669921875 0.3925781250000001
7 0.591796875 0.3730468750000001 0.5390625 0.3730468750000001 0.5390625 0.3964843750000001 0.591796875 0.3964843750000001
1 0.513671875 0.3789062500000001 0.462890625 0.3789062500000001 0.462890625 0.4023437500000001 0.513671875 0.4023437500000001
9 0.43359375 0.380859375 0.384765625 0.380859375 0.384765625 0.404296875 0.43359375 0.404296875
6 0.349609375 0.38671875 0.306640625 0.38671875 0.306640625 0.412109375 0.349609375 0.412109375
8 0.26953125 0.39453125 0.23046875000000006 0.39453125 0.23046875000000006 0.41796875 0.26953125 0.41796875
5 0.18945312500000006 0.396484375 0.15039062500000006 0.396484375 0.15039062500000006 0.421875 0.18945312500000006 0.421875
4 0.10546875000000006 0.40234375 0.06835937500000006 0.40234375 0.06835937500000006 0.42578125 0.10546875000000006 0.42578125