10 0.28287099023437506 1.0000000000000002 0.24336304492187502 0.028356765625000002 0.19259414394331212 0.030421077805104862 0.2321020892558122 1.002064312180105
2 0.2851562500000001 0.888671875 0.2226562500000001 0.888671875 0.2226562500000001 0.966796875 0.2851562500000001 0.966796875
0 0.2832031250000001 0.78515625 0.2226562500000001 0.78515625 0.2226562500000001 0.859375 0.2832031250000001 0.859375
3 0.2773437500000001 0.68359375 0.2187500000000001 0.68359375 0.2187500000000001 0.755859375 0.2773437500000001 0.755859375
7 0.2734375000000001 0.58203125 0.21484375000000006 0.58203125 0.21484375000000006 0.65234375 0.2734375000000001 0.65234375
1 0.2714843750000001 0.48046875 0.21093750000000006 0.48046875 0.21093750000000006 0.552734375 0.2714843750000001 0.552734375
9 0.265625 0.384765625 0.20898437500000006 0.384765625 0.20898437500000006 0.451171875 0.265625 0.451171875
6 0.26171875 0.28515625 0.20703125000000006 0.28515625 0.20703125000000006 0.353515625 0.26171875 0.353515625
8 0.2578125 0.18750000000000003 0.201171875 0.1875 0.20117187500000003 0.25390625 0.2578125 0.25390625
5 0.251953125 0.09375000000000003 0.1953125 0.09375000000000003 0.1953125 0.15625000000000003 0.251953125 0.15625000000000006
4 0.24609375 0.029296875000000024 0.197265625 0.02929687500000002 0.197265625 0.05664062500000003 0.24609375 0.05664062500000003