2 0.826171875 0.2597656250000001 0.77734375 0.2597656250000001 0.77734375 0.2890625000000001 0.826171875 0.2890625000000001
0 0.7734375 0.2988281250000001 0.732421875 0.2988281250000001 0.732421875 0.3281250000000001 0.7734375 0.3281250000000001
3 0.71875 0.3359375000000001 0.67578125 0.3359375000000001 0.67578125 0.3652343750000001 0.71875 0.3652343750000001
7 0.6640625 0.3750000000000001 0.62109375 0.3750000000000001 0.62109375 0.4082031250000001 0.6640625 0.4082031250000001
1 0.607421875 0.4140625000000001 0.5625 0.4140625000000001 0.5625 0.4472656250000001 0.607421875 0.4472656250000001
9 0.548828125 0.4550781250000001 0.501953125 0.4550781250000001 0.501953125 0.4882812500000001 0.548828125 0.4882812500000001
6 0.4902343750000001 0.5 0.4414062500000001 0.5 0.4414062500000001 0.533203125 0.4902343750000001 0.533203125
8 0.4277343750000001 0.544921875 0.3789062500000001 0.544921875 0.3789062500000001 0.578125 0.4277343750000001 0.578125
5 0.3632812500000001 0.58984375 0.3105468750000001 0.58984375 0.3105468750000001 0.625 0.3632812500000001 0.625
4 0.2929687500000001 0.638671875 0.24218750000000006 0.638671875 0.24218750000000006 0.67578125 0.2929687500000001 0.67578125
10 0.9569066896207437 0.1979752200058103 0.9240286115955625 0.15198671150169446 0.22089508085415124 0.6546705305207069 0.2537731588793325 0.7006590390248227