2 0.6627806893169974 0.6451537763750288 0.05501509994189213 0.061433265015886196
0 0.5932876441444603 0.6322077171222635 0.05306197494189213 0.06139917309219811
3 0.5228180364719233 0.6192446119076542 0.05724137655104666 0.06537360693957384
7 0.45241671670167494 0.605304944193045 0.05528825155104655 0.06533951501588597
1 0.38201539693142655 0.5913652764784358 0.05528825155104655 0.0653395150158862
9 0.3106375146611781 0.5774085628019825 0.0571048007464694 0.06342048193957384
6 0.23828306989092973 0.5634348031636853 0.06114762655104655 0.06544179078694978
8 0.16390721221839274 0.5504035141017003 0.05919450155104655 0.06540769886326192
5 0.09050791704585576 0.5373892710015591 0.05724137655104655 0.06537360693957406
4 0.02049153672670961 0.5223366730921981 0.04098307345341922 0.06537360693957406
10 0 0.54906521484375 0.83868089453125 0.7102503828125 0.8508932890625 0.652094880859375 0.781533861328125 0.63767734375 0.1443580390625 0.5133274296875 0 0.487305169921875 0 0.54906521484375