2 0.6868026276185873 0.4884686352897765 0.04426983536360285 0.05340965067829473
0 0.6328035182724264 0.4957062885520503 0.04036358536360285 0.05315932680417135
3 0.5777026844892039 0.5009282358457932 0.04219154842654138 0.05133136374123293
7 0.5206487257059813 0.5060250212024745 0.04231671036360285 0.05328448874123315
1 0.4675010169227587 0.5113721304332791 0.04231671036360285 0.05328448874123293
9 0.411486201608067 0.5175080592584912 0.04426983536360296 0.05340965067829462
6 0.35449482379337527 0.5235814071151725 0.04414467342654138 0.05145652567829462
8 0.2973782840416218 0.5277016299718538 0.04426983536360285 0.05340965067829462
5 0.2394103437269301 0.5337123968600042 0.04219154842654127 0.05133136374123293
4 0.17857529688076917 0.5405119833425622 0.04426983536360296 0.05340965067829462
10 0.9466098125 0.48763156640625 0.93722301953125 0.441328181640625 0.152534015625 0.51678683984375 0.162891001953125 0.567857470703125 0.9466098125 0.48763156640625