10 0.9836716684072804 0.4118715603437796 0.9759326679687499 0.3423444257812501 0.09149927495209453 0.44078988106247047 0.099238275390625 0.510317015625
4 0.15039062500000006 0.44140625 0.09765625000000006 0.44140625 0.09765625000000006 0.509765625 0.15039062500000006 0.509765625
5 0.22851562500000006 0.431640625 0.17578125000000006 0.431640625 0.17578125000000006 0.501953125 0.22851562500000006 0.501953125
8 0.30859375000000006 0.421875 0.251953125 0.421875 0.25195312500000006 0.494140625 0.3085937500000001 0.494140625
6 0.38281250000000006 0.416015625 0.328125 0.416015625 0.32812500000000006 0.484375 0.3828125000000001 0.484375
9 0.46093750000000006 0.40429687500000006 0.408203125 0.404296875 0.40820312500000006 0.47265625000000006 0.4609375000000001 0.4726562500000001
1 0.537109375 0.3964843750000001 0.484375 0.3964843750000001 0.48437500000000006 0.4667968750000001 0.537109375 0.4667968750000001
7 0.61328125 0.3867187500000001 0.55859375 0.3867187500000001 0.55859375 0.4589843750000001 0.61328125 0.4589843750000001
3 0.69140625 0.3789062500000001 0.63671875 0.3789062500000001 0.63671875 0.4472656250000001 0.69140625 0.4472656250000001
0 0.76953125 0.3691406250000001 0.716796875 0.3691406250000001 0.716796875 0.4394531250000001 0.76953125 0.4394531250000001
2 0.853515625 0.3574218750000001 0.798828125 0.3574218750000001 0.798828125 0.4296875000000001 0.853515625 0.4296875000000001