4 0.4523688306679521 0.9384765625 0.04591054078694978 0.056640625
5 0.44209898742468884 0.85546875 0.045944632710637756 0.05859375
8 0.4337822691814257 0.7724609375 0.04584235693957406 0.052734375
6 0.42447194247631853 0.6904296875 0.04587644886326192 0.0546875
9 0.41613817827121136 0.6083984375 0.04587644886326192 0.0546875
1 0.40681080560426025 0.52734375 0.04584235693957395 0.052734375
7 0.3964898244754652 0.447265625 0.04584235693957406 0.052734375
3 0.38721358969404596 0.36328125 0.045808265015886085 0.05078125
0 0.37692670048893884 0.28125 0.04587644886326192 0.0546875
2 0.36761637378383166 0.19921875 0.045944632710637756 0.05859375
10 0.434308408203125 0.970305595703125 0.475428216796875 0.964456376953125 0.368329642578125 0.01644468359375 0.32706658203125 0.02231951953125 0.434308408203125 0.970305595703125