10 0.6283656355343846 0.16871572779908298 0.5635109843749999 0.16254481445312502 0.48510658907499027 0.9865540690759171 0.549961240234375 0.9927249824218751
4 0.630859375 0.16210937500000006 0.556640625 0.16210937500000006 0.556640625 0.22851562500000006 0.630859375 0.22851562500000006
5 0.623046875 0.24414062500000006 0.55078125 0.24414062500000006 0.55078125 0.3066406250000001 0.623046875 0.3066406250000001
8 0.6171875 0.3183593750000001 0.544921875 0.3183593750000001 0.544921875 0.3808593750000001 0.6171875 0.3808593750000001
6 0.607421875 0.3886718750000001 0.537109375 0.3886718750000001 0.537109375 0.4511718750000001 0.607421875 0.4511718750000001
9 0.603515625 0.4609375000000001 0.53125 0.4609375000000001 0.53125 0.521484375 0.603515625 0.521484375
1 0.595703125 0.529296875 0.52734375 0.529296875 0.52734375 0.58984375 0.595703125 0.58984375
7 0.58984375 0.599609375 0.5234375 0.599609375 0.5234375 0.654296875 0.58984375 0.654296875
3 0.583984375 0.662109375 0.515625 0.662109375 0.515625 0.72265625 0.583984375 0.72265625
0 0.578125 0.73046875 0.509765625 0.73046875 0.509765625 0.787109375 0.578125 0.787109375
2 0.5703125 0.794921875 0.50390625 0.794921875 0.50390625 0.8515625 0.5703125 0.8515625