2 0.13476562500000006 0.5390625 0.07812500000000006 0.5390625 0.07812500000000007 0.5859375 0.13476562500000006 0.5859375
0 0.23046875000000006 0.53515625 0.17382812500000006 0.53515625 0.17382812500000006 0.583984375 0.23046875000000006 0.583984375
3 0.3242187500000001 0.529296875 0.2675781250000001 0.529296875 0.2675781250000001 0.578125 0.3242187500000001 0.578125
7 0.4140625000000001 0.525390625 0.3593750000000001 0.525390625 0.3593750000000001 0.57421875 0.4140625000000001 0.57421875
1 0.5078125 0.5234375 0.4511718750000001 0.5234375 0.4511718750000001 0.5703125 0.5078125 0.5703125
9 0.599609375 0.517578125 0.544921875 0.517578125 0.544921875 0.56640625 0.599609375 0.56640625
6 0.6953125 0.515625 0.634765625 0.515625 0.634765625 0.5625 0.6953125 0.5625
8 0.787109375 0.51171875 0.73046875 0.51171875 0.73046875 0.55859375 0.787109375 0.55859375
5 0.884765625 0.5078125 0.82421875 0.5078125 0.82421875 0.556640625 0.884765625 0.556640625
4 0.98046875 0.5039062500000002 0.919921875 0.5039062500000002 0.919921875 0.5527343750000002 0.98046875 0.5527343750000002
10 0.9877330226421096 0.5500068684008887 0.9857608699770158 0.5020417536486544 -0.0014110560695395902 0.5426307057425898 0.0005610965955542627 0.5905958204948241