10 0.76752047098259 0.3094013446166299 0.7070625292356513 0.2747280342031166 0.30486429286039435 0.9760189480357935 0.3653222346073331 1.0106922584493068
2 0.4707031250000001 0.7734375 0.4218750000000001 0.7734375 0.4218750000000001 0.833984375 0.4707031250000001 0.833984375
0 0.513671875 0.701171875 0.4687500000000001 0.701171875 0.4687500000000001 0.755859375 0.513671875 0.755859375
3 0.552734375 0.634765625 0.509765625 0.634765625 0.509765625 0.6875 0.552734375 0.6875
7 0.58984375 0.576171875 0.548828125 0.576171875 0.548828125 0.625 0.58984375 0.625
1 0.62109375 0.521484375 0.5859375 0.521484375 0.5859375 0.56640625 0.62109375 0.56640625
9 0.65234375 0.4746093750000001 0.619140625 0.4746093750000001 0.619140625 0.51171875 0.65234375 0.51171875
6 0.681640625 0.4257812500000001 0.6484375 0.4257812500000001 0.6484375 0.4648437500000001 0.681640625 0.4648437500000001
8 0.70703125 0.3808593750000001 0.677734375 0.3808593750000001 0.677734375 0.4199218750000001 0.70703125 0.4199218750000001
5 0.732421875 0.3457031250000001 0.703125 0.3457031250000001 0.703125 0.3750000000000001 0.732421875 0.3750000000000001
4 0.755859375 0.3027343750000001 0.7265625 0.3027343750000001 0.7265625 0.3339843750000001 0.755859375 0.3339843750000001