10 0.8831554092968339 0.391083142358872 0.0003132197223945708 0.3846796437621732 5.204170427930421e-17 0.42786284765624993 0.8828421895744394 0.43426634625294874
2 0.17578125000000006 0.38671875 0.11718750000000006 0.38671875 0.11718750000000006 0.427734375 0.17578125000000006 0.427734375
0 0.259765625 0.38671875 0.20312500000000006 0.38671875 0.20312500000000006 0.42578125 0.259765625 0.42578125
3 0.341796875 0.388671875 0.28515625 0.388671875 0.28515625 0.427734375 0.341796875 0.427734375
7 0.421875 0.388671875 0.37109375 0.388671875 0.37109375 0.4296875 0.421875 0.4296875
1 0.5 0.38867187500000006 0.44921875 0.388671875 0.44921875 0.42968750000000006 0.5 0.4296875000000001
9 0.578125 0.3906250000000001 0.52734375 0.3906250000000001 0.52734375 0.4296875000000001 0.578125 0.4296875000000001
6 0.654296875 0.3906250000000001 0.603515625 0.3906250000000001 0.603515625 0.4296875000000001 0.654296875 0.4296875000000001
8 0.73046875 0.3906250000000001 0.6796875 0.3906250000000001 0.6796875 0.4296875000000001 0.73046875 0.4296875000000001
5 0.8046875 0.3925781250000001 0.755859375 0.3925781250000001 0.755859375 0.4296875000000001 0.8046875 0.4296875000000001
4 0.8828125 0.3925781250000001 0.83203125 0.3925781250000001 0.83203125 0.4296875000000001 0.8828125 0.4296875000000001