4 0.5194278271502404 0.18081987471901054 0.05328448874123293 0.04054008346523713
5 0.5144562037306207 0.24013445161925795 0.05340965067829462 0.04249320846523719
8 0.5092342564368778 0.2955427785195054 0.05340965067829462 0.04249320846523719
6 0.5041374710801965 0.35290423041975283 0.05340965067829462 0.04249320846523719
9 0.4972127226605769 0.4121619771867219 0.05548793761535631 0.04450316359851547
1 0.4921785182724264 0.4704999915869693 0.055613099552418 0.04645628859851558
7 0.48537893178986846 0.5317108633539384 0.05573826148947969 0.04840941359851558
3 0.4796184887758413 0.5939267126875466 0.05573826148947958 0.04840941359851558
0 0.47392062673034496 0.6571191245211548 0.05781654842654138 0.05041936873179376
2 0.4682853456533794 0.7212880988547631 0.06197312230066454 0.05443927899835055
10 0.42655239453125 0.851383431640625 0.483138673828125 0.862140517578125 0.4979446796875 0.686668232421875 0.537468388671875 0.27587409375 0.544333283203125 0.16503475 0.496648896484375 0.156632462890625 0.463706984375 0.4979489375 0.42655239453125 0.851383431640625