10 0.6852994386625587 0.05316937463496069 0.6592421093186109 0.04764717798988069 0.45762367642272006 0.9990145858237881 0.48368100576666784 1.0045367824688682
2 0.5234375 0.8046875 0.501953125 0.8046875 0.501953125 0.8359375 0.5234375 0.8359375
0 0.5390625 0.728515625 0.517578125 0.728515625 0.517578125 0.76171875 0.5390625 0.76171875
3 0.5546875 0.654296875 0.529296875 0.654296875 0.529296875 0.693359375 0.5546875 0.693359375
7 0.572265625 0.57421875 0.546875 0.57421875 0.546875 0.615234375 0.572265625 0.615234375
1 0.587890625 0.4980468750000001 0.5625 0.4980468750000001 0.5625 0.5390625 0.587890625 0.5390625
9 0.6015625 0.4160156250000001 0.576171875 0.4160156250000001 0.576171875 0.4570312500000001 0.6015625 0.4570312500000001
6 0.623046875 0.3281250000000001 0.59765625 0.3281250000000001 0.59765625 0.3750000000000001 0.623046875 0.3750000000000001
8 0.640625 0.24609375000000006 0.615234375 0.24609375000000006 0.615234375 0.2910156250000001 0.640625 0.2910156250000001
5 0.66015625 0.15625000000000006 0.634765625 0.15625000000000006 0.634765625 0.20117187500000006 0.66015625 0.20117187500000006
4 0.681640625 0.06054687500000008 0.65625 0.06054687500000008 0.65625 0.10742187500000008 0.681640625 0.10742187500000008