10 0.6819262444252859 0.8624749179998903 0.6815178574218751 0.11997966210937501 0.6219355290122142 0.1200124335626098 0.622343916015625 0.8625076894531251
2 0.6796875 0.669921875 0.623046875 0.669921875 0.623046875 0.716796875 0.6796875 0.716796875
0 0.677734375 0.6015625 0.623046875 0.6015625 0.623046875 0.646484375 0.677734375 0.646484375
3 0.6796875 0.537109375 0.623046875 0.537109375 0.623046875 0.58203125 0.6796875 0.58203125
7 0.677734375 0.4746093750000001 0.623046875 0.4746093750000001 0.623046875 0.517578125 0.677734375 0.517578125
1 0.6796875 0.4140625000000001 0.623046875 0.4140625000000001 0.623046875 0.4550781250000001 0.6796875 0.4550781250000001
9 0.681640625 0.3535156250000001 0.625 0.3535156250000001 0.625 0.3945312500000001 0.681640625 0.3945312500000001
6 0.681640625 0.2929687500000001 0.625 0.2929687500000001 0.625 0.3339843750000001 0.681640625 0.3339843750000001
8 0.681640625 0.23632812500000008 0.626953125 0.23632812500000006 0.626953125 0.2753906250000001 0.681640625 0.2753906250000001
5 0.68359375 0.17187500000000008 0.62890625 0.17187500000000006 0.62890625 0.21484375000000008 0.68359375 0.2148437500000001
4 0.681640625 0.12304687500000008 0.630859375 0.12304687500000008 0.630859375 0.16015625000000008 0.681640625 0.1601562500000001