10 0.837193954811765 0.41919245343007466 0.7955697996039037 0.39717551149473795 0.48839948828125007 0.977896701171875 0.5300236434891112 0.9999136431072118
2 0.76953125 0.515625 0.74609375 0.515625 0.74609375 0.53515625 0.76953125 0.53515625
0 0.751953125 0.5546875 0.724609375 0.5546875 0.724609375 0.57421875 0.751953125 0.57421875
3 0.732421875 0.59375 0.705078125 0.59375 0.705078125 0.61328125 0.732421875 0.61328125
7 0.708984375 0.63671875 0.6796875 0.63671875 0.6796875 0.658203125 0.708984375 0.658203125
1 0.685546875 0.681640625 0.65234375 0.681640625 0.65234375 0.703125 0.685546875 0.703125
9 0.658203125 0.728515625 0.626953125 0.728515625 0.626953125 0.751953125 0.658203125 0.751953125
9 0.634765625 0.78125 0.599609375 0.78125 0.599609375 0.8046875 0.634765625 0.8046875
8 0.60546875 0.833984375 0.5703125 0.833984375 0.5703125 0.861328125 0.60546875 0.861328125
5 0.5722656250000001 0.888671875 0.537109375 0.888671875 0.5371093750000001 0.919921875 0.5722656250000002 0.919921875
4 0.5390625000000002 0.951171875 0.5039062500000002 0.951171875 0.5039062500000002 0.982421875 0.5390625000000002 0.982421875