10 0.4866336797485547 0.8136294312258855 0.38974264843749995 0.13195774609375 0.3383877597045702 0.13925719572723966 0.43527879101562494 0.8209288808593751
2 0.4726562500000001 0.6796875 0.4160156250000001 0.6796875 0.4160156250000001 0.7265625 0.4726562500000001 0.7265625
0 0.4648437500000001 0.615234375 0.4062500000000001 0.615234375 0.4062500000000001 0.6640625 0.4648437500000001 0.6640625
3 0.4589843750000001 0.552734375 0.3984375000000001 0.552734375 0.3984375000000001 0.603515625 0.4589843750000001 0.603515625
7 0.4472656250000001 0.490234375 0.3906250000000001 0.490234375 0.3906250000000001 0.541015625 0.4472656250000001 0.541015625
1 0.43945312500000006 0.43359375 0.384765625 0.43359375 0.38476562500000006 0.48046875 0.4394531250000001 0.48046875
9 0.431640625 0.373046875 0.376953125 0.373046875 0.376953125 0.421875 0.431640625 0.421875
6 0.423828125 0.3125 0.365234375 0.3125 0.365234375 0.361328125 0.423828125 0.361328125
8 0.4140625 0.25390625 0.357421875 0.25390625 0.357421875 0.302734375 0.4140625 0.302734375
5 0.404296875 0.19531250000000006 0.34765625 0.19531250000000006 0.34765625 0.24023437500000006 0.404296875 0.24023437500000006
4 0.396484375 0.13476562500000006 0.33984375 0.13476562500000006 0.33984375 0.17968750000000006 0.396484375 0.17968750000000006