10 0.9593969860921968 0.5667958477716083 6.245004513516506e-17 0.45370508203124993 -0.006731527112623932 0.5108114848517648 0.9526654589795728 0.6239022505921231
2 0.05273437500000006 0.462890625 5.668775222615677e-17 0.462890625 5.979720698961685e-17 0.513671875 0.05273437500000007 0.513671875
0 0.15820312500000006 0.470703125 0.08789062500000006 0.470703125 0.08789062500000006 0.52734375 0.15820312500000006 0.52734375
3 0.2617187500000001 0.484375 0.19140625000000006 0.484375 0.19140625000000006 0.537109375 0.2617187500000001 0.537109375
7 0.3652343750000001 0.498046875 0.2988281250000001 0.498046875 0.2988281250000001 0.548828125 0.3652343750000001 0.548828125
1 0.4667968750000001 0.5078125 0.4003906250000001 0.5078125 0.4003906250000001 0.560546875 0.4667968750000001 0.560546875
9 0.56640625 0.51953125 0.50390625 0.51953125 0.50390625 0.5703125 0.56640625 0.5703125
6 0.66796875 0.53125 0.603515625 0.53125 0.603515625 0.58203125 0.66796875 0.58203125
8 0.767578125 0.54296875 0.705078125 0.54296875 0.705078125 0.59375 0.767578125 0.59375
5 0.8671875 0.556640625 0.80078125 0.556640625 0.80078125 0.60546875 0.8671875 0.60546875
4 0.95703125 0.5664062500000001 0.90625 0.56640625 0.90625 0.6132812500000001 0.95703125 0.6132812500000002