10 0.8761788199598837 0.11555789931653287 0.8423228476562499 0.075258306640625 0.09952827769636624 0.6992852686522171 0.13338425000000004 0.7395848613281248
2 0.2871093750000001 0.5703125 0.24804687500000006 0.5703125 0.24804687500000006 0.619140625 0.2871093750000001 0.619140625
0 0.3515625000000001 0.51171875 0.3144531250000001 0.51171875 0.3144531250000001 0.564453125 0.3515625000000001 0.564453125
3 0.4140625000000001 0.462890625 0.3789062500000001 0.462890625 0.3789062500000001 0.509765625 0.4140625000000001 0.509765625
7 0.47656250000000006 0.40625000000000006 0.443359375 0.40625 0.44335937500000006 0.45507812500000006 0.4765625000000001 0.4550781250000001
1 0.541015625 0.3554687500000001 0.50390625 0.3554687500000001 0.50390625 0.4042968750000001 0.541015625 0.4042968750000001
9 0.6015625 0.3027343750000001 0.56640625 0.3027343750000001 0.56640625 0.3515625000000001 0.6015625 0.3515625000000001
6 0.662109375 0.24609375000000006 0.62890625 0.24609375000000006 0.62890625 0.3007812500000001 0.662109375 0.3007812500000001
8 0.724609375 0.2011718750000001 0.69140625 0.2011718750000001 0.69140625 0.2500000000000001 0.724609375 0.2500000000000001
5 0.78515625 0.1484375000000001 0.751953125 0.1484375000000001 0.751953125 0.1972656250000001 0.78515625 0.1972656250000001
4 0.845703125 0.09570312500000011 0.8125 0.09570312500000011 0.8125 0.1464843750000001 0.845703125 0.1464843750000001