2 0.28667820577284386 0.2902115650361915 0.04679287252816078 0.05518748667249973
0 0.35669702229572964 0.30078398671227063 0.0483362701144292 0.049350838339431546
3 0.42203789002548125 0.31422927922102023 0.04665629672358351 0.05323436167249973
7 0.4882187444506557 0.32573281006323573 0.04860942172358351 0.053257088339431546
1 0.552309898071253 0.3352604892385194 0.04470317172358351 0.053211635005567914
9 0.6165376274964274 0.3467412934138031 0.04275004672358351 0.0531889083386361
6 0.6797887944216018 0.3582107342556209 0.04470317172358351 0.053211635005567914
8 0.7438799480421991 0.36773841343090463 0.04066034591900625 0.05121305667170439
5 0.8060862645650849 0.3782199284392565 0.04079692172358351 0.05316618167170428
4 0.8712222685879707 0.3887355334480061 0.04079692172358351 0.05316618167170428
10 0.527604416015625 0.358696884765625 0.7104417890625 0.389099412109375 0.8441323125 0.411741658203125 0.88968623046875 0.4186504921875 0.892454412109375 0.365370875 0.8349424765625 0.355167986328125 0.64693383984375 0.32384033984375 0.390527751953125 0.28111966796875 0.119031203125 0.23358956640625 0.115891220703125 0.2909604921875 0.24793483203125 0.312156724609375 0.398668939453125 0.338329583984375 0.527604416015625 0.358696884765625