10 0.31501228125 5.551115123125783e-17 0.24886006782744913 -0.013757077585627102 0.0803423722352444 0.7965762577398056 0.1464945856577953 0.8103333353254327
2 0.18554687500000006 0.599609375 0.11328125000000008 0.599609375 0.11328125000000008 0.662109375 0.18554687500000006 0.662109375
0 0.19921875000000006 0.53125 0.12890625000000006 0.53125 0.12890625000000006 0.591796875 0.19921875000000006 0.591796875
3 0.21679687500000006 0.4609375 0.14257812500000006 0.4609375 0.14257812500000006 0.525390625 0.21679687500000006 0.525390625
7 0.23046875000000006 0.388671875 0.16015625000000006 0.388671875 0.16015625000000006 0.451171875 0.23046875000000006 0.451171875
1 0.24609375000000006 0.318359375 0.17382812500000006 0.318359375 0.17382812500000006 0.380859375 0.24609375000000006 0.380859375
9 0.26171875 0.24609375000000003 0.18750000000000006 0.24609375 0.18750000000000006 0.310546875 0.26171875 0.310546875
6 0.27734375 0.16601562500000003 0.201171875 0.166015625 0.20117187500000003 0.23437500000000003 0.27734375 0.23437500000000006
8 0.29296875 0.08984375000000003 0.21484375 0.08984375000000003 0.21484375 0.16015625000000003 0.29296875 0.16015625000000006
5 0.30859375 0.009765625000000033 0.23046875 0.009765625000000028 0.23046875 0.08007812500000003 0.30859375 0.08007812500000003
4 0.32421875 3.504116329591548e-17 0.248046875 3.0376981150725363e-17 0.248046875 0.001953125000000035 0.32421875 0.00195312500000004