10 0.720884716796875 0.7421771777343751 0.15351119821968165 0.683052693731538 0.15063631054687512 0.71064084375 0.7180098291240686 0.7697653277528371
2 0.626953125 0.73046875 0.595703125 0.73046875 0.595703125 0.755859375 0.626953125 0.755859375
0 0.583984375 0.7265625 0.552734375 0.7265625 0.552734375 0.751953125 0.583984375 0.751953125
3 0.541015625 0.720703125 0.505859375 0.720703125 0.505859375 0.748046875 0.541015625 0.748046875
7 0.4941406250000001 0.71484375 0.4589843750000001 0.71484375 0.4589843750000001 0.7421875 0.4941406250000001 0.7421875
1 0.4472656250000001 0.708984375 0.4121093750000001 0.708984375 0.4121093750000001 0.73828125 0.4472656250000001 0.73828125
9 0.3984375000000001 0.705078125 0.3632812500000001 0.705078125 0.3632812500000001 0.732421875 0.3984375000000001 0.732421875
6 0.3496093750000001 0.69921875 0.3144531250000001 0.69921875 0.3144531250000001 0.7265625 0.3496093750000001 0.7265625
8 0.3007812500000001 0.6953125 0.2597656250000001 0.6953125 0.2597656250000001 0.72265625 0.3007812500000001 0.72265625
5 0.2460937500000001 0.689453125 0.2089843750000001 0.689453125 0.2089843750000001 0.71875 0.2460937500000001 0.71875
4 0.1914062500000001 0.68359375 0.1523437500000001 0.68359375 0.1523437500000001 0.712890625 0.1914062500000001 0.712890625