4 0.04469584677727818 0.7900390625 0.08939169355455635 0.072265625
5 0.06271945491962855 0.697265625 0.0897660193981856 0.064453125
8 0.07897710098379354 0.6083984375 0.08591659953146394 0.06640625
6 0.09701738164812347 0.525390625 0.08591659953146394 0.06640625
9 0.11316136744573176 0.4404296875 0.08591659953146394 0.06640625
1 0.12534227311006169 0.357421875 0.0859734296647423 0.068359375
7 0.14033920600783492 0.2783203125 0.07988673413162889 0.060546875
3 0.1524632815388865 0.197265625 0.07603731426490723 0.0625
0 0.16636999167010302 0.1220703125 0.07408418926490723 0.0625
2 0.1811964341680412 0.048828125 0.07592365399835055 0.05859375
10 0.155568650390625 0 0.151886916015625 0.016061521484375 0.09796990234375 0.306554037109375 0.0518159140625 0.553335396484375 0 0.801387546875 0 0.818066767578125 0.078713658203125 0.82724535546875 0.109981052734375 0.6619615 0.19953030078125 0.1616978359375 0.228768369140625 0 0.155568650390625 0