4 0.3442225611221076 0.20205055023266125 0.06847542737631773 0.051167590260883744
5 0.348034316302874 0.2762295299116879 0.06644271863107476 0.049203102312034286
8 0.3510286764741264 0.3465079410651394 0.06456917737631773 0.05114486436318466
6 0.3530066822727573 0.41776859619301554 0.06652230237631773 0.051156227312034286
9 0.35600104244400965 0.488047007346467 0.06448959363107476 0.04919173936318466
7 0.36117236777700046 0.6247032611277946 0.06245688488583179 0.04722725141433526
3 0.36420651982087426 0.6940051097812461 0.06448959363107476 0.04919173936318466
0 0.36634369310999115 0.7613595149091222 0.06448959363107476 0.04919173936318466
2 0.36844107452648656 0.8296904825369984 0.06245688488583179 0.047227251414335036
1 0.35903519448788357 0.5573488559999185 0.06245688488583179 0.047227251414335036
10 0.37517111328125 0.173893287109375 0.3122373828125 0.179118359375 0.332347681640625 0.673525244140625 0.344822640625 0.997756822265625 0.404253591796875 0.9974110625 0.398767630859375 0.852547376953125 0.37517111328125 0.173893287109375