10 0.23570451253964128 0.14102530338993247 0.17193546581142766 0.1360307219569771 0.11520392197072785 0.8603589802311906 0.17897296869894147 0.865353561664146
4 0.1718750000000001 0.822265625 0.11914062500000011 0.822265625 0.11914062500000011 0.85546875 0.1718750000000001 0.85546875
5 0.1777343750000001 0.763671875 0.12304687500000008 0.763671875 0.1230468750000001 0.798828125 0.1777343750000001 0.798828125
8 0.1816406250000001 0.701171875 0.1308593750000001 0.701171875 0.1308593750000001 0.740234375 0.1816406250000001 0.740234375
6 0.18945312500000008 0.642578125 0.13476562500000006 0.642578125 0.13476562500000008 0.681640625 0.1894531250000001 0.681640625
9 0.19531250000000006 0.580078125 0.14062500000000006 0.580078125 0.14062500000000006 0.62109375 0.19531250000000006 0.62109375
1 0.20117187500000006 0.51953125 0.14648437500000006 0.51953125 0.14648437500000006 0.55859375 0.20117187500000006 0.55859375
7 0.20507812500000006 0.455078125 0.15039062500000006 0.455078125 0.15039062500000006 0.49609375 0.20507812500000006 0.49609375
3 0.21289062500000006 0.388671875 0.15429687500000006 0.388671875 0.15429687500000006 0.431640625 0.21289062500000006 0.431640625
0 0.21875000000000006 0.3203125 0.16015625000000006 0.3203125 0.16015625000000006 0.36328125 0.21875000000000006 0.36328125
2 0.22265625000000006 0.255859375 0.16601562500000006 0.255859375 0.16601562500000006 0.294921875 0.22265625000000006 0.294921875