10 0.9544608944545405 0.7740083592563489 0.9375617415982411 0.7159096502103005 0.318495732421875 0.8959771816406249 0.3353948852781743 0.9540758906866733
4 0.3750000000000001 0.88671875 0.3222656250000001 0.88671875 0.3222656250000001 0.94921875 0.3750000000000001 0.94921875
5 0.4316406250000001 0.873046875 0.3808593750000001 0.873046875 0.3808593750000001 0.931640625 0.4316406250000001 0.931640625
8 0.4882812500000001 0.85546875 0.4375000000000001 0.85546875 0.4375000000000001 0.916015625 0.4882812500000001 0.916015625
6 0.541015625 0.841796875 0.4941406250000001 0.841796875 0.4941406250000001 0.900390625 0.541015625 0.900390625
9 0.59375 0.828125 0.546875 0.828125 0.546875 0.8828125 0.59375 0.8828125
1 0.646484375 0.8125 0.599609375 0.8125 0.599609375 0.8671875 0.646484375 0.8671875
7 0.697265625 0.798828125 0.650390625 0.798828125 0.650390625 0.853515625 0.697265625 0.853515625
3 0.75 0.78515625 0.703125 0.78515625 0.703125 0.83984375 0.75 0.83984375
0 0.798828125 0.7734375 0.75 0.7734375 0.75 0.828125 0.798828125 0.828125
2 0.845703125 0.759765625 0.80078125 0.759765625 0.80078125 0.8125 0.845703125 0.8125