10 0.75687962890625 0.581029017578125 0.767922619140625 0.954257689453125 0.770020833984375 0.95574851171875 0.81827876953125 0.956659474609375 0.820708333984375 0.95483730078125 0.80900264453125 0.6907606640625 0.806904431640625 0.65378373046875 0.806352513671875 0.635314236328125 0.805248015625 0.601244294921875 0.80392294921875 0.59892534765625 0.803481150390625 0.5847294140625 0.804254298828125 0.582493302734375 0.802818783203125 0.54994394921875 0.80171428515625 0.548087052734375 0.801162037109375 0.53201959375 0.79928472265625 0.49905605078125 0.79950562109375 0.483694197265625 0.7987328046875 0.45251810546875 0.797738755859375 0.45144146875 0.796965939453125 0.437941220703125 0.797738755859375 0.436201884765625 0.797186837890625 0.40827579296875 0.795971890625 0.406453869140625 0.79586144140625 0.392186755859375 0.79641369140625 0.390116072265625 0.796192791015625 0.36094097265625 0.795530091796875 0.360692708984375 0.795419642578125 0.347275296875 0.794978173828125 0.317003720703125 0.79388260546875 0.233642609375 0.7915634921875 0.23173784765625 0.75490079296875 0.229832837890625 0.752029431640625 0.232234623046875 0.752241732421875 0.302367310546875 0.753125 0.38980803515625 0.753677248046875 0.435486359375 0.75445006640625 0.481976439453125 0.75687962890625 0.581029017578125
4 0.7734375 0.24609375 0.0390625 0.02734375
5 0.7744140625 0.2890625 0.0390625 0.02734375
8 0.7744140625 0.33203125 0.0390625 0.02734375
6 0.775390625 0.375 0.0390625 0.0283203125
9 0.775390625 0.4208984375 0.0400390625 0.0283203125
7 0.7783203125 0.5146484375 0.0419921875 0.029296875
1 0.77734375 0.466796875 0.0400390625 0.0283203125
3 0.7802734375 0.5654296875 0.0419921875 0.03125
0 0.7822265625 0.6171875 0.044921875 0.03125
2 0.7841796875 0.6708984375 0.044921875 0.033203125