10 0.8353917480468751 0.735202361328125 8.326672684688674e-17 0.70799356640625 -0.0012233651960901377 0.7455545533075801 0.8341683828507849 0.7727633482294551
2 0.2011718750000001 0.708984375 0.1445312500000001 0.708984375 0.1445312500000001 0.75390625 0.2011718750000001 0.75390625
0 0.2753906250000001 0.712890625 0.2187500000000001 0.712890625 0.2187500000000001 0.7578125 0.2753906250000001 0.7578125
3 0.3476562500000001 0.71484375 0.2929687500000001 0.71484375 0.2929687500000001 0.759765625 0.3476562500000001 0.759765625
7 0.4199218750000001 0.716796875 0.3671875000000001 0.716796875 0.3671875000000001 0.759765625 0.4199218750000001 0.759765625
1 0.4941406250000001 0.71875 0.4394531250000001 0.71875 0.4394531250000001 0.76171875 0.4941406250000001 0.76171875
9 0.5625 0.720703125 0.5078125 0.720703125 0.5078125 0.763671875 0.5625 0.763671875
6 0.630859375 0.720703125 0.578125 0.720703125 0.578125 0.765625 0.630859375 0.765625
8 0.69921875 0.724609375 0.650390625 0.724609375 0.650390625 0.767578125 0.69921875 0.767578125
5 0.765625 0.728515625 0.716796875 0.728515625 0.716796875 0.76953125 0.765625 0.76953125
4 0.8359375 0.732421875 0.791015625 0.732421875 0.791015625 0.771484375 0.8359375 0.771484375