10 0.9567570078124997 0.45937061523437506 0.17455580784363212 0.3183668964427134 0.16548012695312506 0.36871314648437503 0.9476813269219927 0.5097168652760368
2 0.4453125 0.359375 0.3984375 0.359375 0.3984375 0.416015625 0.4453125 0.416015625
0 0.501953125 0.3710937500000001 0.455078125 0.3710937500000001 0.455078125 0.4296875000000001 0.501953125 0.4296875000000001
3 0.55859375 0.3769531250000001 0.5078125 0.3769531250000001 0.5078125 0.4394531250000001 0.55859375 0.4394531250000001
7 0.6171875 0.3886718750000001 0.56640625 0.3886718750000001 0.56640625 0.4472656250000001 0.6171875 0.4472656250000001
1 0.669921875 0.3984375000000001 0.619140625 0.3984375000000001 0.619140625 0.4589843750000001 0.669921875 0.4589843750000001
9 0.728515625 0.4082031250000001 0.677734375 0.4082031250000001 0.677734375 0.4687500000000001 0.728515625 0.4687500000000001
6 0.78515625 0.4179687500000001 0.734375 0.4179687500000001 0.734375 0.4785156250000001 0.78515625 0.4785156250000001
8 0.841796875 0.4296875000000001 0.791015625 0.4296875000000001 0.791015625 0.4902343750000001 0.841796875 0.4902343750000001
5 0.8984375 0.4414062500000001 0.84765625 0.4414062500000001 0.84765625 0.5 0.8984375 0.5
4 0.95703125 0.4511718750000001 0.90625 0.4511718750000001 0.90625 0.5117187500000001 0.95703125 0.5117187500000002