10 0.5817620332031251 0.9999999999999999 0.5266501035156251 0.10066931445312499 0.48487170767149324 0.10322953846329341 0.5399836373589932 1.0025602240101683
2 0.572265625 0.80859375 0.53125 0.80859375 0.53125 0.859375 0.572265625 0.859375
0 0.56640625 0.72265625 0.525390625 0.72265625 0.525390625 0.775390625 0.56640625 0.775390625
3 0.5625 0.640625 0.51953125 0.640625 0.51953125 0.69140625 0.5625 0.69140625
7 0.5546875 0.55859375 0.513671875 0.55859375 0.513671875 0.609375 0.5546875 0.609375
1 0.552734375 0.4824218750000001 0.51171875 0.4824218750000001 0.51171875 0.533203125 0.552734375 0.533203125
9 0.546875 0.4062500000000001 0.5078125 0.4062500000000001 0.5078125 0.4550781250000001 0.546875 0.4550781250000001
6 0.54296875 0.3281250000000001 0.5 0.3281250000000001 0.5 0.3789062500000001 0.54296875 0.3789062500000001
8 0.53515625 0.2519531250000001 0.498046875 0.2519531250000001 0.498046875 0.3046875000000001 0.53515625 0.3046875000000001
5 0.53125 0.17773437500000006 0.494140625 0.17773437500000006 0.494140625 0.23242187500000006 0.53125 0.23242187500000006
4 0.52734375 0.10351562500000006 0.48828125 0.10351562500000006 0.48828125 0.15429687500000006 0.52734375 0.15429687500000006