2 0.08608796004732737 0.34624594690230925 0.055142033338636126 0.04065374373179387
0 0.18087133921465687 0.3483724979383092 0.05507385333784065 0.03479436873179387
3 0.2688301442154523 0.3516745169407834 0.049237205004772466 0.03657700333195879
7 0.3577427850493159 0.3529949958766184 0.049237205004772466 0.03657700333195879
1 0.43886565255011134 0.3564959203455668 0.047284080004772466 0.036520173198680395
9 0.521907555050509 0.3570103271812369 0.039471580004772466 0.03629285266556703
6 0.5981248833843726 0.35870020198338115 0.037518455004772466 0.036236022532288636
8 0.6763067000517022 0.3613098091522471 0.03163635333784054 0.03411240713245367
5 0.7505481767186339 0.36110338908766976 0.02968322833784054 0.034055576999175274
4 0.8277534308859635 0.36374141132317483 0.027707376670909056 0.03204562186589688
10 0.383823205078125 0.370335697265625 0.40502321484375 0.371155685546875 0.409020328125 0.373048859375 0.461771080078125 0.373501890625 0.463974896484375 0.372506390625 0.485437619140625 0.37264445703125 0.4871158203125 0.37310970703125 0.54038034375 0.374138447265625 0.54232426953125 0.373340052734375 0.564040302734375 0.3743481171875 0.5685571953125 0.375847357421875 0.61859112109375 0.376525814453125 0.619762326171875 0.375251349609375 0.640447439453125 0.37568944921875 0.64366807421875 0.3776885625 0.692928712890625 0.37798813671875 0.69487884765625 0.376122640625 0.714917611328125 0.376568263671875 0.71865708984375 0.378270353515625 0.764944205078125 0.37850763671875 0.768186646484375 0.376821181640625 0.79042208984375 0.3774350390625 0.794937853515625 0.379128373046875 0.842154662109375 0.37967290625 0.8595829453125 0.346376216796875 0.857186484375 0.3435601875 0.4977255078125 0.335592431640625 0.052007650390625 0.32345800390625 0.006776400390625 0.322126212890625 0.00653934375 0.36288509765625 0.05217215234375 0.363666150390625 0.057545634765625 0.365303703125 0.118788017578125 0.366146869140625 0.118540912109375 0.364210048828125 0.146204560546875 0.365245787109375 0.149038365234375 0.367055599609375 0.21135040234375 0.36865789453125 0.211748513671875 0.366907365234375 0.233983955078125 0.3675215 0.23862609375 0.3696981484375 0.294217986328125 0.370699798828125 0.2988843828125 0.368705783203125 0.323062994140625 0.368715337890625 0.3274475 0.37070090234375 0.379676025390625 0.372032681640625 0.383823205078125 0.370335697265625