10 0.9473704517469369 0.7737528619080911 0.08388964852619199 0.278811094840591 0.060627144044880135 0.31939511379187485 0.9241079472656251 0.814336880859375
2 0.7890625 0.671875 0.732421875 0.671875 0.732421875 0.716796875 0.7890625 0.716796875
0 0.708984375 0.625 0.65234375 0.625 0.65234375 0.669921875 0.708984375 0.669921875
3 0.630859375 0.580078125 0.576171875 0.580078125 0.576171875 0.626953125 0.630859375 0.626953125
7 0.552734375 0.537109375 0.501953125 0.537109375 0.501953125 0.578125 0.552734375 0.578125
1 0.4804687500000001 0.49609375000000006 0.4277343750000001 0.49609375 0.4277343750000001 0.5390625 0.4804687500000001 0.5390625
9 0.4062500000000001 0.455078125 0.3574218750000001 0.455078125 0.3574218750000001 0.498046875 0.4062500000000001 0.498046875
6 0.33789062500000006 0.412109375 0.28515625 0.412109375 0.28515625000000006 0.455078125 0.3378906250000001 0.455078125
8 0.267578125 0.373046875 0.21289062500000006 0.373046875 0.21289062500000006 0.4140625 0.267578125 0.4140625
5 0.20117187500000006 0.33203125 0.14257812500000006 0.33203125 0.14257812500000006 0.375 0.20117187500000006 0.375
4 0.12695312500000006 0.29296875 0.07226562500000003 0.29296875 0.07226562500000003 0.333984375 0.12695312500000006 0.333984375