10 0.98759977044918 0.3137157727955095 0.9505057362219029 0.25964516865874093 0.12930147163209788 0.8230155911757315 0.16639550585937501 0.8770861953125001
2 0.3593750000000001 0.6953125 0.3046875000000001 0.6953125 0.3046875000000001 0.744140625 0.3593750000000001 0.744140625
0 0.4257812500000001 0.6484375 0.3730468750000001 0.6484375 0.3730468750000001 0.697265625 0.4257812500000001 0.697265625
3 0.4960937500000001 0.6015625 0.4433593750000001 0.6015625 0.4433593750000001 0.65234375 0.4960937500000001 0.65234375
7 0.56640625 0.552734375 0.513671875 0.552734375 0.513671875 0.603515625 0.56640625 0.603515625
1 0.634765625 0.5078125 0.58203125 0.5078125 0.58203125 0.560546875 0.634765625 0.560546875
9 0.703125 0.4609375000000001 0.65234375 0.4609375000000001 0.65234375 0.513671875 0.703125 0.513671875
6 0.7734375 0.4121093750000001 0.720703125 0.4121093750000001 0.720703125 0.4707031250000001 0.7734375 0.4707031250000001
8 0.84375 0.3652343750000001 0.7890625 0.3652343750000001 0.7890625 0.4218750000000001 0.84375 0.4218750000000001
5 0.91015625 0.3183593750000001 0.861328125 0.3183593750000001 0.861328125 0.3730468750000001 0.91015625 0.3730468750000001
4 0.9609375 0.2734375000000001 0.931640625 0.2734375000000001 0.931640625 0.3261718750000001 0.9609375 0.3261718750000001