10 0.5981500937500001 1.0000000000000002 0.5407007916863547 0.0929803392149388 0.49892992578125 0.09562604492187501 0.5563792278448955 1.0026457057069365
2 0.5917968750000001 0.859375 0.552734375 0.859375 0.5527343750000001 0.9140625 0.5917968750000002 0.9140625
0 0.5859375 0.779296875 0.546875 0.779296875 0.546875 0.83203125 0.5859375 0.83203125
3 0.58203125 0.697265625 0.54296875 0.697265625 0.54296875 0.75390625 0.58203125 0.75390625
7 0.576171875 0.6171875 0.533203125 0.6171875 0.533203125 0.673828125 0.576171875 0.673828125
1 0.5703125 0.533203125 0.529296875 0.533203125 0.529296875 0.587890625 0.5703125 0.587890625
9 0.56640625 0.4511718750000001 0.5234375 0.4511718750000001 0.5234375 0.505859375 0.56640625 0.505859375
6 0.560546875 0.3652343750000001 0.51953125 0.3652343750000001 0.51953125 0.4218750000000001 0.560546875 0.4218750000000001
8 0.5546875 0.2792968750000001 0.51171875 0.2792968750000001 0.51171875 0.3398437500000001 0.5546875 0.3398437500000001
5 0.548828125 0.19140625000000006 0.505859375 0.19140625000000006 0.505859375 0.2500000000000001 0.548828125 0.2500000000000001
4 0.54296875 0.09570312500000006 0.498046875 0.09570312500000006 0.498046875 0.15625000000000006 0.54296875 0.15625000000000006