10 0.8084436562456357 0.2151731399466622 0.015240254436518661 -0.019465747201190244 -0.0014066991578572212 0.036809750783493744 0.7917967026512599 0.2714486379313462
2 0.34375 0.07226562500000004 0.298828125 0.07226562500000003 0.298828125 0.11914062500000004 0.34375 0.11914062500000006
0 0.40234375 0.09179687500000006 0.361328125 0.09179687500000006 0.361328125 0.13867187500000006 0.40234375 0.13867187500000006
3 0.458984375 0.10742187500000006 0.419921875 0.10742187500000006 0.419921875 0.15625000000000006 0.458984375 0.15625000000000006
7 0.513671875 0.12500000000000006 0.4765625 0.12500000000000006 0.4765625 0.16992187500000006 0.513671875 0.16992187500000006
1 0.564453125 0.13867187500000006 0.529296875 0.13867187500000006 0.529296875 0.18554687500000006 0.564453125 0.18554687500000006
9 0.61328125 0.15429687500000006 0.58203125 0.15429687500000006 0.58203125 0.19726562500000006 0.61328125 0.19726562500000006
6 0.662109375 0.16992187500000006 0.630859375 0.16992187500000006 0.630859375 0.21289062500000006 0.662109375 0.21289062500000006
8 0.708984375 0.18164062500000008 0.677734375 0.18164062500000006 0.677734375 0.22460937500000008 0.708984375 0.2246093750000001
5 0.751953125 0.1953125000000001 0.72265625 0.1953125000000001 0.72265625 0.2363281250000001 0.751953125 0.2363281250000001
4 0.796875 0.2070312500000001 0.767578125 0.2070312500000001 0.767578125 0.2500000000000001 0.796875 0.2500000000000001