10 1.012801984038985 0.45615999099726334 0.9999999999999999 0.42488043554687493 0.2999697308408104 0.711386308266082 0.3127717148797955 0.7426658637164704
2 0.83203125 0.5078125 0.798828125 0.5078125 0.798828125 0.529296875 0.83203125 0.529296875
0 0.771484375 0.533203125 0.73828125 0.533203125 0.73828125 0.5546875 0.771484375 0.5546875
3 0.71484375 0.556640625 0.6796875 0.556640625 0.6796875 0.578125 0.71484375 0.578125
7 0.654296875 0.58203125 0.623046875 0.58203125 0.623046875 0.6015625 0.654296875 0.6015625
1 0.59765625 0.603515625 0.56640625 0.603515625 0.56640625 0.625 0.59765625 0.625
9 0.544921875 0.626953125 0.515625 0.626953125 0.515625 0.64453125 0.544921875 0.64453125
6 0.4921875000000001 0.6484375 0.4648437500000001 0.6484375 0.4648437500000001 0.66796875 0.4921875000000001 0.66796875
8 0.4414062500000001 0.669921875 0.4121093750000001 0.669921875 0.4121093750000001 0.69140625 0.4414062500000001 0.69140625
5 0.3925781250000001 0.69140625 0.3652343750000001 0.69140625 0.3652343750000001 0.7109375 0.3925781250000001 0.7109375
4 0.3417968750000001 0.7109375 0.3144531250000001 0.7109375 0.3144531250000001 0.73046875 0.3417968750000001 0.73046875