10 0.7518803359375003 0.26281987500000015 0.7078884426724611 0.2288226196386576 0.2417603378906249 0.831984775390625 0.28575223115566406 0.8659820307519676
2 0.3808593750000001 0.708984375 0.3339843750000001 0.708984375 0.3339843750000001 0.744140625 0.3808593750000001 0.744140625
0 0.4335937500000001 0.6484375 0.3847656250000001 0.6484375 0.3847656250000001 0.677734375 0.4335937500000001 0.677734375
3 0.4804687500000001 0.58984375 0.4316406250000001 0.58984375 0.4316406250000001 0.623046875 0.4804687500000001 0.623046875
7 0.525390625 0.537109375 0.4726562500000001 0.537109375 0.4726562500000001 0.5625 0.525390625 0.5625
1 0.560546875 0.4843750000000001 0.517578125 0.4843750000000001 0.517578125 0.513671875 0.560546875 0.513671875
9 0.6015625 0.4375000000000001 0.556640625 0.4375000000000001 0.556640625 0.4628906250000001 0.6015625 0.4628906250000001
6 0.638671875 0.3886718750000001 0.59375 0.3886718750000001 0.59375 0.4140625000000001 0.638671875 0.4140625000000001
8 0.673828125 0.3457031250000001 0.630859375 0.3457031250000001 0.630859375 0.3710937500000001 0.673828125 0.3710937500000001
5 0.70703125 0.3007812500000001 0.666015625 0.3007812500000001 0.666015625 0.3242187500000001 0.70703125 0.3242187500000001
4 0.7421875 0.2597656250000001 0.69921875 0.2597656250000001 0.69921875 0.2832031250000001 0.7421875 0.2832031250000001