10 0.28400165429687496 0.96551016796875 0.26384803696849385 0.23425854473642457 0.206546626953125 0.235837796875 0.22670024428150615 0.9670894201073253
2 0.2773437500000001 0.8125 0.2246093750000001 0.8125 0.2246093750000001 0.853515625 0.2773437500000001 0.853515625
0 0.2753906250000001 0.75 0.2226562500000001 0.75 0.2226562500000001 0.79296875 0.2753906250000001 0.79296875
3 0.2753906250000001 0.69140625 0.2207031250000001 0.69140625 0.2207031250000001 0.732421875 0.2753906250000001 0.732421875
7 0.2734375000000001 0.626953125 0.21875000000000006 0.626953125 0.21875000000000006 0.66796875 0.2734375000000001 0.66796875
1 0.2714843750000001 0.564453125 0.21679687500000006 0.564453125 0.21679687500000006 0.60546875 0.2714843750000001 0.60546875
9 0.2714843750000001 0.5 0.21679687500000006 0.5 0.21679687500000006 0.54296875 0.2714843750000001 0.54296875
6 0.26953125000000006 0.4375 0.21484375000000006 0.4375 0.21484375000000006 0.478515625 0.2695312500000001 0.478515625
8 0.265625 0.373046875 0.21093750000000006 0.373046875 0.21093750000000006 0.416015625 0.265625 0.416015625
5 0.265625 0.306640625 0.20898437500000006 0.306640625 0.20898437500000006 0.349609375 0.265625 0.349609375
4 0.26171875 0.23632812500000003 0.20507812500000006 0.236328125 0.20507812500000006 0.28125 0.26171875 0.28125