2 0.546875 0.08398437500000006 0.498046875 0.08398437500000006 0.498046875 0.14648437500000006 0.546875 0.14648437500000006
0 0.5546875 0.17578125000000006 0.50390625 0.17578125000000006 0.50390625 0.23828125000000006 0.5546875 0.23828125000000006
3 0.5625 0.2656250000000001 0.51171875 0.2656250000000001 0.51171875 0.3281250000000001 0.5625 0.3281250000000001
7 0.5703125 0.3535156250000001 0.51953125 0.3535156250000001 0.51953125 0.4140625000000001 0.5703125 0.4140625000000001
1 0.578125 0.4375000000000001 0.52734375 0.4375000000000001 0.52734375 0.5 0.578125 0.5
9 0.583984375 0.5234375 0.533203125 0.5234375 0.533203125 0.58203125 0.583984375 0.58203125
6 0.591796875 0.607421875 0.541015625 0.607421875 0.541015625 0.669921875 0.591796875 0.669921875
8 0.595703125 0.6953125 0.548828125 0.6953125 0.548828125 0.748046875 0.595703125 0.748046875
5 0.603515625 0.78125 0.556640625 0.78125 0.556640625 0.833984375 0.603515625 0.833984375
4 0.6113281250000001 0.8671875 0.564453125 0.8671875 0.5644531250000001 0.91796875 0.6113281250000002 0.91796875
10 0.611432020782646 0.9233015505975495 0.5386308764052796 0.016547960156859956 0.4933989186225141 0.020179529222292228 0.5662000629998805 0.9269331196629818