10 0.6868544194936359 0.11557760887256485 0.655619170804316 0.09138938263945684 0.19059067318568007 0.691899756188767 0.221825921875 0.716087982421875
2 0.58203125 0.22265625000000006 0.5546875 0.22265625000000006 0.5546875 0.2578125000000001 0.58203125 0.2578125000000001
0 0.546875 0.2675781250000001 0.51953125 0.2675781250000001 0.51953125 0.3066406250000001 0.546875 0.3066406250000001
3 0.509765625 0.3144531250000001 0.482421875 0.3144531250000001 0.482421875 0.3535156250000001 0.509765625 0.3535156250000001
7 0.47265625 0.36328125000000006 0.443359375 0.36328125 0.443359375 0.40039062500000006 0.47265625 0.4003906250000001
1 0.435546875 0.4140625 0.40625 0.4140625 0.40625 0.451171875 0.435546875 0.451171875
9 0.3964843750000001 0.462890625 0.3671875000000001 0.462890625 0.3671875000000001 0.498046875 0.3964843750000001 0.498046875
6 0.3593750000000001 0.509765625 0.3300781250000001 0.509765625 0.3300781250000001 0.548828125 0.3593750000000001 0.548828125
8 0.3183593750000001 0.55859375 0.2890625000000001 0.55859375 0.2890625000000001 0.59765625 0.3183593750000001 0.59765625
5 0.2792968750000001 0.611328125 0.2519531250000001 0.611328125 0.2519531250000001 0.650390625 0.2792968750000001 0.650390625
4 0.23828125000000008 0.6640625 0.20898437500000006 0.6640625 0.20898437500000008 0.703125 0.2382812500000001 0.703125