10 0.76297049609375 1 0.32876217206985564 0.00306414440263561 0.2726981612007696 0.027482425740241456 0.706906485224664 1.0244182813376057
2 0.447265625 0.2734375 0.390625 0.2734375 0.390625 0.3203125 0.447265625 0.3203125
0 0.4765625 0.34765625000000006 0.423828125 0.34765625 0.423828125 0.39453125000000006 0.4765625 0.3945312500000001
3 0.509765625 0.4238281250000001 0.45703125 0.4238281250000001 0.45703125000000006 0.4687500000000001 0.509765625 0.4687500000000001
7 0.546875 0.4980468750000001 0.4882812500000001 0.4980468750000001 0.4882812500000001 0.541015625 0.546875 0.541015625
1 0.578125 0.568359375 0.521484375 0.568359375 0.521484375 0.615234375 0.578125 0.615234375
9 0.611328125 0.64453125 0.552734375 0.64453125 0.552734375 0.689453125 0.611328125 0.689453125
6 0.64453125 0.720703125 0.587890625 0.720703125 0.587890625 0.765625 0.64453125 0.765625
8 0.6796875 0.796875 0.623046875 0.796875 0.623046875 0.84375 0.6796875 0.84375
5 0.7167968750000001 0.87890625 0.658203125 0.87890625 0.6582031250000001 0.92578125 0.7167968750000002 0.92578125
4 0.7558593750000002 0.9609375 0.6933593750000002 0.9609375 0.6933593750000002 1 0.7558593750000002 1