4 0.685546875 0.619140625 0.630859375 0.619140625 0.630859375 0.666015625 0.685546875 0.666015625
5 0.67578125 0.55859375 0.623046875 0.55859375 0.623046875 0.60546875 0.67578125 0.60546875
8 0.66796875 0.5 0.61328125 0.5 0.61328125 0.546875 0.66796875 0.546875
6 0.66015625 0.4414062500000001 0.603515625 0.4414062500000001 0.603515625 0.4882812500000001 0.66015625 0.4882812500000001
9 0.65234375 0.3828125000000001 0.59765625 0.3828125000000001 0.59765625 0.4296875000000001 0.65234375 0.4296875000000001
1 0.642578125 0.3242187500000001 0.591796875 0.3242187500000001 0.591796875 0.3691406250000001 0.642578125 0.3691406250000001
7 0.634765625 0.2656250000000001 0.58203125 0.2656250000000001 0.58203125 0.3105468750000001 0.634765625 0.3105468750000001
3 0.626953125 0.20507812500000006 0.572265625 0.20507812500000006 0.572265625 0.2539062500000001 0.626953125 0.2539062500000001
0 0.619140625 0.14648437500000006 0.5703125 0.14648437500000006 0.5703125 0.19140625000000006 0.619140625 0.19140625000000006
2 0.611328125 0.08789062500000007 0.5625 0.08789062500000006 0.5625 0.13281250000000006 0.611328125 0.13281250000000006
10 0.6865906726151383 0.6615303905981527 0.5940685822070847 -0.006647372535575319 0.5426448944564298 0.00047322822322212743 0.6351669848644834 0.66865099135695