10 0.7565936943494016 0.8560408932936266 0.6538837694423164 0.10722105427334719 0.5930600457960399 0.11556378207347053 0.6957699707031251 0.86438362109375
4 0.7578125 0.806640625 0.693359375 0.806640625 0.693359375 0.86328125 0.7578125 0.86328125
5 0.748046875 0.73828125 0.681640625 0.73828125 0.681640625 0.79296875 0.748046875 0.79296875
8 0.73828125 0.669921875 0.67578125 0.669921875 0.67578125 0.72265625 0.73828125 0.72265625
6 0.728515625 0.60546875 0.666015625 0.60546875 0.666015625 0.66015625 0.728515625 0.66015625
9 0.716796875 0.54296875 0.654296875 0.54296875 0.654296875 0.59375 0.716796875 0.59375
1 0.7109375 0.4785156250000001 0.646484375 0.4785156250000001 0.646484375 0.53125 0.7109375 0.53125
7 0.69921875 0.4160156250000001 0.638671875 0.4160156250000001 0.638671875 0.4667968750000001 0.69921875 0.4667968750000001
3 0.693359375 0.3535156250000001 0.630859375 0.3535156250000001 0.630859375 0.4062500000000001 0.693359375 0.4062500000000001
0 0.685546875 0.2949218750000001 0.625 0.2949218750000001 0.625 0.3457031250000001 0.685546875 0.3457031250000001
2 0.677734375 0.23242187500000006 0.615234375 0.23242187500000006 0.615234375 0.2851562500000001 0.677734375 0.2851562500000001