10 0.5409817849046954 0.6765747555692994 0.2528230683593752 0.12094112695312495 0.20556715149826602 0.14544865070719237 0.4937258680435863 0.7010822793233668
2 0.3515625 0.30859375 0.3203125 0.30859375 0.3203125 0.341796875 0.3515625 0.341796875
0 0.380859375 0.36328125 0.35546875 0.36328125 0.35546875 0.40234375 0.380859375 0.40234375
3 0.408203125 0.416015625 0.384765625 0.416015625 0.384765625 0.447265625 0.408203125 0.447265625
7 0.4316406250000001 0.462890625 0.4121093750000001 0.462890625 0.4121093750000001 0.4921875 0.4316406250000001 0.4921875
1 0.4531250000000001 0.50390625 0.4335937500000001 0.50390625 0.4335937500000001 0.529296875 0.4531250000000001 0.529296875
9 0.4667968750000001 0.544921875 0.4511718750000001 0.544921875 0.4511718750000001 0.5625 0.4667968750000001 0.5625
6 0.4843750000000001 0.580078125 0.4687500000000001 0.580078125 0.4687500000000001 0.595703125 0.4843750000000001 0.595703125
8 0.501953125 0.609375 0.4863281250000001 0.609375 0.4863281250000001 0.625 0.501953125 0.625
5 0.51953125 0.63671875 0.50390625 0.63671875 0.50390625 0.654296875 0.51953125 0.654296875
4 0.529296875 0.662109375 0.515625 0.662109375 0.515625 0.6796875 0.529296875 0.6796875