10 0.9758476015625002 0.851581125 0.7058664701893484 0.018535911690986062 0.6648962298206856 0.03181393270430466 0.9348773611938372 0.8648591460133186
2 0.740234375 0.08398437500000008 0.689453125 0.08398437500000008 0.689453125 0.1386718750000001 0.740234375 0.1386718750000001
0 0.76171875 0.1621093750000001 0.71484375 0.1621093750000001 0.71484375 0.2148437500000001 0.76171875 0.2148437500000001
3 0.787109375 0.2343750000000001 0.736328125 0.2343750000000001 0.736328125 0.2929687500000001 0.787109375 0.2929687500000001
7 0.8125 0.3105468750000001 0.759765625 0.3105468750000001 0.759765625 0.3710937500000001 0.8125 0.3710937500000001
1 0.837890625 0.3886718750000001 0.78515625 0.3886718750000001 0.78515625 0.4472656250000001 0.837890625 0.4472656250000001
9 0.86328125 0.4687500000000001 0.810546875 0.4687500000000001 0.810546875 0.525390625 0.86328125 0.525390625
6 0.888671875 0.546875 0.837890625 0.546875 0.837890625 0.607421875 0.888671875 0.607421875
8 0.916015625 0.6289062500000001 0.86328125 0.62890625 0.86328125 0.6855468750000001 0.916015625 0.6855468750000002
5 0.943359375 0.7109375000000001 0.888671875 0.7109375 0.888671875 0.7714843750000001 0.943359375 0.7714843750000002
4 0.97265625 0.7949218750000002 0.919921875 0.7949218750000002 0.919921875 0.8574218750000002 0.97265625 0.8574218750000002