4 0.7924347451435025 0.2780854947903707 0.027518377930048077 0.034978610459503234
5 0.7459614609057763 0.32976832708967296 0.027518377930048077 0.03497861045950312
8 0.7038324934477659 0.37488837349812965 0.027518377930048077 0.03497861045950312
6 0.664758375426817 0.418260158613452 0.027393215992986386 0.03302548545950312
9 0.626723400874399 0.460723669131063 0.023486965992986386 0.032752333850348814
1 0.591017037133166 0.49746438045325114 0.023361804055924917 0.030799208850348814
7 0.5582403608919331 0.534409955482305 0.023361804055924917 0.030799208850348814
3 0.5255888465877616 0.5694024055113589 0.023361804055924917 0.030799208850349036
0 0.49696874422065196 0.6027148821495671 0.021659002930048077 0.03456888304577177
2 0.4684738037906039 0.6340742337877753 0.019580715992986386 0.032479182241194504
10 0.767985650390625 0.278742853515625 0.750319498046875 0.29629915234375 0.7480735078125 0.297245931640625 0.7223220546875 0.326485310546875 0.7219816953125 0.32856616015625 0.710053080078125 0.34213185546875 0.707639919921875 0.342822529296875 0.6810970234375 0.372464849609375 0.6816250078125 0.374271123046875 0.670832064453125 0.3865199296875 0.668400517578125 0.386432685546875 0.643185779296875 0.415014166015625 0.643133869140625 0.41696066015625 0.63168197265625 0.4301289140625 0.62936595703125 0.430817501953125 0.60726648828125 0.456141541015625 0.607299666015625 0.457567724609375 0.5963824375 0.468651734375 0.594357587890625 0.46933523828125 0.5721127578125 0.494752685546875 0.563318853515625 0.5057087421875 0.561585474609375 0.506387544921875 0.539938875 0.529200814453125 0.540178123046875 0.5311418359375 0.530608677734375 0.541683486328125 0.528672234375 0.54197671484375 0.508445337890625 0.5639116171875 0.508793802734375 0.566369556640625 0.50130715625 0.574540904296875 0.499179123046875 0.574966796875 0.480425837890625 0.59591404296875 0.479700171875 0.598131328125 0.472034 0.606953951171875 0.469068078125 0.6089509453125 0.452365537109375 0.62782630859375 0.451239197265625 0.629531765625 0.34432871875 0.748398994140625 0.34430996875 0.751770896484375 0.3524497109375 0.780029287109375 0.354993490234375 0.780763099609375 0.493394958984375 0.63059047265625 0.62217295703125 0.49155188671875 0.770863775390625 0.332287919921875 0.8182830703125 0.2812360390625 0.81839595703125 0.27773278515625 0.798949671875 0.243835865234375 0.796427294921875 0.244009623046875 0.767154146484375 0.276423060546875 0.767985650390625 0.278742853515625