2 0.7854750039061826 0.5812368289463041 0.06959143415851465 0.06010819469946771
0 0.6957922571770807 0.5691191761088116 0.06959143415851488 0.06010819469946771
3 0.6130023262365238 0.5554669480816679 0.06959143415851488 0.06010819469946771
7 0.526192388718877 0.5440867094486104 0.06959143415851465 0.06010819469946771
1 0.44047277027832 0.5306736297170315 0.06959143415851476 0.06010819469946771
9 0.35664939854921807 0.5180776802884094 0.06959143415851465 0.06010819469946771
6 0.2689766551086611 0.5048240327538736 0.06959143415851465 0.06010819469946771
8 0.18222359587955925 0.4924672316208162 0.06959143415851471 0.06010819469946771
5 0.09547053665045735 0.4801104304877588 0.06959143415851471 0.06010819469946771
4 0.020808473894578867 0.4669364990517445 0.041616947789157734 0.06010819469946771
10 0 0.490163740234375 0.925050701171875 0.625144841796875 0.9375831953125 0.580979609375 0 0.44492320703125 0 0.490163740234375