10 0.89923035546875 0.30806435351562506 0.8918969317343307 0.2663370178574037 0.009267933742469786 0.42145577491336444 0.016601357476888998 0.4631831105715858
2 0.20703125000000006 0.392578125 0.15429687500000006 0.392578125 0.15429687500000006 0.4375 0.20703125000000006 0.4375
0 0.2734375 0.380859375 0.22070312500000006 0.380859375 0.22070312500000006 0.42578125 0.2734375 0.42578125
3 0.345703125 0.369140625 0.291015625 0.369140625 0.291015625 0.4140625 0.345703125 0.4140625
7 0.41796875 0.35546875 0.36328125 0.35546875 0.36328125 0.40234375 0.41796875 0.40234375
1 0.4921875 0.34375000000000006 0.435546875 0.34375 0.435546875 0.38867187500000006 0.4921875 0.3886718750000001
9 0.56640625 0.3300781250000001 0.509765625 0.3300781250000001 0.509765625 0.3769531250000001 0.56640625 0.3769531250000001
6 0.64453125 0.3144531250000001 0.5859375 0.3144531250000001 0.5859375 0.3632812500000001 0.64453125 0.3632812500000001
8 0.724609375 0.3007812500000001 0.6640625 0.3007812500000001 0.6640625 0.3496093750000001 0.724609375 0.3496093750000001
5 0.806640625 0.2851562500000001 0.74609375 0.2851562500000001 0.74609375 0.3359375000000001 0.806640625 0.3359375000000001
4 0.896484375 0.2675781250000001 0.83203125 0.2675781250000001 0.83203125 0.3203125000000001 0.896484375 0.3203125000000001