10 0.9814209921875001 0.46273895703125 0.12043982792726157 0.3571653772139764 0.11224471484375005 0.42399874609375005 0.9732258791039886 0.5295723259110237
2 0.859375 0.4394531250000001 0.80078125 0.4394531250000001 0.80078125 0.509765625 0.859375 0.509765625
0 0.783203125 0.4316406250000001 0.7265625 0.4316406250000001 0.7265625 0.5 0.783203125 0.5
3 0.7109375 0.4238281250000001 0.65234375 0.4238281250000001 0.65234375 0.4941406250000001 0.7109375 0.4941406250000001
7 0.638671875 0.4140625000000001 0.576171875 0.4140625000000001 0.576171875 0.4843750000000001 0.638671875 0.4843750000000001
1 0.5625 0.4042968750000001 0.501953125 0.4042968750000001 0.501953125 0.4746093750000001 0.5625 0.4746093750000001
9 0.48828125000000006 0.39648437500000006 0.427734375 0.396484375 0.42773437500000006 0.46679687500000006 0.4882812500000001 0.4667968750000001
6 0.41015625000000006 0.388671875 0.3515625 0.388671875 0.35156250000000006 0.458984375 0.4101562500000001 0.458984375
8 0.3359375 0.376953125 0.27734375 0.376953125 0.27734375 0.44921875 0.3359375 0.44921875
5 0.2578125 0.369140625 0.19726562500000006 0.369140625 0.19726562500000006 0.44140625 0.2578125 0.44140625
4 0.17773437500000006 0.357421875 0.11328125000000006 0.357421875 0.11328125000000006 0.43359375 0.17773437500000006 0.43359375