10 0.9312563100081198 0.3782929453291275 0.9304765599695461 0.3426925211896398 0.02786765425830135 0.36246221062613737 0.028647404296875005 0.39806263476562515
2 0.318359375 0.357421875 0.2734375 0.357421875 0.2734375 0.392578125 0.318359375 0.392578125
0 0.384765625 0.35546875 0.341796875 0.35546875 0.341796875 0.392578125 0.384765625 0.392578125
3 0.453125 0.35546875 0.408203125 0.35546875 0.408203125 0.390625 0.453125 0.390625
7 0.521484375 0.3515625000000001 0.4765625 0.3515625000000001 0.4765625 0.3906250000000001 0.521484375 0.3906250000000001
1 0.587890625 0.3515625000000001 0.54296875 0.3515625000000001 0.54296875 0.3886718750000001 0.587890625 0.3886718750000001
9 0.65625 0.3515625000000001 0.611328125 0.3515625000000001 0.611328125 0.3867187500000001 0.65625 0.3867187500000001
6 0.72265625 0.3496093750000001 0.677734375 0.3496093750000001 0.677734375 0.3847656250000001 0.72265625 0.3847656250000001
8 0.791015625 0.3457031250000001 0.744140625 0.3457031250000001 0.744140625 0.3847656250000001 0.791015625 0.3847656250000001
5 0.861328125 0.3457031250000001 0.8125 0.3457031250000001 0.8125 0.3828125000000001 0.861328125 0.3828125000000001
4 0.9296875 0.3437500000000001 0.884765625 0.3437500000000001 0.884765625 0.3808593750000001 0.9296875 0.3808593750000001