10 0.343449900390625 0.31305191796875 0.344666916015625 0.208740443359375 0.34763368359375 0.016191298828125 0.30029371875 0.013986404296875 0.295292876953125 0.205239654296875 0.293466404296875 0.29233664453125 0.290998916015625 0.36539275390625 0.28771854296875 0.46175523046875 0.283049560546875 0.585044142578125 0.276702826171875 0.745091865234375 0.274602560546875 0.793756623046875 0.27755431640625 0.795895544921875 0.32899310546875 0.799321326171875 0.3342261171875 0.798007474609375 0.338124255859375 0.654682193359375 0.34028198828125 0.52507683203125 0.341700322265625 0.425643521484375 0.343449900390625 0.31305191796875
2 0.31860432950132367 0.22474327956837728 0.04903265807929147 0.03743045647205806
0 0.31793456662026076 0.2774321704389361 0.04707953307929147 0.037339488213175676
3 0.31726480373919785 0.3301210613094949 0.049055383976990496 0.041336706472058005
7 0.31563552278140916 0.3856941555506126 0.049055383976990496 0.041336706472058005
1 0.3149884857980454 0.4422892964211715 0.0510198719258399 0.043380799730940334
9 0.31241104971238054 0.502699719032848 0.05101987192584001 0.043380799730940334
6 0.3098392951011405 0.5640867041445246 0.056890609874689524 0.04560682950758732
8 0.30923770991317473 0.6284943450150834 0.05494884782353904 0.04746898624870499
5 0.3076936510717575 0.6987158767562011 0.05691333577238855 0.04951307950758732
4 0.3042135116536146 0.7717761277384364 0.05886646077238855 0.04960404776646965