10 0.8579047315001581 0.20475097107338305 0.8018678586002606 0.20341181627200944 0.7851150665532276 0.9044316518392516 0.8411519394531252 0.9057708066406251
2 0.85546875 0.3359375000000001 0.798828125 0.3359375000000001 0.798828125 0.3730468750000001 0.85546875 0.3730468750000001
0 0.853515625 0.3906250000000001 0.796875 0.3906250000000001 0.796875 0.4335937500000001 0.853515625 0.4335937500000001
3 0.8515625 0.4453125000000001 0.794921875 0.4453125000000001 0.794921875 0.4863281250000001 0.8515625 0.4863281250000001
7 0.84765625 0.501953125 0.791015625 0.501953125 0.791015625 0.544921875 0.84765625 0.544921875
1 0.84765625 0.560546875 0.791015625 0.560546875 0.791015625 0.6015625 0.84765625 0.6015625
9 0.845703125 0.619140625 0.7890625 0.619140625 0.7890625 0.66015625 0.845703125 0.66015625
6 0.84375 0.67578125 0.787109375 0.67578125 0.787109375 0.720703125 0.84375 0.720703125
8 0.845703125 0.736328125 0.7890625 0.736328125 0.7890625 0.78125 0.845703125 0.78125
5 0.841796875 0.794921875 0.787109375 0.794921875 0.787109375 0.837890625 0.841796875 0.837890625
4 0.841796875 0.857421875 0.787109375 0.857421875 0.787109375 0.90234375 0.841796875 0.90234375