10 0.6695826362492762 0.04900311999943492 0.6016961348134889 0.0370027981814742 0.43534933593750014 0.9780360781250002 0.5032358373732874 0.9900363999429609
2 0.54296875 0.6875 0.4980468750000001 0.6875 0.4980468750000001 0.75 0.54296875 0.75
0 0.560546875 0.587890625 0.517578125 0.587890625 0.517578125 0.640625 0.560546875 0.640625
3 0.576171875 0.4980468750000001 0.53515625 0.4980468750000001 0.53515625 0.546875 0.576171875 0.546875
7 0.591796875 0.4160156250000001 0.552734375 0.4160156250000001 0.552734375 0.4589843750000001 0.591796875 0.4589843750000001
1 0.607421875 0.3457031250000001 0.568359375 0.3457031250000001 0.568359375 0.3847656250000001 0.607421875 0.3847656250000001
9 0.62109375 0.2753906250000001 0.58203125 0.2753906250000001 0.58203125 0.3144531250000001 0.62109375 0.3144531250000001
6 0.6328125 0.21289062500000006 0.59765625 0.21289062500000006 0.59765625 0.24804687500000006 0.6328125 0.24804687500000006
8 0.64453125 0.15429687500000006 0.611328125 0.15429687500000006 0.611328125 0.18554687500000006 0.64453125 0.18554687500000006
5 0.65234375 0.09960937500000008 0.62109375 0.09960937500000008 0.62109375 0.13085937500000006 0.65234375 0.13085937500000006
4 0.6640625 0.05078125000000008 0.62890625 0.05078125000000008 0.62890625 0.07812500000000008 0.6640625 0.07812500000000008