2 0.1611328125 0.6279296875 0.0546875 0.0185546875
0 0.2587890625 0.625 0.05859375 0.0185546875
3 0.3515625 0.62109375 0.0595703125 0.01953125
7 0.443359375 0.619140625 0.0576171875 0.017578125
1 0.529296875 0.6181640625 0.0478515625 0.0185546875
9 0.61328125 0.6181640625 0.0419921875 0.0166015625
6 0.6982421875 0.6162109375 0.0380859375 0.0185546875
8 0.775390625 0.6142578125 0.03515625 0.0166015625
5 0.853515625 0.6142578125 0.029296875 0.015625
4 0.931640625 0.61328125 0.0234375 0.0185546875
10 0.91029828125 0.62716840234375 0.9702652109375 0.62749181640625 0.9702652109375 0.621022818359375 0.94222321484375 0.6038799609375 0.637210318359375 0.60873189453125 0.475557208984375 0.611642857421875 0.297453373046875 0.61584771875 0.000998677734375 0.625557291015625 0.0007450390625 0.647545634765625 0.206962962890625 0.6388125 0.303600859375 0.635578125 0.495819775390625 0.6310498515625 0.665093916015625 0.630079365234375 0.91029828125 0.62716840234375