2 0.5997405870024073 0.26514600193177856 0.0588238632131759 0.04786366578694978
0 0.5937715405277593 0.3258462905883742 0.060686019954293347 0.045944632710637756
3 0.5888245406825525 0.3875060957831259 0.0607769882131759 0.047897757710637756
7 0.5848541033373456 0.44914885501603363 0.060867956472058005 0.049850882710637756
1 0.5798616193626975 0.5098320977107853 0.0607769882131759 0.047897757710637645
9 0.5749146195174908 0.571491902905537 0.060686019954293347 0.045944632710637645
6 0.5700585879311661 0.6351048331002886 0.060776988213175676 0.047897757710637645
8 0.5652025563448416 0.6987177632950405 0.060867956472058005 0.049850882710637645
5 0.5594154463879583 0.763324301951636 0.060867956472058005 0.049850882710637645
4 0.5547868354488394 0.8318200446463877 0.060867956472058005 0.049850882710637645
10 0.5255305703125 0.851000931640625 0.5803260234375 0.85746354296875 0.641408546875 0.081741361328125 0.588853634765625 0.07547444140625 0.5255305703125 0.851000931640625