4 0.802734375 0.1308593750000001 0.7578125 0.1308593750000001 0.7578125 0.1738281250000001 0.802734375 0.1738281250000001
5 0.748046875 0.1875000000000001 0.703125 0.1875000000000001 0.703125 0.2265625000000001 0.748046875 0.2265625000000001
8 0.6953125 0.24023437500000008 0.650390625 0.24023437500000006 0.650390625 0.2812500000000001 0.6953125 0.2812500000000001
6 0.638671875 0.2929687500000001 0.59375 0.2929687500000001 0.59375 0.3378906250000001 0.638671875 0.3378906250000001
9 0.5859375 0.3515625000000001 0.537109375 0.3515625000000001 0.537109375 0.3925781250000001 0.5859375 0.3925781250000001
1 0.529296875 0.4082031250000001 0.48046875 0.4082031250000001 0.48046875 0.4492187500000001 0.529296875 0.4492187500000001
7 0.4707031250000001 0.46484375000000006 0.4199218750000001 0.46484375 0.4199218750000001 0.505859375 0.4707031250000001 0.505859375
3 0.4101562500000001 0.525390625 0.3593750000000001 0.525390625 0.3593750000000001 0.564453125 0.4101562500000001 0.564453125
0 0.3535156250000001 0.58203125 0.3007812500000001 0.58203125 0.3007812500000001 0.623046875 0.3535156250000001 0.623046875
2 0.2929687500000001 0.646484375 0.23828125000000006 0.646484375 0.23828125000000008 0.6875 0.2929687500000001 0.6875
10 0.8198315652674093 0.14454906375805715 0.7880140765972465 0.11263628737744108 0.09805084960937505 0.8005393671875002 0.12986833827953775 0.8324521435681163