2 0.8831203409143333 0.8021539390665322 0.06342048193957384 0.05528105484777557
0 0.7968930595629861 0.8152538167758405 0.06732673193957406 0.05544022233826151
3 0.7107169160971706 0.8254240069851491 0.06732673193957406 0.05544022233826151
7 0.6215769932076671 0.837427946576593 0.06739491578695 0.05934647233826151
1 0.5354008497418516 0.8475981367859016 0.06537360693957384 0.05536063859301876
9 0.4472374893523483 0.8596418682499669 0.06342048193957395 0.05528105484777557
6 0.3600847833865328 0.8697722665866539 0.06537360693957395 0.05536063859301876
8 0.2728979854970294 0.881855789923341 0.06732673193957395 0.05544022233826151
5 0.18473462510752603 0.8938995213874064 0.06732673193957395 0.05544022233826151
4 0.09561174817986659 0.9049268984788503 0.06338639001588603 0.05332792984777557
10 0.070529646484375 0.93163469921875 0.986571017578125 0.81009275390625 0.987347486328125 0.7656089140625 0.06389515234375 0.888134158203125 0.070529646484375 0.93163469921875