10 0.610635927734375 0.9573848085937501 0.48122260557884555 -0.004227751682922817 0.44248722772962495 0.0009852354799892923 0.5719005498851545 0.9625977957566623
2 0.5 0.16601562500000006 0.46875 0.16601562500000006 0.46875 0.20898437500000006 0.5 0.20898437500000006
0 0.509765625 0.24804687500000006 0.48046875 0.24804687500000006 0.48046875 0.2890625000000001 0.509765625 0.2890625000000001
3 0.521484375 0.3242187500000001 0.490234375 0.3242187500000001 0.490234375 0.3671875000000001 0.521484375 0.3671875000000001
7 0.53125 0.4062500000000001 0.5 0.4062500000000001 0.5 0.4492187500000001 0.53125 0.4492187500000001
1 0.54296875 0.4824218750000001 0.51171875 0.4824218750000001 0.51171875 0.529296875 0.54296875 0.529296875
9 0.552734375 0.560546875 0.52734375 0.560546875 0.52734375 0.611328125 0.552734375 0.611328125
6 0.564453125 0.642578125 0.537109375 0.642578125 0.537109375 0.697265625 0.564453125 0.697265625
8 0.576171875 0.72265625 0.552734375 0.72265625 0.552734375 0.779296875 0.576171875 0.779296875
5 0.58984375 0.80859375 0.5625 0.80859375 0.5625 0.86328125 0.58984375 0.86328125
4 0.6054687500000001 0.8984375 0.576171875 0.8984375 0.5761718750000001 0.955078125 0.6054687500000002 0.955078125