4 0.2675781250000001 0.724609375 0.2089843750000001 0.724609375 0.2089843750000001 0.7734375 0.2675781250000001 0.7734375
8 0.2753906250000001 0.669921875 0.21289062500000006 0.669921875 0.21289062500000008 0.716796875 0.2753906250000001 0.716796875
8 0.2851562500000001 0.61328125 0.22460937500000006 0.61328125 0.22460937500000006 0.666015625 0.2851562500000001 0.666015625
6 0.2929687500000001 0.556640625 0.23046875000000006 0.556640625 0.23046875000000006 0.607421875 0.2929687500000001 0.607421875
9 0.3027343750000001 0.494140625 0.23632812500000006 0.494140625 0.23632812500000006 0.548828125 0.3027343750000001 0.548828125
1 0.31250000000000006 0.431640625 0.24804687500000006 0.431640625 0.24804687500000006 0.486328125 0.3125000000000001 0.486328125
7 0.32421875 0.365234375 0.255859375 0.365234375 0.255859375 0.42578125 0.32421875 0.42578125
3 0.33203125 0.29296875 0.263671875 0.29296875 0.263671875 0.35546875 0.33203125 0.35546875
0 0.34375 0.21875000000000006 0.2734375 0.21875000000000006 0.2734375 0.283203125 0.34375 0.283203125
2 0.359375 0.13671875000000006 0.28125 0.13671875000000006 0.28125 0.20703125000000006 0.359375 0.20703125000000006
10 0.38104850000000023 7.632783294297951e-17 0.31269578964510897 -0.010482047449107308 0.19419289313803412 0.7622671888514319 0.2625456034929254 0.7727492363005393