10 0.8953462167968753 0.06364345703125024 0.8065708678463339 0.023911656194108122 0.3938232643385539 0.9461404945016169 0.4825986132890953 0.985872295338759
2 0.80078125 0.2246093750000001 0.71875 0.2246093750000001 0.71875 0.2910156250000001 0.80078125 0.2910156250000001
0 0.755859375 0.3222656250000001 0.6796875 0.3222656250000001 0.6796875 0.3867187500000001 0.755859375 0.3867187500000001
3 0.71875 0.4179687500000001 0.638671875 0.4179687500000001 0.638671875 0.4746093750000001 0.71875 0.4746093750000001
7 0.681640625 0.50390625 0.603515625 0.50390625 0.603515625 0.5546875 0.681640625 0.5546875
1 0.64453125 0.58203125 0.5703125 0.58203125 0.5703125 0.634765625 0.64453125 0.634765625
9 0.611328125 0.65625 0.5390625 0.65625 0.5390625 0.70703125 0.611328125 0.70703125
6 0.580078125 0.728515625 0.509765625 0.728515625 0.509765625 0.779296875 0.580078125 0.779296875
8 0.55078125 0.796875 0.4843750000000001 0.796875 0.4843750000000001 0.841796875 0.55078125 0.841796875
5 0.5234375 0.865234375 0.4570312500000001 0.865234375 0.4570312500000001 0.90625 0.5234375 0.90625
4 0.4941406250000001 0.923828125 0.4316406250000001 0.923828125 0.4316406250000001 0.96875 0.4941406250000001 0.96875