10 1.0037738257994355 0.8190241089690481 0.1670093652343751 0.7712400527343749 0.16311786852380222 0.8393855054732828 0.9998823290888625 0.887169561707956
2 0.9375 0.8105468750000001 0.8828125 0.810546875 0.8828125 0.8808593750000001 0.9375 0.8808593750000002
0 0.86328125 0.80859375 0.806640625 0.80859375 0.806640625 0.87890625 0.86328125 0.87890625
3 0.787109375 0.802734375 0.73046875 0.802734375 0.73046875 0.873046875 0.787109375 0.873046875
7 0.70703125 0.796875 0.650390625 0.796875 0.650390625 0.8671875 0.70703125 0.8671875
1 0.630859375 0.79296875 0.576171875 0.79296875 0.576171875 0.86328125 0.630859375 0.86328125
9 0.55078125 0.787109375 0.4960937500000001 0.787109375 0.4960937500000001 0.857421875 0.55078125 0.857421875
6 0.4726562500000001 0.783203125 0.4160156250000001 0.783203125 0.4160156250000001 0.857421875 0.4726562500000001 0.857421875
8 0.3925781250000001 0.779296875 0.3359375000000001 0.779296875 0.3359375000000001 0.853515625 0.3925781250000001 0.853515625
5 0.3125000000000001 0.775390625 0.2539062500000001 0.775390625 0.2539062500000001 0.849609375 0.3125000000000001 0.849609375
4 0.2265625000000001 0.771484375 0.1679687500000001 0.771484375 0.1679687500000001 0.845703125 0.2265625000000001 0.845703125