2 0.40986748224979475 0.7701677379067544 0.039948890015885974 0.05351276609154354
0 0.4385237713117799 0.693060364142674 0.0378593973211343 0.045563690286966274
3 0.4641310511408572 0.6229937915854593 0.0378593973211343 0.045563690286966274
7 0.4897042390462467 0.5548803440282448 0.0339531473211343 0.04529053867781174
1 0.5092475923331965 0.4969422488847617 0.03196593039744644 0.0432008378732347
9 0.5297675081201463 0.43893586583899 0.03388496347375858 0.041384288677811965
6 0.5482661150597203 0.38497230859779547 0.031863654626382854 0.0373414628732347
8 0.5657370216137624 0.33400672675888954 0.02991052962638263 0.037204887068657544
5 0.5821631818204286 0.2870156828222722 0.02987643770269477 0.035251762068657544
4 0.5986063879889388 0.23904807638565484 0.02792331270269477 0.03511518626408039
10 0.407920990234375 0.723557162109375 0.327441705078125 0.9234918046875 0.3651546796875 0.946971154296875 0.406514927734375 0.83645990625 0.44171097265625 0.741729734375 0.465500720703125 0.673747271484375 0.492549044921875 0.5957778828125 0.53409944921875 0.472544634765625 0.571038525390625 0.364017599609375 0.616091669921875 0.22717565234375 0.590700361328125 0.221425927734375 0.523144029296875 0.41483676171875 0.462032982421875 0.581614423828125 0.407920990234375 0.723557162109375