10 0.7951476880633055 0.7858646744521217 0.208461201171875 0.07880757421874995 0.17547249890985336 0.10618022323228063 0.7621589858012838 0.8132373234656525
4 0.23046875 0.10742187500000003 0.203125 0.10742187500000003 0.203125 0.13671875000000003 0.23046875 0.13671875000000006
5 0.271484375 0.16210937500000006 0.251953125 0.16210937500000006 0.251953125 0.19531250000000006 0.271484375 0.19531250000000006
8 0.31640625 0.21679687500000006 0.296875 0.21679687500000006 0.296875 0.251953125 0.31640625 0.251953125
6 0.361328125 0.2734375 0.34375 0.2734375 0.34375 0.310546875 0.361328125 0.310546875
9 0.41015625 0.330078125 0.390625 0.330078125 0.390625 0.365234375 0.41015625 0.365234375
1 0.458984375 0.39257812500000006 0.4375 0.392578125 0.4375 0.42968750000000006 0.458984375 0.4296875000000001
7 0.509765625 0.4531250000000001 0.484375 0.4531250000000001 0.48437500000000006 0.4863281250000001 0.509765625 0.4863281250000001
3 0.5625 0.517578125 0.537109375 0.517578125 0.537109375 0.55078125 0.5625 0.55078125
0 0.615234375 0.576171875 0.58984375 0.576171875 0.58984375 0.609375 0.615234375 0.609375
2 0.673828125 0.64453125 0.6484375 0.64453125 0.6484375 0.677734375 0.673828125 0.677734375