10 0.6922420644531251 0.1469826562500001 0.6589151356104107 0.14431044406985827 0.5903364865943713 0.9996002196616032 0.6236634154370857 1.002272431841745
2 0.66796875 0.3105468750000001 0.6484375 0.3105468750000001 0.6484375 0.3398437500000001 0.66796875 0.3398437500000001
0 0.662109375 0.3789062500000001 0.638671875 0.3789062500000001 0.638671875 0.4082031250000001 0.662109375 0.4082031250000001
3 0.654296875 0.4453125000000001 0.62890625 0.4453125000000001 0.62890625 0.4765625000000001 0.654296875 0.4765625000000001
7 0.65234375 0.513671875 0.625 0.513671875 0.625 0.55078125 0.65234375 0.55078125
1 0.646484375 0.5859375 0.619140625 0.5859375 0.619140625 0.626953125 0.646484375 0.626953125
9 0.640625 0.6640625 0.61328125 0.6640625 0.61328125 0.70703125 0.640625 0.70703125
6 0.63671875 0.740234375 0.607421875 0.740234375 0.607421875 0.791015625 0.63671875 0.791015625
8 0.630859375 0.818359375 0.603515625 0.818359375 0.603515625 0.873046875 0.630859375 0.873046875
5 0.6230468750000001 0.90625 0.595703125 0.90625 0.5957031250000001 0.9609375 0.6230468750000002 0.9609375
4 0.6210937500000002 0.994140625 0.5917968750000002 0.994140625 0.5917968750000002 1 0.6210937500000002 1