10 0.9524919980468749 0.557588013671875 0.9467553199802227 0.5208251747971555 0.05979773791978243 0.6592309743165159 0.06553441598643461 0.6959938131912354
4 0.951171875 0.5214843750000001 0.896484375 0.521484375 0.896484375 0.5664062500000001 0.951171875 0.5664062500000002
5 0.876953125 0.53125 0.82421875 0.53125 0.82421875 0.578125 0.876953125 0.578125
8 0.8046875 0.54296875 0.75390625 0.54296875 0.75390625 0.587890625 0.8046875 0.587890625
6 0.736328125 0.5546875 0.685546875 0.5546875 0.685546875 0.59765625 0.736328125 0.59765625
9 0.666015625 0.564453125 0.615234375 0.564453125 0.615234375 0.609375 0.666015625 0.609375
1 0.59765625 0.57421875 0.541015625 0.57421875 0.541015625 0.619140625 0.59765625 0.619140625
7 0.529296875 0.5859375 0.4746093750000001 0.5859375 0.4746093750000001 0.630859375 0.529296875 0.630859375
3 0.4589843750000001 0.595703125 0.4062500000000001 0.595703125 0.4062500000000001 0.642578125 0.4589843750000001 0.642578125
0 0.3906250000000001 0.607421875 0.3359375000000001 0.607421875 0.3359375000000001 0.65234375 0.3906250000000001 0.65234375
2 0.3203125000000001 0.619140625 0.2656250000000001 0.619140625 0.2656250000000001 0.662109375 0.3203125000000001 0.662109375