2 0.17968750000000006 0.416015625 0.12109375000000006 0.416015625 0.12109375000000006 0.462890625 0.17968750000000006 0.462890625
0 0.265625 0.3984375 0.20703125000000006 0.3984375 0.20703125000000006 0.44140625 0.265625 0.44140625
3 0.341796875 0.3828125 0.291015625 0.3828125 0.291015625 0.423828125 0.341796875 0.423828125
7 0.421875 0.36328125 0.369140625 0.36328125 0.369140625 0.404296875 0.421875 0.404296875
1 0.494140625 0.34960937500000006 0.443359375 0.349609375 0.443359375 0.39062500000000006 0.494140625 0.3906250000000001
9 0.564453125 0.3320312500000001 0.521484375 0.3320312500000001 0.521484375 0.3710937500000001 0.564453125 0.3710937500000001
6 0.6328125 0.3164062500000001 0.58984375 0.3164062500000001 0.58984375 0.3554687500000001 0.6328125 0.3554687500000001
8 0.69921875 0.3007812500000001 0.6640625 0.3007812500000001 0.6640625 0.3398437500000001 0.69921875 0.3398437500000001
5 0.763671875 0.2851562500000001 0.73046875 0.2851562500000001 0.73046875 0.3222656250000001 0.763671875 0.3222656250000001
4 0.83203125 0.2714843750000001 0.798828125 0.2714843750000001 0.798828125 0.3085937500000001 0.83203125 0.3085937500000001
10 0.8481988132742708 0.3014806990785358 0.8396369466565189 0.26335249739086697 0.005766680688645914 0.45060197881698216 0.014328547306397932 0.488730180504651