2 0.7197265625 0.6865234375 0.0478515625 0.0341796875
0 0.716796875 0.62890625 0.048828125 0.0361328125
3 0.7109375 0.5712890625 0.048828125 0.0361328125
7 0.70703125 0.513671875 0.05078125 0.037109375
1 0.7021484375 0.4580078125 0.0498046875 0.03515625
9 0.6982421875 0.400390625 0.048828125 0.03515625
6 0.693359375 0.3427734375 0.0478515625 0.03515625
8 0.6904296875 0.28515625 0.0498046875 0.0361328125
5 0.6875 0.2265625 0.048828125 0.0361328125
4 0.68359375 0.1689453125 0.0478515625 0.0361328125
10 0.7069970234375 0.8342041171875 0.757924603515625 0.8321044140625 0.74502380859375 0.656491568359375 0.708901455078125 0.146547123046875 0.65729794921875 0.14799851171875 0.666328373046875 0.319257193359375 0.7069970234375 0.8342041171875