10 0.8282913261718751 0.4471762011718751 0.01188555859375005 0.3898989394531249 0.009315355147471525 0.42653352802152467 0.8257211227255965 0.48381078974027486
2 0.18945312500000006 0.40234375 0.13867187500000006 0.40234375 0.13867187500000006 0.4375 0.18945312500000006 0.4375
0 0.263671875 0.408203125 0.21484375000000006 0.408203125 0.21484375000000006 0.443359375 0.263671875 0.443359375
3 0.341796875 0.4140625 0.287109375 0.4140625 0.287109375 0.44921875 0.341796875 0.44921875
7 0.4140625 0.419921875 0.36328125 0.419921875 0.36328125 0.453125 0.4140625 0.453125
1 0.48046875000000006 0.42187500000000006 0.43359375 0.421875 0.43359375000000006 0.45703125000000006 0.4804687500000001 0.4570312500000001
9 0.552734375 0.4277343750000001 0.50390625 0.4277343750000001 0.50390625 0.4628906250000001 0.552734375 0.4628906250000001
6 0.62109375 0.4316406250000001 0.578125 0.4316406250000001 0.578125 0.4667968750000001 0.62109375 0.4667968750000001
8 0.6875 0.4355468750000001 0.646484375 0.4355468750000001 0.646484375 0.4707031250000001 0.6875 0.4707031250000001
5 0.751953125 0.4414062500000001 0.712890625 0.4414062500000001 0.712890625 0.4746093750000001 0.751953125 0.4746093750000001
4 0.82421875 0.4453125000000001 0.783203125 0.4453125000000001 0.783203125 0.4765625000000001 0.82421875 0.4765625000000001