10 0.7434946249999999 0.35015581445312505 0.7425552187489177 0.2919702956433589 0.08357909825043323 0.3026094769993602 0.08451850450151537 0.36079499580912633
2 0.24218750000000006 0.30859375 0.21093750000000006 0.30859375 0.21093750000000006 0.357421875 0.24218750000000006 0.357421875
0 0.29296875 0.30859375 0.259765625 0.30859375 0.259765625 0.35546875 0.29296875 0.35546875
3 0.33984375 0.30859375 0.306640625 0.30859375 0.306640625 0.35546875 0.33984375 0.35546875
7 0.392578125 0.3046875 0.359375 0.3046875 0.359375 0.353515625 0.392578125 0.353515625
1 0.4453125 0.306640625 0.412109375 0.306640625 0.412109375 0.3515625 0.4453125 0.3515625
9 0.5 0.3027343750000001 0.462890625 0.3027343750000001 0.462890625 0.3515625000000001 0.5 0.3515625000000001
6 0.556640625 0.3027343750000001 0.51953125 0.3027343750000001 0.51953125 0.3515625000000001 0.556640625 0.3515625000000001
8 0.61328125 0.3007812500000001 0.576171875 0.3007812500000001 0.576171875 0.3496093750000001 0.61328125 0.3496093750000001
5 0.673828125 0.2988281250000001 0.63671875 0.2988281250000001 0.63671875 0.3476562500000001 0.673828125 0.3476562500000001
4 0.740234375 0.2949218750000001 0.69921875 0.2949218750000001 0.69921875 0.3496093750000001 0.740234375 0.3496093750000001