10 0.8583693789062501 0.2954861113281253 0.8409281828100991 0.2557578125373122 -0.015084713674275968 0.6315576640998121 0.002356482421875028 0.6712859628906251
2 0.19335937500000006 0.5625 0.15234375000000006 0.5625 0.15234375000000006 0.5859375 0.19335937500000006 0.5859375
0 0.2558593750000001 0.533203125 0.21484375000000006 0.533203125 0.21484375000000006 0.560546875 0.2558593750000001 0.560546875
3 0.3203125000000001 0.505859375 0.2792968750000001 0.505859375 0.2792968750000001 0.533203125 0.3203125000000001 0.533203125
7 0.3867187500000001 0.474609375 0.3496093750000001 0.474609375 0.3496093750000001 0.50390625 0.3867187500000001 0.50390625
1 0.45507812500000006 0.44726562500000006 0.412109375 0.447265625 0.41210937500000006 0.47265625000000006 0.4550781250000001 0.4726562500000001
9 0.52734375 0.4160156250000001 0.482421875 0.4160156250000001 0.482421875 0.4414062500000001 0.52734375 0.4414062500000001
6 0.599609375 0.3847656250000001 0.552734375 0.3847656250000001 0.552734375 0.4101562500000001 0.599609375 0.4101562500000001
8 0.677734375 0.3496093750000001 0.62890625 0.3496093750000001 0.62890625 0.3769531250000001 0.677734375 0.3769531250000001
5 0.7578125 0.3164062500000001 0.703125 0.3164062500000001 0.703125 0.3417968750000001 0.7578125 0.3417968750000001
4 0.841796875 0.2773437500000001 0.7890625 0.2773437500000001 0.7890625 0.3046875000000001 0.841796875 0.3046875000000001