4 0.54296875 0.13281250000000006 0.474609375 0.13281250000000006 0.474609375 0.19140625000000006 0.54296875 0.19140625000000006
5 0.53515625 0.22656250000000006 0.470703125 0.22656250000000006 0.470703125 0.2773437500000001 0.53515625 0.2773437500000001
8 0.525390625 0.3085937500000001 0.46484375 0.3085937500000001 0.46484375 0.3554687500000001 0.525390625 0.3554687500000001
6 0.517578125 0.3847656250000001 0.458984375 0.3847656250000001 0.458984375 0.4257812500000001 0.517578125 0.4257812500000001
9 0.51171875 0.45117187500000006 0.453125 0.451171875 0.45312500000000006 0.49218750000000006 0.51171875 0.4921875000000001
1 0.50390625 0.515625 0.4453125000000001 0.515625 0.4453125000000001 0.5546875 0.50390625 0.5546875
7 0.4980468750000001 0.578125 0.4453125000000001 0.578125 0.4453125000000001 0.61328125 0.4980468750000001 0.61328125
3 0.4921875000000001 0.634765625 0.4414062500000001 0.634765625 0.4414062500000001 0.66796875 0.4921875000000001 0.66796875
0 0.4863281250000001 0.6875 0.4355468750000001 0.6875 0.4355468750000001 0.71875 0.4863281250000001 0.71875
2 0.4824218750000001 0.73828125 0.4335937500000001 0.73828125 0.4335937500000001 0.767578125 0.4824218750000001 0.767578125
10 0.5513684647254335 0.13207698863873216 0.4733338710761212 0.1236959436988837 0.3848407453020609 0.9476415447662798 0.4628753389513733 0.9560225897061282