10 0.4708501559008167 0.0000814296380796456 0.4350749546999152 -0.0042739517707955435 0.3261677556964422 0.8902922390653115 0.3619429568973437 0.8946476204741867
4 0.3652343750000001 0.83984375 0.3281250000000001 0.83984375 0.3281250000000001 0.892578125 0.3652343750000001 0.892578125
5 0.3769531250000001 0.767578125 0.3359375000000001 0.767578125 0.3359375000000001 0.81640625 0.3769531250000001 0.81640625
8 0.3847656250000001 0.693359375 0.3457031250000001 0.693359375 0.3457031250000001 0.7421875 0.3847656250000001 0.7421875
6 0.3945312500000001 0.623046875 0.3554687500000001 0.623046875 0.3554687500000001 0.671875 0.3945312500000001 0.671875
9 0.4023437500000001 0.552734375 0.3632812500000001 0.552734375 0.3632812500000001 0.599609375 0.4023437500000001 0.599609375
1 0.4121093750000001 0.4765625 0.3710937500000001 0.4765625 0.3710937500000001 0.529296875 0.4121093750000001 0.529296875
7 0.41992187500000006 0.408203125 0.380859375 0.408203125 0.38085937500000006 0.4609375 0.4199218750000001 0.4609375
3 0.427734375 0.337890625 0.390625 0.337890625 0.390625 0.38671875 0.427734375 0.38671875
0 0.439453125 0.265625 0.3984375 0.265625 0.3984375 0.31640625 0.439453125 0.31640625
2 0.4453125 0.19140625000000006 0.408203125 0.19140625000000006 0.408203125 0.24414062500000006 0.4453125 0.24414062500000006