10 0.9812541015966536 0.12502937692876742 0.9681400703125 0.062101890625000045 0.08612055985905276 0.24591395960681572 0.09923459114320635 0.3088414459105831
4 0.13867187500000006 0.244140625 0.09570312500000003 0.244140625 0.09570312500000003 0.302734375 0.13867187500000006 0.302734375
5 0.19335937500000006 0.234375 0.15429687500000006 0.234375 0.15429687500000006 0.287109375 0.19335937500000006 0.287109375
8 0.25 0.22265625000000003 0.20703125 0.22265625 0.20703125000000003 0.279296875 0.25 0.279296875
6 0.3046875 0.20898437500000006 0.263671875 0.20898437500000006 0.263671875 0.267578125 0.3046875 0.267578125
9 0.365234375 0.19921875000000006 0.322265625 0.19921875000000006 0.322265625 0.255859375 0.365234375 0.255859375
1 0.42578125 0.18554687500000006 0.380859375 0.18554687500000006 0.380859375 0.24414062500000006 0.42578125 0.24414062500000006
7 0.486328125 0.17382812500000006 0.439453125 0.17382812500000006 0.439453125 0.23242187500000006 0.486328125 0.23242187500000006
3 0.552734375 0.15820312500000006 0.501953125 0.15820312500000006 0.501953125 0.22070312500000006 0.552734375 0.22070312500000006
0 0.6171875 0.14453125000000006 0.56640625 0.14453125000000006 0.56640625 0.20703125000000006 0.6171875 0.20703125000000006
2 0.6875 0.12500000000000008 0.6328125 0.12500000000000006 0.6328125 0.19140625000000008 0.6875 0.1914062500000001