10 0.5087733553767075 0.9026081179407341 0.4082919091946211 0.04956359728146458 0.3484226094590996 0.05661569558775787 0.44890405564118596 0.9096602162470274
2 0.4902343750000001 0.69921875 0.4277343750000001 0.69921875 0.4277343750000001 0.751953125 0.4902343750000001 0.751953125
0 0.4804687500000001 0.62890625 0.4179687500000001 0.62890625 0.4179687500000001 0.681640625 0.4804687500000001 0.681640625
3 0.4746093750000001 0.55859375 0.4082031250000001 0.55859375 0.4082031250000001 0.61328125 0.4746093750000001 0.61328125
7 0.4648437500000001 0.49023437500000006 0.4003906250000001 0.490234375 0.4003906250000001 0.54296875 0.4648437500000001 0.54296875
1 0.45703125000000006 0.41992187500000006 0.39453125 0.419921875 0.39453125000000006 0.47265625000000006 0.4570312500000001 0.4726562500000001
9 0.447265625 0.349609375 0.384765625 0.349609375 0.384765625 0.40234375 0.447265625 0.40234375
6 0.44140625 0.275390625 0.375 0.275390625 0.375 0.33203125 0.44140625 0.33203125
8 0.431640625 0.20312500000000006 0.365234375 0.20312500000000006 0.365234375 0.259765625 0.431640625 0.259765625
5 0.421875 0.13085937500000006 0.357421875 0.13085937500000006 0.357421875 0.18554687500000006 0.421875 0.18554687500000006
4 0.412109375 0.05273437500000005 0.345703125 0.05273437500000004 0.345703125 0.10742187500000006 0.412109375 0.10742187500000006