2 0.24097124738289127 0.22322256717363848 0.04915572494189224 0.0639508511421869
0 0.31107888367602554 0.22562084233097457 0.05110884994189224 0.06409885010489069
3 0.3821630824691598 0.22809311696966253 0.05347170235562371 0.07010622406759454
7 0.4532472812622941 0.2305653916083505 0.05110884994189213 0.06409885010489069
1 0.5243314800554283 0.23303766624703848 0.05333512655104666 0.06815309906759448
9 0.596323953446274 0.2346073778670783 0.0512454257464694 0.06605197510489069
6 0.6713144022394082 0.23737565043117387 0.0512454257464694 0.06605197510489069
8 0.7431702998256767 0.2369922370512137 0.0551516757464694 0.06634797303029827
5 0.8180924607165223 0.23878394711530926 0.0551516757464694 0.06634797303029827
4 0.893991184107368 0.24064965666075666 0.05542482735562371 0.07025422303029827
10 0.03374245703125 0.2481759609375 0.70813233203125 0.27010374609375 0.92171823828125 0.276189607421875 0.9194746796875 0.21069522265625 0.867873078125 0.207952982421875 0.56448217578125 0.20187973828125 0.2682975625 0.1927043125 0.03374245703125 0.18632745703125 0.03374245703125 0.2481759609375