2 0.5980824012059826 0.8116504856273714 0.03791994148562905 0.0558101483270832
0 0.5766837750185579 0.7332572187800335 0.03751050570998027 0.0479976483270832
3 0.5588843219993969 0.6610650795245938 0.037203428878243905 0.0421382733270832
7 0.5425773787326307 0.5978328790651031 0.03730578782215588 0.0440913983270832
1 0.5260657175780403 0.5385069286056123 0.03319481993433149 0.03984339573518514
9 0.5131532295917134 0.4853821057380198 0.03103697704650732 0.03576626943923611
6 0.4982364371334303 0.43306296907447817 0.031036977046507208 0.035766269439236
8 0.4870211767873229 0.3849918350028347 0.030832259158682818 0.03186001943923611
5 0.4747269949973032 0.3387883877832166 0.028776775214770733 0.02973601814328708
4 0.4642323997914153 0.2956855043595477 0.028572057326946343 0.02582976814328697
10 0.67028610546875 1 0.4946870078125 0.35290787890625 0.473897076171875 0.279009474609375 0.445680986328125 0.28522487109375 0.62229149609375 1 0.67028610546875 1