2 0.5069992365063839 0.1381170595923525 0.05988924310014121 0.07831602413731509
0 0.4895673645509239 0.24054007815573514 0.06571452617645324 0.07677262655104655
3 0.4731461470191518 0.34107825962140637 0.06184236810014121 0.07845259994189224
7 0.45670788352553576 0.4425930035870776 0.061808276176453236 0.07649947494189224
1 0.44129732041745157 0.5412463479550373 0.061808276176453236 0.07649947494189213
9 0.42395067827121136 0.6387865540184201 0.0597869673290774 0.07245664913731487
6 0.40758059862497115 0.7363950479840913 0.05779975040538943 0.07036694833273782
8 0.3922041274405749 0.8330952673520511 0.0597869673290774 0.07245664913731509
5 0.37780421875617864 0.9298637746222995 0.0558807173290774 0.07218349752816078
4 0.36569835430866166 0.9974623992222438 0.04529688616056715 0.005075201555512443
10 0.390166609375 1 0.548876556640625 0.0383811875 0.4916366875 0.0343785859375 0.338286888671875 1 0.390166609375 1