2 0.724609375 0.2226562500000001 0.6953125 0.2226562500000001 0.6953125 0.2460937500000001 0.724609375 0.2460937500000001
0 0.712890625 0.2597656250000001 0.677734375 0.2597656250000001 0.677734375 0.2871093750000001 0.712890625 0.2871093750000001
3 0.6953125 0.3046875000000001 0.66015625 0.3046875000000001 0.66015625 0.3281250000000001 0.6953125 0.3281250000000001
7 0.677734375 0.3554687500000001 0.642578125 0.3554687500000001 0.642578125 0.3789062500000001 0.677734375 0.3789062500000001
1 0.658203125 0.4042968750000001 0.62109375 0.4042968750000001 0.62109375 0.4335937500000001 0.658203125 0.4335937500000001
9 0.638671875 0.4589843750000001 0.59765625 0.4589843750000001 0.59765625 0.4921875000000001 0.638671875 0.4921875000000001
6 0.619140625 0.517578125 0.57421875 0.517578125 0.57421875 0.552734375 0.619140625 0.552734375
8 0.59375 0.5859375 0.548828125 0.5859375 0.548828125 0.623046875 0.59375 0.623046875
5 0.5703125 0.658203125 0.517578125 0.658203125 0.517578125 0.69921875 0.5703125 0.69921875
4 0.541015625 0.740234375 0.4843750000000001 0.740234375 0.4843750000000001 0.7890625 0.541015625 0.7890625
10 0.7646170588599945 0.13404082938091752 0.7179492569321094 0.11719221195584736 0.47341861553042586 0.7945004592932386 0.520086417458311 0.8113490767183088