10 0.9342213007812501 0.28049004296875024 0.8950284541736248 0.23461648696929083 0.08756405964237474 0.9244873170474157 0.12675690625000008 0.9703608730468751
2 0.2285156250000001 0.84375 0.1718750000000001 0.84375 0.1718750000000001 0.88671875 0.2285156250000001 0.88671875
0 0.3066406250000001 0.78125 0.2421875000000001 0.78125 0.2421875000000001 0.826171875 0.3066406250000001 0.826171875
3 0.3769531250000001 0.716796875 0.3203125000000001 0.716796875 0.3203125000000001 0.763671875 0.3769531250000001 0.763671875
7 0.4570312500000001 0.65234375 0.3925781250000001 0.65234375 0.3925781250000001 0.69921875 0.4570312500000001 0.69921875
1 0.529296875 0.587890625 0.4628906250000001 0.587890625 0.4628906250000001 0.630859375 0.529296875 0.630859375
9 0.60546875 0.52734375 0.537109375 0.52734375 0.537109375 0.568359375 0.60546875 0.568359375
6 0.67578125 0.4609375000000001 0.615234375 0.4609375000000001 0.615234375 0.50390625 0.67578125 0.50390625
8 0.751953125 0.3964843750000001 0.6875 0.3964843750000001 0.6875 0.4414062500000001 0.751953125 0.4414062500000001
5 0.83203125 0.3300781250000001 0.767578125 0.3300781250000001 0.767578125 0.3750000000000001 0.83203125 0.3750000000000001
4 0.9140625 0.2597656250000001 0.84765625 0.2597656250000001 0.84765625 0.3085937500000001 0.9140625 0.3085937500000001