10 0.850204746075254 0.7636463794601454 0.13554356109474602 0.6403062364107953 0.12566352018057597 0.6975534681133847 0.8403247051610839 0.8208936111627347
2 0.712890625 0.734375 0.671875 0.734375 0.671875 0.7890625 0.712890625 0.7890625
0 0.654296875 0.7265625 0.609375 0.7265625 0.609375 0.78125 0.654296875 0.78125
3 0.59375 0.712890625 0.55078125 0.712890625 0.55078125 0.767578125 0.59375 0.767578125
7 0.53515625 0.703125 0.4902343750000001 0.703125 0.4902343750000001 0.759765625 0.53515625 0.759765625
1 0.4765625000000001 0.6953125 0.4335937500000001 0.6953125 0.4335937500000001 0.75 0.4765625000000001 0.75
9 0.4160156250000001 0.685546875 0.3750000000000001 0.685546875 0.3750000000000001 0.740234375 0.4160156250000001 0.740234375
6 0.3554687500000001 0.673828125 0.3144531250000001 0.673828125 0.3144531250000001 0.728515625 0.3554687500000001 0.728515625
8 0.2988281250000001 0.666015625 0.2539062500000001 0.666015625 0.2539062500000001 0.720703125 0.2988281250000001 0.720703125
5 0.23828125000000008 0.65625 0.19531250000000006 0.65625 0.19531250000000008 0.7109375 0.2382812500000001 0.7109375
4 0.17578125000000008 0.646484375 0.13281250000000006 0.646484375 0.13281250000000008 0.701171875 0.1757812500000001 0.701171875