2 0.30971696679513405 0.1781699025953163 0.03272758346523719 0.051326720779006796
0 0.36917361902857737 0.17530345626779803 0.03663383346523719 0.05139490462638263
3 0.4237190436953815 0.1713752176310599 0.03669066359851558 0.05334802962638263
7 0.48323252606210315 0.17046189630354164 0.036633833465237076 0.05139490462638263
1 0.5416557856622681 0.16562527901417937 0.03663383346523719 0.05139490462638263
9 0.6001074603290721 0.1617652242248171 0.03669066359851536 0.05334802962638263
6 0.659478867362598 0.15596909039729884 0.03858695846523719 0.051428996550070605
8 0.718878689462763 0.15114951906978052 0.040540083465236965 0.05146308847375847
5 0.7793119041962062 0.1483001187041062 0.04054008346523719 0.05146308847375847
4 0.8406080211630929 0.14156151430027586 0.04048325333195879 0.04950996347375847
10 0.7426924765625 0.176826982421875 0.862622833984375 0.16950380859375 0.862085189453125 0.1126065390625 0.69899430078125 0.126689935546875 0.517258015625 0.140210009765625 0.286199083984375 0.154293771484375 0.159094306640625 0.1616169453125 0.163590248046875 0.212880634765625 0.341410376953125 0.204994140625 0.7426924765625 0.176826982421875