10 0.8848961054687499 0.8659998789062501 0.07483801836830681 0.27636025718378776 0.043360574365576304 0.31960456631141476 0.8534186614660194 0.9092441880338771
2 0.20898437500000006 0.3671875 0.15820312500000006 0.3671875 0.15820312500000006 0.404296875 0.20898437500000006 0.404296875
0 0.279296875 0.41796875 0.22851562500000006 0.41796875 0.22851562500000006 0.453125 0.279296875 0.453125
3 0.3515625000000001 0.46875 0.2968750000000001 0.46875 0.2968750000000001 0.501953125 0.3515625000000001 0.501953125
7 0.4238281250000001 0.5234375 0.3691406250000001 0.5234375 0.3691406250000001 0.556640625 0.4238281250000001 0.556640625
1 0.4941406250000001 0.57421875 0.4394531250000001 0.57421875 0.4394531250000001 0.609375 0.4941406250000001 0.609375
9 0.5625 0.62109375 0.515625 0.62109375 0.515625 0.662109375 0.5625 0.662109375
6 0.63671875 0.6796875 0.583984375 0.6796875 0.583984375 0.712890625 0.63671875 0.712890625
8 0.7109375 0.732421875 0.66015625 0.732421875 0.66015625 0.76953125 0.7109375 0.76953125
5 0.7890625 0.791015625 0.728515625 0.791015625 0.728515625 0.82421875 0.7890625 0.82421875
4 0.869140625 0.8515625 0.80859375 0.8515625 0.80859375 0.880859375 0.869140625 0.880859375