2 0.7991704575077699 0.36605876395392817 0.041245738213175676 0.04869436517764647
0 0.7327856032895056 0.3835191397813704 0.039201644954293347 0.04665027191876403
3 0.6702615149418001 0.4021380146265773 0.039201644954293347 0.04665027191876403
7 0.6057843015940945 0.4206659212129018 0.039292613213175676 0.04860339691876414
1 0.5453497906347125 0.436446076816991 0.037248519954293347 0.04655930365988181
9 0.4896161556575658 0.456359903068286 0.03511345843652869 0.04256208540099937
6 0.4292271288276248 0.4711634961723752 0.03306936517764636 0.040517992142117154
8 0.37167682123880164 0.48805666666478786 0.03520442669541102 0.04451521040099937
5 0.31621609103830184 0.5021111179160829 0.03715755169541102 0.04460617865988192
4 0.25866578344947866 0.5190042884084956 0.03715755169541113 0.04460617865988192
10 0.647189763671875 0.438741455078125 0.96528812109375 0.3464362578125 0.961258072265625 0.29325216796875 0.661117392578125 0.37759456640625 0.232236912109375 0.500230640625 0.242822751953125 0.552450798828125 0.647189763671875 0.438741455078125