10 0.653959326171875 0.5205605156250002 0.6223634748883088 0.4725070342966655 0.13248049023437508 0.7946121035156252 0.16407634151794126 0.8426655848439598
2 0.3359375000000001 0.6953125 0.3085937500000001 0.6953125 0.3085937500000001 0.720703125 0.3359375000000001 0.720703125
0 0.3925781250000001 0.666015625 0.3574218750000001 0.666015625 0.3574218750000001 0.685546875 0.3925781250000001 0.685546875
3 0.4316406250000001 0.63671875 0.4042968750000001 0.63671875 0.4042968750000001 0.65625 0.4316406250000001 0.65625
7 0.4726562500000001 0.611328125 0.4472656250000001 0.611328125 0.4472656250000001 0.626953125 0.4726562500000001 0.626953125
1 0.505859375 0.58984375 0.4843750000000001 0.58984375 0.4843750000000001 0.60546875 0.505859375 0.60546875
9 0.537109375 0.57421875 0.51953125 0.57421875 0.51953125 0.587890625 0.537109375 0.587890625
6 0.56640625 0.556640625 0.552734375 0.556640625 0.552734375 0.568359375 0.56640625 0.568359375
8 0.591796875 0.5390625 0.580078125 0.5390625 0.580078125 0.55078125 0.591796875 0.55078125
5 0.619140625 0.521484375 0.6015625 0.521484375 0.6015625 0.533203125 0.619140625 0.533203125
4 0.642578125 0.51171875 0.62890625 0.51171875 0.62890625 0.5234375 0.642578125 0.5234375