4 0.9505659211031983 0.6779895683915835 0.07676941853213637 0.08888209857399065
5 0.8653020593042959 0.650153404846135 0.07676941853213637 0.08888209857399065
8 0.7761319475053935 0.6221580738102004 0.07676941853213637 0.08888209857399065
6 0.6928723901784473 0.5953780565099949 0.07676941853213637 0.08888209857399065
9 0.6096128328515009 0.5685980392097894 0.07676941853213637 0.08888209857399065
1 0.5242977915806425 0.5397853131643408 0.07676941853213637 0.08888209857399065
7 0.4410382342536962 0.5130052958641352 0.07676941853213637 0.08888209857399065
3 0.3537700679828377 0.48411298607344366 0.07676941853213637 0.08888209857399065
0 0.2666042606558915 0.4571738012827522 0.07676941853213637 0.08888209857399065
2 0.181289219385033 0.4283610752373036 0.07676941853213637 0.08888209857399065
10 0.026109712890625 0.41877534765625 0.9713426171875 0.722554166015625 0.98649487890625 0.6551411484375 0.042109376953125 0.3453556796875 0.026109712890625 0.41877534765625