2 0.6421818243815887 0.2649349873130437 0.04722980361204687 0.057424739244822276
0 0.6167663185829577 0.33572971691956877 0.04503792737631773 0.0515312723211343
3 0.5931049784212193 0.40167572594978185 0.04300521863107476 0.04954405539744644
7 0.571237595768995 0.4637495769036828 0.040892926140588814 0.04560371347375858
1 0.5510447950084203 0.5190215822812716 0.04073375865010265 0.04169746347375858
9 0.5327255355026024 0.5723745545825484 0.0366683411596167 0.03772302962638263
6 0.5142869003789201 0.6227978393838252 0.0367479249048599 0.039676154626382854
8 0.4976024308921304 0.6683724036087899 0.0347152161596167 0.03768893770269477
5 0.48283129453271917 0.7130044972574425 0.03455604866913087 0.03378268770269477
4 0.46704380380068644 0.7566429824442513 0.03260292366913076 0.033748595779006685
10 0.44722253515625 0.76460990625 0.475372796875 0.777078517578125 0.74107819921875 0.0577441171875 0.717792603515625 0.049286259765625 0.696655830078125 0.044086421875 0.44722253515625 0.76460990625