4 0.6877389673086656 0.16899663306339796 0.03547825654179615 0.04119025293004808
5 0.6504309739386958 0.22489790446197688 0.03570576969597594 0.04509650293004808
8 0.6140995430687259 0.28073659489202496 0.03375264469597594 0.044971340992986386
6 0.5758149871987562 0.33670044725913467 0.033866401273065616 0.046924465992986386
9 0.5373597964631518 0.3955939871262444 0.03409391442724541 0.050830715992986386
1 0.4979849215160921 0.45357354546188494 0.03593328285015551 0.04900275293004808
7 0.45746284920339775 0.5145453722660562 0.03961201969597583 0.045346826804171236
3 0.41590733610215846 0.5765563425387585 0.03811392100433508 0.05303416486710977
0 0.37234181971237434 0.6396690372485223 0.0380001644272453 0.051081039867109546
2 0.32952535266841054 0.7066254009897555 0.03811392100433508 0.053034164867109546
10 0.11127631640625 0.989136685546875 0.1729255859375 0.98518601953125 0.71385750390625 0.16754748828125 0.68736863671875 0.133238787109375 0.34579005859375 0.639180826171875 0.11127631640625 0.989136685546875