10 0.9246613262032644 0.2689330230749753 0.9238321971708213 0.22385363725819435 -0.00006746614505714638 0.2408465935738154 0.0007616628873859405 0.2859259793905964
2 0.15429687500000006 0.240234375 0.10351562500000003 0.240234375 0.10351562500000003 0.279296875 0.15429687500000006 0.279296875
0 0.23632812500000006 0.24023437500000003 0.18554687500000006 0.240234375 0.18554687500000006 0.27734375 0.23632812500000006 0.27734375
3 0.318359375 0.24023437500000006 0.267578125 0.24023437500000006 0.267578125 0.27734375 0.318359375 0.27734375
7 0.40234375 0.23828125000000006 0.3515625 0.23828125000000006 0.3515625 0.27734375 0.40234375 0.27734375
1 0.486328125 0.23632812500000006 0.43359375 0.23632812500000006 0.43359375 0.27734375000000006 0.486328125 0.2773437500000001
9 0.572265625 0.23632812500000006 0.517578125 0.23632812500000006 0.517578125 0.2753906250000001 0.572265625 0.2753906250000001
6 0.658203125 0.23437500000000006 0.603515625 0.23437500000000006 0.603515625 0.2734375000000001 0.658203125 0.2734375000000001
8 0.744140625 0.2304687500000001 0.689453125 0.2304687500000001 0.689453125 0.2714843750000001 0.744140625 0.2714843750000001
5 0.833984375 0.2285156250000001 0.77734375 0.2285156250000001 0.77734375 0.2695312500000001 0.833984375 0.2695312500000001
4 0.923828125 0.2285156250000001 0.869140625 0.2285156250000001 0.869140625 0.2675781250000001 0.923828125 0.2675781250000001