10 0.7331702421875004 0.047806164062500184 0.6919447763056759 0.035344717808699716 0.40047966492023546 0.9995815134774297 0.44170513080206 1.0120429597312302
4 0.73046875 0.04101562500000008 0.673828125 0.04101562500000008 0.673828125 0.09960937500000008 0.73046875 0.09960937500000008
5 0.705078125 0.12500000000000008 0.6484375 0.12500000000000006 0.6484375 0.18945312500000008 0.705078125 0.1894531250000001
8 0.6796875 0.20898437500000006 0.623046875 0.20898437500000006 0.623046875 0.2714843750000001 0.6796875 0.2714843750000001
6 0.654296875 0.2929687500000001 0.59765625 0.2929687500000001 0.59765625 0.3535156250000001 0.654296875 0.3535156250000001
9 0.626953125 0.3769531250000001 0.572265625 0.3769531250000001 0.572265625 0.4355468750000001 0.626953125 0.4355468750000001
1 0.60546875 0.4570312500000001 0.548828125 0.4570312500000001 0.548828125 0.517578125 0.60546875 0.517578125
7 0.578125 0.5390625 0.5234375 0.5390625 0.5234375 0.599609375 0.578125 0.599609375
3 0.5546875 0.623046875 0.5 0.623046875 0.5 0.681640625 0.5546875 0.681640625
0 0.53125 0.703125 0.4746093750000001 0.703125 0.4746093750000001 0.763671875 0.53125 0.763671875
2 0.50390625 0.787109375 0.4492187500000001 0.787109375 0.4492187500000001 0.84765625 0.50390625 0.84765625