10 1.0057353883075049 0.43905143296450416 0.03859532031250004 0.35333775585937505 0.03275953249493226 0.41918517271636563 0.9998996004899371 0.5048988498214948
2 0.78125 0.4140625000000001 0.71875 0.4140625000000001 0.71875 0.4843750000000001 0.78125 0.4843750000000001
0 0.703125 0.4082031250000001 0.642578125 0.4082031250000001 0.642578125 0.4785156250000001 0.703125 0.4785156250000001
3 0.625 0.4003906250000001 0.568359375 0.4003906250000001 0.568359375 0.4746093750000001 0.625 0.4746093750000001
7 0.55078125 0.3945312500000001 0.4921875 0.3945312500000001 0.49218750000000006 0.4648437500000001 0.55078125 0.4648437500000001
1 0.47656250000000006 0.38671875000000006 0.416015625 0.38671875 0.41601562500000006 0.46093750000000006 0.4765625000000001 0.4609375000000001
9 0.39843750000000006 0.380859375 0.33984375 0.380859375 0.33984375000000006 0.455078125 0.3984375000000001 0.455078125
6 0.32421875 0.375 0.263671875 0.375 0.263671875 0.4453125 0.32421875 0.4453125
8 0.24609375000000006 0.369140625 0.18750000000000006 0.369140625 0.18750000000000006 0.44140625 0.24609375000000006 0.44140625
5 0.16992187500000006 0.36328125 0.11132812500000006 0.36328125 0.11132812500000006 0.435546875 0.16992187500000006 0.435546875
4 0.09570312500000006 0.35546875 0.03125000000000004 0.35546875 0.03125000000000005 0.427734375 0.09570312500000006 0.427734375