10 0.586686857421875 0.7605430292968751 0.46398559375000004 0.09749229296874999 0.4103608994913439 0.10741584389638047 0.5330621631632189 0.7704665802245055
2 0.48828125 0.22460937500000006 0.4375 0.22460937500000006 0.4375 0.26757812500000006 0.48828125 0.2675781250000001
0 0.501953125 0.28515625000000006 0.451171875 0.28515625 0.451171875 0.32812500000000006 0.501953125 0.3281250000000001
3 0.51171875 0.3417968750000001 0.4609375 0.3417968750000001 0.4609375 0.3847656250000001 0.51171875 0.3847656250000001
7 0.5234375 0.4003906250000001 0.47265625 0.4003906250000001 0.47265625 0.4433593750000001 0.5234375 0.4433593750000001
1 0.533203125 0.4570312500000001 0.4824218750000001 0.4570312500000001 0.4824218750000001 0.4980468750000001 0.533203125 0.4980468750000001
9 0.54296875 0.51171875 0.4921875000000001 0.51171875 0.4921875000000001 0.552734375 0.54296875 0.552734375
6 0.55078125 0.56640625 0.501953125 0.56640625 0.501953125 0.607421875 0.55078125 0.607421875
8 0.5625 0.619140625 0.51171875 0.619140625 0.51171875 0.662109375 0.5625 0.662109375
5 0.5703125 0.673828125 0.5234375 0.673828125 0.5234375 0.71484375 0.5703125 0.71484375
4 0.58203125 0.7265625 0.53515625 0.7265625 0.53515625 0.767578125 0.58203125 0.767578125