2 0.337777315748825 0.650524749829643 0.024403612265731955 0.03443143232694634
0 0.3784055800501446 0.6058504671237551 0.024517272532288636 0.03833768232694634
3 0.41814252705138166 0.5640546924459111 0.022620977665567032 0.04018844838303415
7 0.4578510589859796 0.5212823552680671 0.022450487265731955 0.03432907338303415
1 0.49552122072065996 0.4754779716463109 0.022620977665567032 0.04018844838303415
9 0.5352013375886188 0.4317290719684669 0.024517272532288636 0.03833768232694634
6 0.5758864320232167 0.38900791426257897 0.026470397532288636 0.03844004127085854
8 0.6155381338245363 0.34428245208473496 0.022564147532288636 0.03823532338303415
5 0.6561379830592167 0.29863160687884704 0.026527227665567032 0.04039316627085854
4 0.6957896848605362 0.25390614470100303 0.024517272532288636 0.03833768232694634
10 0.22244778515625 0.747028634765625 0.2440194921875 0.78434160546875 0.720795646484375 0.25925687109375 0.698989767578125 0.223539658203125 0.22244778515625 0.747028634765625