10 0.956729498046875 0.812074404296875 0.9558896144619607 0.7698213779498831 0.0190965605461036 0.7884424608986922 0.019936444131017778 0.8306954872456841
2 0.1875000000000001 0.787109375 0.1328125000000001 0.787109375 0.1328125000000001 0.828125 0.1875000000000001 0.828125
0 0.2734375000000001 0.78515625 0.2187500000000001 0.78515625 0.2187500000000001 0.828125 0.2734375000000001 0.828125
3 0.3574218750000001 0.783203125 0.3007812500000001 0.783203125 0.3007812500000001 0.826171875 0.3574218750000001 0.826171875
7 0.4433593750000001 0.78125 0.3867187500000001 0.78125 0.3867187500000001 0.82421875 0.4433593750000001 0.82421875
1 0.52734375 0.779296875 0.4726562500000001 0.779296875 0.4726562500000001 0.8203125 0.52734375 0.8203125
9 0.611328125 0.77734375 0.55859375 0.77734375 0.55859375 0.818359375 0.611328125 0.818359375
6 0.697265625 0.775390625 0.642578125 0.775390625 0.642578125 0.81640625 0.697265625 0.81640625
8 0.783203125 0.7734375 0.7265625 0.7734375 0.7265625 0.81640625 0.783203125 0.81640625
5 0.869140625 0.771484375 0.814453125 0.771484375 0.814453125 0.814453125 0.869140625 0.814453125
4 0.95703125 0.7714843750000001 0.90234375 0.771484375 0.90234375 0.8105468750000001 0.95703125 0.8105468750000002