2 0.7675260227136383 0.4968372172288069 0.06380108536360285 0.05360126602535198
0 0.6895509176471932 0.4829433067135409 0.06172279842654138 0.05155717276646965
3 0.6126775370178097 0.46705078706883385 0.05976967342654138 0.05146620450758732
7 0.5348275938884262 0.45120375155356784 0.06172279842654138 0.05155717276646965
1 0.4569150697905119 0.4363332785383019 0.06575421036360285 0.05369223428423431
9 0.3819322331925976 0.42132635313471245 0.06380108536360296 0.05360126602535198
6 0.30408229006321413 0.40547931761944644 0.06172279842654127 0.05155717276646965
8 0.22525578443383062 0.38967776623362166 0.0638010853636029 0.05360126602535198
5 0.14539013533591633 0.37489826147723804 0.06172279842654127 0.05155717276646965
4 0.06369652317506366 0.3582565999797367 0.0617227984265413 0.05155717276646965
10 0.962682021484375 0.515963634765625 0.043097083984375 0.331753044921875 0.032222677734375 0.373036990234375 0.95165959375 0.553735826171875 0.962682021484375 0.515963634765625