2 0.8515625 0.052734375000000104 0.775390625 0.0527343750000001 0.775390625 0.1113281250000001 0.8515625 0.11132812500000011
0 0.853515625 0.1328125000000001 0.783203125 0.1328125000000001 0.783203125 0.1875000000000001 0.853515625 0.1875000000000001
3 0.861328125 0.2050781250000001 0.78125 0.2050781250000001 0.78125 0.2675781250000001 0.861328125 0.2675781250000001
7 0.8671875 0.2851562500000001 0.787109375 0.2851562500000001 0.787109375 0.3496093750000001 0.8671875 0.3496093750000001
1 0.873046875 0.3671875000000001 0.79296875 0.3671875000000001 0.79296875 0.4296875000000001 0.873046875 0.4296875000000001
9 0.876953125 0.4472656250000001 0.796875 0.4472656250000001 0.796875 0.509765625 0.876953125 0.509765625
6 0.880859375 0.533203125 0.8046875 0.533203125 0.8046875 0.59375 0.880859375 0.59375
8 0.890625 0.6171875 0.80859375 0.6171875 0.80859375 0.6796875 0.890625 0.6796875
5 0.8984375 0.70703125 0.81640625 0.70703125 0.81640625 0.767578125 0.8984375 0.767578125
4 0.904296875 0.798828125 0.822265625 0.798828125 0.822265625 0.861328125 0.904296875 0.861328125
10 0.9046031714237388 0.8589933087862854 0.8418469680894501 -0.005289091352283892 0.7635154805781089 0.0003986176152374621 0.8262716839123976 0.8646810177538068