10 0.6902333125 0.5180641894531253 0.6614069323539908 0.4779069844666817 -0.020530749817554095 0.9674279774939967 0.008295630328455095 1.0075851824804403
2 0.2343750000000001 0.82421875 0.1894531250000001 0.82421875 0.1894531250000001 0.857421875 0.2343750000000001 0.857421875
0 0.3027343750000001 0.775390625 0.2578125000000001 0.775390625 0.2578125000000001 0.806640625 0.3027343750000001 0.806640625
3 0.3710937500000001 0.73046875 0.3281250000000001 0.73046875 0.3281250000000001 0.759765625 0.3710937500000001 0.759765625
7 0.4277343750000001 0.6875 0.3847656250000001 0.6875 0.3847656250000001 0.71484375 0.4277343750000001 0.71484375
1 0.4746093750000001 0.650390625 0.4414062500000001 0.650390625 0.4414062500000001 0.67578125 0.4746093750000001 0.67578125
9 0.51953125 0.6171875 0.4921875000000001 0.6171875 0.4921875000000001 0.640625 0.51953125 0.640625
6 0.56640625 0.583984375 0.537109375 0.583984375 0.537109375 0.609375 0.56640625 0.609375
8 0.607421875 0.55859375 0.580078125 0.55859375 0.580078125 0.580078125 0.607421875 0.580078125
5 0.64453125 0.53125 0.619140625 0.53125 0.619140625 0.548828125 0.64453125 0.548828125
4 0.6796875 0.505859375 0.65625 0.505859375 0.65625 0.5234375 0.6796875 0.5234375