10 0.7129521986615663 0.20936085249273756 0.6535438048988905 0.20377677907405023 0.5887975593623243 0.8926055535344378 0.6482059531250001 0.8981896269531251
4 0.650390625 0.841796875 0.591796875 0.841796875 0.591796875 0.892578125 0.650390625 0.892578125
5 0.654296875 0.775390625 0.599609375 0.775390625 0.599609375 0.826171875 0.654296875 0.826171875
8 0.66015625 0.7109375 0.603515625 0.7109375 0.603515625 0.755859375 0.66015625 0.755859375
6 0.666015625 0.650390625 0.609375 0.650390625 0.609375 0.697265625 0.666015625 0.697265625
9 0.669921875 0.58984375 0.6171875 0.58984375 0.6171875 0.630859375 0.669921875 0.630859375
1 0.677734375 0.53125 0.623046875 0.53125 0.623046875 0.576171875 0.677734375 0.576171875
7 0.68359375 0.4765625000000001 0.630859375 0.4765625000000001 0.630859375 0.51953125 0.68359375 0.51953125
3 0.6875 0.4179687500000001 0.638671875 0.4179687500000001 0.638671875 0.4609375000000001 0.6875 0.4609375000000001
0 0.6953125 0.3652343750000001 0.642578125 0.3652343750000001 0.642578125 0.4082031250000001 0.6953125 0.4082031250000001
2 0.701171875 0.3125000000000001 0.650390625 0.3125000000000001 0.650390625 0.3535156250000001 0.701171875 0.3535156250000001