10 0.9883187084305985 0.08187616990051569 0.986562294609308 0.038770684873367524 -0.00129415989095924 0.07902274859663944 0.00046225393033127136 0.1221282336237876
2 0.146484375 0.07812500000000001 0.109375 0.078125 0.109375 0.11328125000000001 0.146484375 0.11328125000000003
0 0.23046875 0.07812500000000003 0.189453125 0.07812500000000003 0.189453125 0.11132812500000003 0.23046875 0.11132812500000003
3 0.314453125 0.07617187500000003 0.26953125 0.07617187500000003 0.26953125 0.11328125000000003 0.314453125 0.11328125000000003
7 0.40625 0.07226562500000006 0.35546875 0.07226562500000006 0.35546875 0.10937500000000006 0.40625 0.10937500000000006
1 0.49609375 0.07031250000000006 0.439453125 0.07031250000000006 0.439453125 0.10742187500000006 0.49609375 0.10742187500000006
9 0.587890625 0.06445312500000007 0.529296875 0.06445312500000006 0.529296875 0.10156250000000007 0.587890625 0.10156250000000008
6 0.681640625 0.06250000000000008 0.62109375 0.06250000000000008 0.62109375 0.09960937500000008 0.681640625 0.09960937500000008
8 0.775390625 0.05664062500000009 0.716796875 0.05664062500000008 0.716796875 0.09570312500000008 0.775390625 0.09570312500000008
5 0.869140625 0.052734375000000104 0.818359375 0.0527343750000001 0.818359375 0.09179687500000011 0.869140625 0.09179687500000011
4 0.966796875 0.04882812500000012 0.921875 0.04882812500000011 0.921875 0.08789062500000011 0.966796875 0.08789062500000011