10 0.9701871546771502 0.6544068370770487 0.9696662966158256 0.619268295298529 0.030374073579300328 0.6331914093933553 0.030894931640625 0.668329951171875
4 0.08203125000000008 0.6328125 0.03125000000000008 0.6328125 0.03125000000000008 0.66796875 0.08203125000000008 0.66796875
5 0.15429687500000006 0.630859375 0.10742187500000008 0.630859375 0.10742187500000008 0.666015625 0.15429687500000006 0.666015625
8 0.22656250000000006 0.62890625 0.17578125000000006 0.62890625 0.17578125000000006 0.6640625 0.22656250000000006 0.6640625
6 0.2988281250000001 0.62890625 0.24804687500000006 0.62890625 0.24804687500000006 0.6640625 0.2988281250000001 0.6640625
9 0.3671875000000001 0.626953125 0.3203125000000001 0.626953125 0.3203125000000001 0.662109375 0.3671875000000001 0.662109375
1 0.4394531250000001 0.626953125 0.3886718750000001 0.626953125 0.3886718750000001 0.6640625 0.4394531250000001 0.6640625
7 0.509765625 0.625 0.4589843750000001 0.625 0.4589843750000001 0.662109375 0.509765625 0.662109375
3 0.578125 0.625 0.529296875 0.625 0.529296875 0.66015625 0.578125 0.66015625
0 0.6484375 0.623046875 0.59765625 0.623046875 0.59765625 0.66015625 0.6484375 0.66015625
2 0.71875 0.623046875 0.66796875 0.623046875 0.66796875 0.658203125 0.71875 0.658203125