10 0.7016714726562501 0.9850035820312503 0.4663412944428419 -0.0017130659718114505 0.4254050531571084 0.008050155289991812 0.6607352313705166 0.9947668032930536
2 0.51953125 0.18359375000000006 0.470703125 0.18359375000000006 0.470703125 0.24414062500000006 0.51953125 0.24414062500000006
0 0.541015625 0.2695312500000001 0.490234375 0.2695312500000001 0.490234375 0.3261718750000001 0.541015625 0.3261718750000001
3 0.560546875 0.3515625000000001 0.509765625 0.3515625000000001 0.509765625 0.4121093750000001 0.560546875 0.4121093750000001
7 0.580078125 0.4394531250000001 0.53125 0.4394531250000001 0.53125 0.4980468750000001 0.580078125 0.4980468750000001
1 0.6015625 0.525390625 0.55078125 0.525390625 0.55078125 0.58203125 0.6015625 0.58203125
9 0.619140625 0.611328125 0.5703125 0.611328125 0.5703125 0.66796875 0.619140625 0.66796875
6 0.640625 0.693359375 0.591796875 0.693359375 0.591796875 0.751953125 0.640625 0.751953125
8 0.662109375 0.78125 0.611328125 0.78125 0.611328125 0.83984375 0.662109375 0.83984375
5 0.6835937500000001 0.869140625 0.6328125 0.869140625 0.6328125000000001 0.92578125 0.6835937500000002 0.92578125
4 0.7031250000000002 0.95703125 0.6562500000000002 0.95703125 0.6562500000000002 0.9921875 0.7031250000000002 0.9921875