10 0.8354394456279708 0.1913200719293377 0.7825507968750001 0.18826801367187512 0.7431830133564045 0.8704662874456627 0.7960716621093752 0.8735183457031251
2 0.828125 0.3027343750000001 0.775390625 0.3027343750000001 0.775390625 0.3457031250000001 0.828125 0.3457031250000001
0 0.82421875 0.3613281250000001 0.76953125 0.3613281250000001 0.76953125 0.4042968750000001 0.82421875 0.4042968750000001
3 0.8203125 0.4179687500000001 0.765625 0.4179687500000001 0.765625 0.4628906250000001 0.8203125 0.4628906250000001
7 0.81640625 0.4746093750000001 0.763671875 0.4746093750000001 0.763671875 0.51953125 0.81640625 0.51953125
1 0.8125 0.533203125 0.7578125 0.533203125 0.7578125 0.576171875 0.8125 0.576171875
9 0.810546875 0.58984375 0.755859375 0.58984375 0.755859375 0.634765625 0.810546875 0.634765625
6 0.80859375 0.650390625 0.75390625 0.650390625 0.75390625 0.6953125 0.80859375 0.6953125
8 0.8046875 0.708984375 0.75 0.708984375 0.75 0.751953125 0.8046875 0.751953125
5 0.80078125 0.767578125 0.74609375 0.767578125 0.74609375 0.8125 0.80078125 0.8125
4 0.798828125 0.830078125 0.74609375 0.830078125 0.74609375 0.873046875 0.798828125 0.873046875