10 0.35930390234375015 0.09407142773437507 0.2910468034252745 0.08730257904476758 0.2042045597251647 0.9630201331454642 0.27246165864364036 0.9697889818350717
2 0.2851562500000001 0.765625 0.2226562500000001 0.765625 0.2226562500000001 0.8125 0.2851562500000001 0.8125
0 0.2929687500000001 0.693359375 0.2304687500000001 0.693359375 0.2304687500000001 0.740234375 0.2929687500000001 0.740234375
3 0.3027343750000001 0.619140625 0.23828125000000006 0.619140625 0.23828125000000006 0.6640625 0.3027343750000001 0.6640625
7 0.3085937500000001 0.544921875 0.24804687500000006 0.544921875 0.24804687500000006 0.591796875 0.3085937500000001 0.591796875
1 0.3164062500000001 0.470703125 0.2558593750000001 0.470703125 0.2558593750000001 0.517578125 0.3164062500000001 0.517578125
9 0.326171875 0.3984375 0.263671875 0.3984375 0.263671875 0.44140625 0.326171875 0.44140625
6 0.333984375 0.32421875 0.26953125 0.32421875 0.26953125 0.37109375 0.333984375 0.37109375
8 0.33984375 0.25 0.27734375 0.25 0.27734375 0.294921875 0.33984375 0.294921875
5 0.34765625 0.17382812500000006 0.28515625 0.17382812500000006 0.28515625 0.22070312500000006 0.34765625 0.22070312500000006
4 0.35546875 0.09765625000000004 0.29296875 0.09765625000000003 0.29296875 0.14257812500000006 0.35546875 0.14257812500000006