10 0.6884430924776967 0.0506163938190034 0.6517606777343748 0.029565294921875096 0.13312383830744046 0.9333115429440978 0.16980625305076236 0.9543626418412261
2 0.3027343750000001 0.689453125 0.2656250000000001 0.689453125 0.2656250000000001 0.73828125 0.3027343750000001 0.73828125
0 0.3437500000000001 0.615234375 0.3085937500000001 0.615234375 0.3085937500000001 0.66796875 0.3437500000000001 0.66796875
3 0.3847656250000001 0.546875 0.3515625000000001 0.546875 0.3515625000000001 0.59765625 0.3847656250000001 0.59765625
7 0.4257812500000001 0.474609375 0.3906250000000001 0.474609375 0.3906250000000001 0.5234375 0.4257812500000001 0.5234375
1 0.46484375000000006 0.40429687500000006 0.43359375 0.404296875 0.43359375000000006 0.45507812500000006 0.4648437500000001 0.4550781250000001
9 0.505859375 0.3339843750000001 0.474609375 0.3339843750000001 0.474609375 0.3828125000000001 0.505859375 0.3828125000000001
6 0.546875 0.2597656250000001 0.513671875 0.2597656250000001 0.513671875 0.3105468750000001 0.546875 0.3105468750000001
8 0.587890625 0.18945312500000006 0.5546875 0.18945312500000006 0.5546875 0.24023437500000006 0.587890625 0.24023437500000006
5 0.62890625 0.11914062500000008 0.59765625 0.11914062500000008 0.59765625 0.16992187500000006 0.62890625 0.16992187500000006
4 0.671875 0.04101562500000008 0.638671875 0.04101562500000008 0.638671875 0.09179687500000008 0.671875 0.09179687500000008