2 0.9524860621117706 0.3595314471697537 0.05696263154179615 0.041928550429541245
0 0.853492716691028 0.39214668278123155 0.058801999964706475 0.04007778437345344
3 0.7543287364046505 0.42183223089270927 0.06477513154179615 0.042337986205190026
7 0.6541313153297283 0.4505923959761432 0.06466137496470648 0.040384861205190026
1 0.5596795126777163 0.47709235922784043 0.06890889469597594 0.046448954093014416
9 0.4632745850257042 0.50369468142345 0.06684201311888605 0.04439347014910222
6 0.36405372645078193 0.5324036670349277 0.06466137496470648 0.04038486120519025
8 0.2696019237987698 0.558903630286625 0.05305638154179626 0.041723832541716854
5 0.17405980206966792 0.5835016480102784 0.05087574338761658 0.03771522359780466
4 0.07380550270620076 0.6112852505937123 0.048922618387616607 0.037612864653892464
10 1 0.32695170703125 0.79624978125 0.388236701171875 0.58619335546875 0.44974815625 0.3972256484375 0.502633291015625 0.22639843359375 0.54930930859375 0.1232015703125 0.5784309765625 0.0453969375 0.6009262890625 0.0521289296875 0.6273031171875 0.0563824453125 0.630751654296875 0.32815192578125 0.554508033203125 0.509344263671875 0.504572455078125 0.794036287109375 0.423086048828125 0.903672919921875 0.39101177734375 1 0.36159117578125 1 0.32695170703125