2 0.31102023285787894 0.6926717670745223 0.02573154423687929 0.02012222335668401
0 0.36692293882369437 0.677704296638715 0.025799728084255125 0.02402847335668401
3 0.42381925325135383 0.6617375339584197 0.029705978084255014 0.024119392334635226
7 0.4835770713316374 0.649608832044661 0.033612228084255014 0.024210311312586885
1 0.5443455438356088 0.6355042753864144 0.037518478084255236 0.0243012302905381
9 0.6090543582632684 0.6193556747502165 0.039505695007942876 0.02629981477951393
6 0.6766587682672398 0.605092009880555 0.04539916193163096 0.028389318246440975
8 0.7442802242330553 0.5898517825108934 0.049271320007942876 0.026527112224392413
5 0.8168185846225587 0.5725447814187927 0.0492713200079431 0.026527112224392413
4 0.8932461490502182 0.5561234238487406 0.053279845779006685 0.03247740620234385
10 0.3404083828125 0.676179708984375 0.286091490234375 0.689995732421875 0.16225209375 0.72505292578125 0.164855806640625 0.745177697265625 0.275318634765625 0.71532803515625 0.342914837890625 0.69752896484375 0.521342283203125 0.653885982421875 0.644587416015625 0.626497841796875 0.78144166796875 0.595992568359375 0.927896671875 0.56323813671875 0.916488076171875 0.540940013671875 0.773985556640625 0.573922408203125 0.70723231640625 0.589065353515625 0.576423748046875 0.61820425 0.454174626953125 0.64700282421875 0.3404083828125 0.676179708984375