4 0.4589843750000001 0.6484375 0.4140625000000001 0.6484375 0.4140625000000001 0.68359375 0.4589843750000001 0.68359375
5 0.4511718750000001 0.59375 0.4101562500000001 0.59375 0.4101562500000001 0.625 0.4511718750000001 0.625
8 0.4492187500000001 0.5390625 0.4062500000000001 0.5390625 0.4062500000000001 0.5703125 0.4492187500000001 0.5703125
6 0.4453125000000001 0.482421875 0.4003906250000001 0.482421875 0.4003906250000001 0.515625 0.4453125000000001 0.515625
9 0.43945312500000006 0.4296875 0.396484375 0.4296875 0.39648437500000006 0.4609375 0.4394531250000001 0.4609375
1 0.43359375 0.373046875 0.390625 0.373046875 0.390625 0.404296875 0.43359375 0.404296875
7 0.4296875 0.318359375 0.384765625 0.318359375 0.384765625 0.3515625 0.4296875 0.3515625
3 0.42578125 0.263671875 0.380859375 0.263671875 0.380859375 0.294921875 0.42578125 0.294921875
0 0.4140625 0.20703125000000006 0.375 0.20703125000000006 0.375 0.24023437500000006 0.4140625 0.24023437500000006
2 0.41015625 0.15234375000000006 0.369140625 0.15234375000000006 0.369140625 0.18554687500000006 0.41015625 0.18554687500000006
10 0.4626326471270205 0.6838878553834545 0.39993604919464143 0.027629603282564676 0.3520225370546199 0.03220709117937099 0.41471913498699897 0.6884653432802609