10 0.8969441679687501 0.9596830371093751 0.7466821936301465 0.08314325068012159 0.710818677277601 0.08929120067314023 0.8610806516162045 0.9658309871023937
2 0.84375 0.638671875 0.806640625 0.638671875 0.806640625 0.68359375 0.84375 0.68359375
0 0.830078125 0.5703125 0.794921875 0.5703125 0.794921875 0.615234375 0.830078125 0.615234375
3 0.8203125 0.50390625 0.78515625 0.50390625 0.78515625 0.548828125 0.8203125 0.548828125
7 0.806640625 0.4414062500000001 0.775390625 0.4414062500000001 0.775390625 0.4804687500000001 0.806640625 0.4804687500000001
1 0.798828125 0.3808593750000001 0.763671875 0.3808593750000001 0.763671875 0.4179687500000001 0.798828125 0.4179687500000001
9 0.787109375 0.3203125000000001 0.755859375 0.3203125000000001 0.755859375 0.3574218750000001 0.787109375 0.3574218750000001
6 0.77734375 0.2597656250000001 0.74609375 0.2597656250000001 0.74609375 0.2968750000000001 0.77734375 0.2968750000000001
8 0.76953125 0.2031250000000001 0.73828125 0.2031250000000001 0.73828125 0.2382812500000001 0.76953125 0.2382812500000001
5 0.759765625 0.1464843750000001 0.732421875 0.1464843750000001 0.732421875 0.1796875000000001 0.759765625 0.1796875000000001
4 0.75390625 0.08984375000000008 0.720703125 0.08984375000000008 0.720703125 0.12304687500000008 0.75390625 0.12304687500000008