10 0.939958994140625 0.6006406250000003 0.9396612200918877 0.5700487628276224 0.06957193493563768 0.5785180089213722 0.069869708984375 0.60910987109375
4 0.11328125000000008 0.578125 0.07226562500000008 0.578125 0.07226562500000008 0.607421875 0.11328125000000008 0.607421875
5 0.17578125000000006 0.578125 0.13671875000000006 0.578125 0.13671875000000006 0.60546875 0.17578125000000006 0.60546875
8 0.23632812500000006 0.578125 0.19726562500000006 0.578125 0.19726562500000006 0.60546875 0.23632812500000006 0.60546875
6 0.2988281250000001 0.576171875 0.2597656250000001 0.576171875 0.2597656250000001 0.60546875 0.2988281250000001 0.60546875
9 0.3593750000000001 0.576171875 0.3222656250000001 0.576171875 0.3222656250000001 0.60546875 0.3593750000000001 0.60546875
1 0.4199218750000001 0.576171875 0.3808593750000001 0.576171875 0.3808593750000001 0.60546875 0.4199218750000001 0.60546875
7 0.4804687500000001 0.576171875 0.4414062500000001 0.576171875 0.4414062500000001 0.603515625 0.4804687500000001 0.603515625
3 0.54296875 0.57421875 0.50390625 0.57421875 0.50390625 0.603515625 0.54296875 0.603515625
0 0.603515625 0.57421875 0.564453125 0.57421875 0.564453125 0.603515625 0.603515625 0.603515625
2 0.6640625 0.57421875 0.626953125 0.57421875 0.626953125 0.603515625 0.6640625 0.603515625