2 0.4535606180241275 0.8158680039982977 0.0537705231083383 0.0639612701144292
0 0.43327230684683593 0.7357693471303379 0.0537705231083383 0.0639612701144292
3 0.4119277170710228 0.6547624156646668 0.0537705231083383 0.06396127011442942
7 0.3917191219922529 0.575640321296707 0.0557236481083383 0.06409784591900625
1 0.3713510947164398 0.49456510192874703 0.05783620530538136 0.06618754672358351
9 0.3509830674406267 0.4134898825607872 0.0537705231083383 0.0639612701144292
6 0.32858219906629205 0.3315746764974046 0.05783620530538136 0.06618754672358351
8 0.30805473959343577 0.24854633212944477 0.0557236481083383 0.06409784591900636
5 0.28549443902205796 0.16467800106606212 0.05783620530538136 0.06618754672358357
4 0.2626949901551153 0.07787998250267948 0.0557236481083383 0.06409784591900639
10 0.471953052734375 0.97270590234375 0.51246684375 0.96987290234375 0.462821875 0.775937712890625 0.27544196484375 0.041313083984375 0.233655701171875 0.051431681640625 0.471953052734375 0.97270590234375