10 0.33722940820312514 0.03607163671875009 0.2793310586234266 0.01422996466297205 -0.01999717691768066 0.8076953539507261 0.03790117266201787 0.8295370260065041
2 0.279296875 0.17382812500000003 0.205078125 0.173828125 0.20507812500000003 0.23632812500000003 0.279296875 0.23632812500000006
0 0.25390625 0.24023437500000003 0.17578125000000006 0.240234375 0.17578125000000006 0.302734375 0.25390625 0.302734375
3 0.23046875000000006 0.306640625 0.15820312500000006 0.306640625 0.15820312500000006 0.365234375 0.23046875000000006 0.365234375
7 0.20507812500000006 0.373046875 0.13085937500000006 0.373046875 0.13085937500000006 0.43359375 0.20507812500000006 0.43359375
1 0.17968750000000006 0.439453125 0.10937500000000006 0.439453125 0.10937500000000006 0.498046875 0.17968750000000006 0.498046875
9 0.15429687500000006 0.50390625 0.08398437500000006 0.50390625 0.08398437500000006 0.564453125 0.15429687500000006 0.564453125
6 0.12890625000000006 0.5703125 0.05859375000000007 0.5703125 0.058593750000000076 0.62890625 0.12890625000000006 0.62890625
8 0.10351562500000008 0.634765625 0.03125000000000008 0.634765625 0.03125000000000008 0.693359375 0.10351562500000008 0.693359375
5 0.07812500000000008 0.69921875 0.005859375000000085 0.69921875 0.005859375000000089 0.759765625 0.07812500000000008 0.759765625
4 0.0546875000000001 0.767578125 9.40012093876777e-17 0.767578125 9.734985297909625e-17 0.822265625 0.0546875000000001 0.822265625