10 0.8145251191406251 0.3434118515625 0.79334867910634 0.3010310421509974 0.030623993559464935 0.6821420636353724 0.05180043359375003 0.724522873046875
2 0.20507812500000006 0.611328125 0.14453125000000006 0.611328125 0.14453125000000006 0.662109375 0.20507812500000006 0.662109375
0 0.2910156250000001 0.568359375 0.23242187500000006 0.568359375 0.23242187500000006 0.619140625 0.2910156250000001 0.619140625
3 0.3691406250000001 0.533203125 0.3183593750000001 0.533203125 0.3183593750000001 0.580078125 0.3691406250000001 0.580078125
7 0.4414062500000001 0.49609375 0.3964843750000001 0.49609375 0.3964843750000001 0.541015625 0.4414062500000001 0.541015625
1 0.51171875 0.4609375000000001 0.4648437500000001 0.4609375000000001 0.4648437500000001 0.505859375 0.51171875 0.505859375
9 0.578125 0.4296875000000001 0.53515625 0.4296875000000001 0.53515625 0.4726562500000001 0.578125 0.4726562500000001
6 0.638671875 0.3984375000000001 0.59765625 0.3984375000000001 0.59765625 0.4414062500000001 0.638671875 0.4414062500000001
8 0.697265625 0.3730468750000001 0.66015625 0.3730468750000001 0.66015625 0.4121093750000001 0.697265625 0.4121093750000001
5 0.751953125 0.3437500000000001 0.71484375 0.3437500000000001 0.71484375 0.3828125000000001 0.751953125 0.3828125000000001
4 0.806640625 0.3183593750000001 0.7734375 0.3183593750000001 0.7734375 0.3554687500000001 0.806640625 0.3554687500000001