4 0.06779684697864606 0.26917331711124004 0.04628565966927087 0.05885509782353904
5 0.1334311021790367 0.27758172082478105 0.042379409669270895 0.05883237192584001
8 0.1941143556459638 0.2830888444104459 0.04228849069131946 0.0549261219258399
6 0.25579690135737876 0.28956684902168595 0.04619474069131946 0.05494884782353893
9 0.3204545940577693 0.29798093420965166 0.04424161569131946 0.054937484874689524
1 0.3821598695136721 0.30543550132089176 0.04619474069131946 0.05494884782353904
7 0.44477351823611133 0.30995469945770704 0.04619474069131946 0.05494884782353904
3 0.5084319186920142 0.31739790362009757 0.04424161569131946 0.054937484874689524
0 0.5710455674144534 0.32191710175691285 0.04619474069131968 0.05494884782353904
2 0.6356805303703562 0.3293546244448786 0.046285659669270895 0.05885509782353904
10 0.163432705078125 0.30927484375 0.481923337890625 0.34378873046875 0.766870498046875 0.370526265625 0.812074072265625 0.3742613515625 0.80926279296875 0.318307880859375 0.361526439453125 0.2747046328125 0.048983359375 0.236325744140625 0.043492380859375 0.296653060546875 0.163432705078125 0.30927484375