10 0.955018612277388 0.3879190889325076 0.9454118183593749 0.34647299804687504 -0.009606793918013001 0.5678368661456177 5.551115123125783e-17 0.6092829570312502
2 0.15820312500000006 0.533203125 0.09765625000000006 0.533203125 0.09765625000000007 0.5859375 0.15820312500000006 0.5859375
0 0.24218750000000006 0.51171875 0.18164062500000006 0.51171875 0.18164062500000006 0.564453125 0.24218750000000006 0.564453125
3 0.3261718750000001 0.494140625 0.2617187500000001 0.494140625 0.2617187500000001 0.546875 0.3261718750000001 0.546875
7 0.4121093750000001 0.474609375 0.3476562500000001 0.474609375 0.3476562500000001 0.52734375 0.4121093750000001 0.52734375
1 0.49804687500000006 0.45312500000000006 0.435546875 0.453125 0.43554687500000006 0.5078125 0.4980468750000001 0.5078125
9 0.58203125 0.4335937500000001 0.51953125 0.4335937500000001 0.51953125 0.4882812500000001 0.58203125 0.4882812500000001
6 0.671875 0.4140625000000001 0.60546875 0.4140625000000001 0.60546875 0.4667968750000001 0.671875 0.4667968750000001
8 0.7578125 0.3906250000000001 0.69140625 0.3906250000000001 0.69140625 0.4492187500000001 0.7578125 0.4492187500000001
5 0.849609375 0.3691406250000001 0.783203125 0.3691406250000001 0.783203125 0.4257812500000001 0.849609375 0.4257812500000001
4 0.94921875 0.3457031250000001 0.8828125 0.3457031250000001 0.8828125 0.4042968750000001 0.94921875 0.4042968750000001