4 0.11455697240056459 0.29560230665181886 0.029808253855318878 0.02963777500397713
5 0.17891992491645065 0.34564493997653517 0.03553126116056715 0.021893455004772466
8 0.24038728185602465 0.39767478830164915 0.03748438616056715 0.021916181671704393
6 0.30281415533375466 0.44871671079329734 0.03748438616056715 0.021916181671704393
9 0.3633560876588605 0.5036876099518772 0.03553126116056715 0.021893455004772466
1 0.43366364498396637 0.5585448757757981 0.03943751116056715 0.0219389083386361
7 0.49910543577091615 0.6144355207670484 0.0375525700079431 0.025822431671704393
3 0.5704747854052419 0.6741642357575035 0.033646320007942876 0.02577697833784076
0 0.6369783685014114 0.734926329915288 0.03758666193163096 0.027775556671704393
2 0.7123391979449569 0.7994924040718794 0.037620753855319045 0.029728681671704393
10 0.231071251953125 0.369752138671875 0.120587203125 0.276869265625 0.06815796484375 0.283780498046875 0.321599318359375 0.4929288828125 0.847143703125 0.946218052734375 0.875470052734375 0.922844400390625 0.691115646484375 0.756318447265625 0.415967380859375 0.525564271484375 0.231071251953125 0.369752138671875