2 0.7717762724844601 0.7210975543126722 0.06663636321317568 0.05251391776631942
0 0.6770470174184902 0.6709887427550913 0.056961706472058005 0.05361266128657394
3 0.5904031671291672 0.6274228113813067 0.054826644954293347 0.0495355349906248
7 0.5145924725987266 0.5867498246352421 0.051011363213175676 0.05114690739872696
1 0.44286996458605066 0.5503248404810757 0.04692317669541102 0.04689890480682868
9 0.380027487332257 0.5166219246586798 0.04292595843652869 0.0446040272149304
6 0.3182980249667868 0.4859341344842587 0.04283499017764647 0.0426509022149304
8 0.2624734217307577 0.4567355356976847 0.03892874017764636 0.04230914962303234
5 0.20558128773584639 0.4254983737631362 0.03874680365988181 0.03840289962303234
4 0.1577966051470232 0.40186609266035855 0.03493152191876414 0.04001427203113428
10 0.26826005859375 0.47993259375 0.280456779296875 0.486056453125 0.291715126953125 0.49228041796875 0.329213142578125 0.5125298359375 0.337264384765625 0.515636302734375 0.353779103515625 0.52375746875 0.35489145703125 0.525873982421875 0.394629451171875 0.5478605234375 0.39765947265625 0.547331931640625 0.411141068359375 0.55455221875 0.415228978515625 0.55790998828125 0.478465890625 0.592593169921875 0.529970009765625 0.620264837890625 0.53294556640625 0.621506091796875 0.553222626953125 0.63056659765625 0.5571954921875 0.63460459765625 0.728598076171875 0.72607087890625 0.987717263671875 0.86483342578125 0.99763434375 0.806196169921875 0.6710871640625 0.63953823828125 0.2448564296875 0.423783720703125 0.150268294921875 0.377509294921875 0.146659990234375 0.380009314453125 0.138082779296875 0.404643501953125 0.138501443359375 0.40941156640625 0.1411322265625 0.412693623046875 0.168184783203125 0.428053625 0.16864837890625 0.4267625390625 0.1830598671875 0.43283027734375 0.185514708984375 0.435702580078125 0.214279166015625 0.4528215546875 0.220521310546875 0.45503332421875 0.235342333984375 0.461579669921875 0.2411530390625 0.466342439453125 0.26826005859375 0.47993259375