4 0.953125 0.1601562500000001 0.888671875 0.1601562500000001 0.888671875 0.2363281250000001 0.953125 0.2363281250000001
5 0.86328125 0.1503906250000001 0.80078125 0.1503906250000001 0.80078125 0.2246093750000001 0.86328125 0.2246093750000001
8 0.779296875 0.1425781250000001 0.716796875 0.1425781250000001 0.716796875 0.2148437500000001 0.779296875 0.2148437500000001
6 0.701171875 0.13281250000000008 0.63671875 0.13281250000000006 0.63671875 0.20898437500000008 0.701171875 0.2089843750000001
9 0.62109375 0.12500000000000006 0.560546875 0.12500000000000006 0.560546875 0.19726562500000006 0.62109375 0.19726562500000006
1 0.544921875 0.11718750000000006 0.484375 0.11718750000000006 0.484375 0.18750000000000006 0.544921875 0.18750000000000006
7 0.470703125 0.10742187500000006 0.408203125 0.10742187500000006 0.408203125 0.17968750000000006 0.470703125 0.17968750000000006
3 0.39453125 0.09765625000000004 0.33203125 0.09765625000000003 0.33203125 0.16796875000000006 0.39453125 0.16796875000000006
0 0.32421875 0.08984375000000003 0.263671875 0.08984375000000003 0.263671875 0.15820312500000006 0.32421875 0.15820312500000006
2 0.255859375 0.07812500000000003 0.193359375 0.07812500000000003 0.193359375 0.15039062500000003 0.255859375 0.15039062500000006
10 0.9547120703125002 0.16633991015625013 0.06688691406250001 0.06366681445312497 0.058562230001021495 0.13565124111329335 0.9463873862510216 0.23832433681641849