4 0.35546875 0.16992187500000006 0.314453125 0.16992187500000006 0.314453125 0.20117187500000006 0.35546875 0.20117187500000006
5 0.337890625 0.22070312500000006 0.298828125 0.22070312500000006 0.298828125 0.251953125 0.337890625 0.251953125
8 0.3203125 0.271484375 0.279296875 0.271484375 0.279296875 0.306640625 0.3203125 0.306640625
6 0.298828125 0.326171875 0.26171875 0.326171875 0.26171875 0.359375 0.298828125 0.359375
9 0.28515625 0.380859375 0.24218750000000006 0.380859375 0.24218750000000006 0.41796875 0.28515625 0.41796875
1 0.26562500000000006 0.439453125 0.22460937500000006 0.439453125 0.22460937500000006 0.474609375 0.2656250000000001 0.474609375
7 0.24414062500000006 0.498046875 0.20312500000000006 0.498046875 0.20312500000000006 0.53515625 0.24414062500000006 0.53515625
3 0.22265625000000006 0.560546875 0.17773437500000006 0.560546875 0.17773437500000006 0.599609375 0.22265625000000006 0.599609375
0 0.19921875000000006 0.625 0.15820312500000006 0.625 0.15820312500000006 0.6640625 0.19921875000000006 0.6640625
2 0.1796875000000001 0.693359375 0.1328125000000001 0.693359375 0.1328125000000001 0.732421875 0.1796875000000001 0.732421875
10 0.36766732567343985 0.16820854189196863 0.3174664746517927 0.1513355937353857 0.0868791196814779 0.8373853194215422 0.13707997070312508 0.8542582675781251