4 0.8386059746449437 0.6354386433863575 0.034279211743820204 0.03729118218159222
5 0.7913921409331163 0.6429727511395441 0.036232336743820204 0.037302545130441844
8 0.7413283358198106 0.6514663769694566 0.038185461743820204 0.03731390807929147
6 0.6905271165020695 0.6628840088249441 0.038185461743820204 0.03731390807929147
9 0.6374539077902424 0.6703840277315823 0.03834489394086349 0.03926703307929147
1 0.5834838526769366 0.6788549276637957 0.040138586743820426 0.03732527102814087
7 0.5278795369577172 0.6912207146471596 0.04225114394086349 0.039289758976990496
3 0.47032209623849774 0.703575138681674 0.04241057613790655 0.041242883976990274
0 0.40877868942075674 0.7149302743184892 0.04225114394086338 0.039289758976990496
2 0.3452024415044942 0.725297484506455 0.0446825655319929 0.04516049692584012
10 0.491941509765625 0.723793908203125 0.493090240234375 0.720904623046875 0.50911361328125 0.71810946875 0.51088501953125 0.719343576171875 0.549978224609375 0.711517166015625 0.550067912109375 0.7100276171875 0.5642329609375 0.70706030078125 0.567298091796875 0.7082003359375 0.60428637890625 0.700927841796875 0.604214869140625 0.699316224609375 0.618217109375 0.69654775 0.6215262265625 0.697496462890625 0.65616999609375 0.690220689453125 0.656743107421875 0.688989859375 0.67106971484375 0.6860375078125 0.673965765625 0.688445806640625 0.70868793359375 0.6816055078125 0.70902108203125 0.679924587890625 0.7227814765625 0.677026568359375 0.725033798828125 0.67894701953125 0.7587813359375 0.6728724921875 0.758716099609375 0.67019145703125 0.772313048828125 0.667599716796875 0.774973791015625 0.668809078125 0.80718593359375 0.66257930859375 0.8079256171875 0.660507841796875 0.821030373046875 0.659154076171875 0.82498502734375 0.660282380859375 0.853087283203125 0.65477311328125 0.85598278125 0.649623583984375 0.856739033203125 0.613756708984375 0.854030416015625 0.610255029296875 0.80514369140625 0.618257818359375 0.654220060546875 0.643419990234375 0.488911033203125 0.672371435546875 0.211441251953125 0.722393751953125 0.22237863671875 0.74279661328125 0.228094951171875 0.757959796875 0.23188405078125 0.77075701953125 0.3262775390625 0.754024498046875 0.32708344921875 0.75442023046875 0.37005664453125 0.7467393515625 0.3699054765625 0.744906419921875 0.38900615625 0.741219576171875 0.43213087890625 0.735264521484375 0.43303149609375 0.73331510546875 0.4474408984375 0.730049353515625 0.450753517578125 0.730356251953125 0.45292958203125 0.7315207109375 0.491941509765625 0.723793908203125