10 0.9128606629546114 0.6456252347062487 0.9109141719374243 0.6172160305825193 -0.0019464910171871838 0.6797617841575205 -6.938893903907228e-18 0.7081709882812499
2 0.15429687500000008 0.677734375 0.09765625000000008 0.677734375 0.09765625000000008 0.705078125 0.1542968750000001 0.705078125
0 0.24609375000000008 0.673828125 0.18945312500000006 0.673828125 0.18945312500000008 0.69921875 0.2460937500000001 0.69921875
3 0.3339843750000001 0.66796875 0.2773437500000001 0.66796875 0.2773437500000001 0.693359375 0.3339843750000001 0.693359375
7 0.4199218750000001 0.662109375 0.3632812500000001 0.662109375 0.3632812500000001 0.685546875 0.4199218750000001 0.685546875
1 0.501953125 0.654296875 0.4453125000000001 0.654296875 0.4453125000000001 0.6796875 0.501953125 0.6796875
9 0.58203125 0.6484375 0.53125 0.6484375 0.53125 0.671875 0.58203125 0.671875
6 0.6640625 0.642578125 0.615234375 0.642578125 0.615234375 0.66796875 0.6640625 0.66796875
8 0.7421875 0.63671875 0.697265625 0.63671875 0.697265625 0.662109375 0.7421875 0.662109375
5 0.8203125 0.630859375 0.775390625 0.630859375 0.775390625 0.654296875 0.8203125 0.654296875
4 0.90234375 0.625 0.857421875 0.625 0.857421875 0.6484375 0.90234375 0.6484375