10 0.5602745332364116 0.7834612598895587 0.2661118671875 0.13708191406250003 0.23847277675011677 0.14966026852681943 0.5326354427990283 0.7960396143538782
2 0.3359375 0.28125 0.30859375 0.28125 0.30859375 0.31640625 0.3359375 0.31640625
0 0.36328125 0.337890625 0.333984375 0.337890625 0.333984375 0.375 0.36328125 0.375
3 0.38671875 0.392578125 0.359375 0.392578125 0.359375 0.427734375 0.38671875 0.427734375
7 0.41210937500000006 0.44921875 0.384765625 0.44921875 0.38476562500000006 0.48046875 0.4121093750000001 0.48046875
1 0.4355468750000001 0.5 0.4082031250000001 0.5 0.4082031250000001 0.53515625 0.4355468750000001 0.53515625
9 0.4609375000000001 0.552734375 0.4335937500000001 0.552734375 0.4335937500000001 0.5859375 0.4609375000000001 0.5859375
6 0.4843750000000001 0.60546875 0.4550781250000001 0.60546875 0.4550781250000001 0.63671875 0.4843750000000001 0.63671875
8 0.505859375 0.65625 0.4785156250000001 0.65625 0.4785156250000001 0.685546875 0.505859375 0.685546875
5 0.529296875 0.705078125 0.501953125 0.705078125 0.501953125 0.734375 0.529296875 0.734375
4 0.552734375 0.755859375 0.525390625 0.755859375 0.525390625 0.78515625 0.552734375 0.78515625