10 0.8554905898437501 0.55912916015625 0.8523120314306318 0.5098575010689324 0.09067411150875675 0.5589914385689323 0.09385266992187502 0.60826309765625
2 0.3125000000000001 0.544921875 0.2695312500000001 0.544921875 0.2695312500000001 0.591796875 0.3125000000000001 0.591796875
0 0.3750000000000001 0.5390625 0.3320312500000001 0.5390625 0.3320312500000001 0.587890625 0.3750000000000001 0.587890625
3 0.4394531250000001 0.53515625 0.3945312500000001 0.53515625 0.3945312500000001 0.583984375 0.4394531250000001 0.583984375
7 0.4980468750000001 0.53125 0.4550781250000001 0.53125 0.4550781250000001 0.580078125 0.4980468750000001 0.580078125
1 0.556640625 0.53125 0.515625 0.53125 0.515625 0.576171875 0.556640625 0.576171875
9 0.6171875 0.529296875 0.576171875 0.529296875 0.576171875 0.572265625 0.6171875 0.572265625
6 0.677734375 0.5234375 0.634765625 0.5234375 0.634765625 0.5703125 0.677734375 0.5703125
8 0.734375 0.51953125 0.693359375 0.51953125 0.693359375 0.564453125 0.734375 0.564453125
5 0.79296875 0.517578125 0.75390625 0.517578125 0.75390625 0.560546875 0.79296875 0.560546875
4 0.853515625 0.513671875 0.8125 0.513671875 0.8125 0.556640625 0.853515625 0.556640625