10 0.8866517851562499 0.5449717265625 0.8851320963204357 0.5090880600762024 0.0003774674141857545 0.5465578022637025 0.0018971562500000004 0.5824414687500001
2 0.17968750000000006 0.54296875 0.13085937500000006 0.54296875 0.13085937500000006 0.568359375 0.17968750000000006 0.568359375
0 0.2695312500000001 0.53515625 0.21875000000000006 0.53515625 0.21875000000000006 0.560546875 0.2695312500000001 0.560546875
3 0.3515625000000001 0.53125 0.2988281250000001 0.53125 0.2988281250000001 0.556640625 0.3515625000000001 0.556640625
7 0.4355468750000001 0.53125 0.3867187500000001 0.53125 0.3867187500000001 0.552734375 0.4355468750000001 0.552734375
1 0.505859375 0.52734375 0.4667968750000001 0.52734375 0.4667968750000001 0.55078125 0.505859375 0.55078125
9 0.583984375 0.52734375 0.544921875 0.52734375 0.544921875 0.55078125 0.583984375 0.55078125
6 0.654296875 0.5234375 0.619140625 0.5234375 0.619140625 0.546875 0.654296875 0.546875
8 0.724609375 0.521484375 0.69140625 0.521484375 0.69140625 0.544921875 0.724609375 0.544921875
5 0.791015625 0.521484375 0.765625 0.521484375 0.765625 0.544921875 0.791015625 0.544921875
4 0.86328125 0.517578125 0.837890625 0.517578125 0.837890625 0.541015625 0.86328125 0.541015625