10 0.5082933203125001 0.3880024804687501 0.4554090209251568 0.38730419624956774 0.44844319402596405 0.9148585431725036 0.5013274934133074 0.915556827391686
2 0.4960937500000001 0.8125 0.4550781250000001 0.8125 0.4550781250000001 0.8359375 0.4960937500000001 0.8359375
0 0.4980468750000001 0.7734375 0.4570312500000001 0.7734375 0.4570312500000001 0.798828125 0.4980468750000001 0.798828125
3 0.4980468750000001 0.732421875 0.4550781250000001 0.732421875 0.4550781250000001 0.759765625 0.4980468750000001 0.759765625
7 0.5 0.689453125 0.4570312500000001 0.689453125 0.4570312500000001 0.71875 0.5 0.71875
1 0.501953125 0.64453125 0.4570312500000001 0.64453125 0.4570312500000001 0.67578125 0.501953125 0.67578125
9 0.50390625 0.599609375 0.4570312500000001 0.599609375 0.4570312500000001 0.62890625 0.50390625 0.62890625
6 0.50390625 0.55078125 0.4570312500000001 0.55078125 0.4570312500000001 0.583984375 0.50390625 0.583984375
8 0.505859375 0.5 0.4570312500000001 0.5 0.4570312500000001 0.53515625 0.505859375 0.53515625
5 0.5078125 0.4472656250000001 0.45703125 0.4472656250000001 0.45703125000000006 0.4824218750000001 0.5078125 0.4824218750000001
4 0.509765625 0.3906250000000001 0.458984375 0.3906250000000001 0.458984375 0.4277343750000001 0.509765625 0.4277343750000001