10 0.4907047716135613 0.990121923794359 0.4453472421875001 0.07942282421875 0.4068211655251302 0.08134162226818087 0.4521786949511914 0.9920407218437899
2 0.4824218750000001 0.751953125 0.4414062500000001 0.751953125 0.4414062500000001 0.8046875 0.4824218750000001 0.8046875
0 0.4804687500000001 0.6796875 0.4375000000000001 0.6796875 0.4375000000000001 0.73046875 0.4804687500000001 0.73046875
3 0.4746093750000001 0.607421875 0.4335937500000001 0.607421875 0.4335937500000001 0.654296875 0.4746093750000001 0.654296875
7 0.4726562500000001 0.53125 0.4316406250000001 0.53125 0.4316406250000001 0.580078125 0.4726562500000001 0.580078125
1 0.4687500000000001 0.45507812500000006 0.4257812500000001 0.455078125 0.4257812500000001 0.509765625 0.4687500000000001 0.509765625
9 0.46484375 0.38281250000000006 0.421875 0.3828125 0.421875 0.43750000000000006 0.46484375 0.4375000000000001
6 0.4609375 0.31054687500000006 0.419921875 0.310546875 0.419921875 0.36132812500000006 0.4609375 0.3613281250000001
8 0.45703125 0.23437500000000006 0.4140625 0.23437500000000006 0.4140625 0.28710937500000006 0.45703125 0.2871093750000001
5 0.453125 0.15820312500000006 0.41015625 0.15820312500000006 0.41015625 0.21093750000000006 0.453125 0.21093750000000006
4 0.44921875 0.08007812500000006 0.40625 0.08007812500000006 0.40625 0.13085937500000006 0.44921875 0.13085937500000006