10 0.6730859518065249 0.12568234043824772 0.6331537910156249 0.10246801953125001 0.1363924720216 0.9569730013586273 0.1763246328125 0.980187322265625
2 0.2910156250000001 0.75390625 0.2480468750000001 0.75390625 0.2480468750000001 0.798828125 0.2910156250000001 0.798828125
0 0.3320312500000001 0.6796875 0.2910156250000001 0.6796875 0.2910156250000001 0.724609375 0.3320312500000001 0.724609375
3 0.3750000000000001 0.60546875 0.3359375000000001 0.60546875 0.3359375000000001 0.6484375 0.3750000000000001 0.6484375
7 0.4199218750000001 0.529296875 0.3808593750000001 0.529296875 0.3808593750000001 0.572265625 0.4199218750000001 0.572265625
1 0.4609375000000001 0.45898437500000006 0.4218750000000001 0.458984375 0.4218750000000001 0.501953125 0.4609375000000001 0.501953125
9 0.5 0.3886718750000001 0.462890625 0.3886718750000001 0.462890625 0.4316406250000001 0.5 0.4316406250000001
6 0.541015625 0.3203125000000001 0.501953125 0.3203125000000001 0.501953125 0.3593750000000001 0.541015625 0.3593750000000001
8 0.580078125 0.2539062500000001 0.541015625 0.2539062500000001 0.541015625 0.2929687500000001 0.580078125 0.2929687500000001
5 0.6171875 0.18750000000000006 0.58203125 0.18750000000000006 0.58203125 0.22265625000000006 0.6171875 0.22265625000000006
4 0.65625 0.11914062500000008 0.62109375 0.11914062500000008 0.62109375 0.15625000000000006 0.65625 0.15625000000000006