10 0.8274170546874999 0.609685349609375 0.03378715429687501 0.298251921875 0.019929976214935446 0.33356435105406906 0.8135598766055604 0.6449977787884441
2 0.06054687500000004 0.3046875 0.023437500000000035 0.3046875 0.023437500000000038 0.34375 0.06054687500000004 0.34375
0 0.15625000000000006 0.33203125 0.08789062500000003 0.33203125 0.08789062500000004 0.37890625 0.15625000000000006 0.37890625
3 0.25 0.369140625 0.17968750000000006 0.369140625 0.17968750000000006 0.419921875 0.25 0.419921875
7 0.33984375 0.404296875 0.275390625 0.404296875 0.275390625 0.453125 0.33984375 0.453125
1 0.42187500000000006 0.439453125 0.361328125 0.439453125 0.36132812500000006 0.486328125 0.4218750000000001 0.486328125
9 0.505859375 0.47265625000000006 0.4472656250000001 0.47265625 0.4472656250000001 0.515625 0.505859375 0.515625
6 0.583984375 0.50390625 0.529296875 0.50390625 0.529296875 0.544921875 0.583984375 0.544921875
8 0.66015625 0.53515625 0.611328125 0.53515625 0.611328125 0.576171875 0.66015625 0.576171875
5 0.734375 0.56640625 0.6875 0.56640625 0.6875 0.603515625 0.734375 0.603515625
4 0.810546875 0.595703125 0.767578125 0.595703125 0.767578125 0.6328125 0.810546875 0.6328125