10 0.9026384511718751 0.03929458007812514 0.8598048950357309 0.0312591605504485 0.7001472136182909 0.8823293798471268 0.742980769754435 0.8903647993748034
2 0.8515625 0.2402343750000001 0.81640625 0.2402343750000001 0.81640625 0.2832031250000001 0.8515625 0.2832031250000001
0 0.83984375 0.3027343750000001 0.80078125 0.3027343750000001 0.80078125 0.3496093750000001 0.83984375 0.3496093750000001
3 0.828125 0.3652343750000001 0.7890625 0.3652343750000001 0.7890625 0.4121093750000001 0.828125 0.4121093750000001
7 0.818359375 0.4316406250000001 0.77734375 0.4316406250000001 0.77734375 0.4765625000000001 0.818359375 0.4765625000000001
1 0.80859375 0.4960937500000001 0.767578125 0.4960937500000001 0.767578125 0.54296875 0.80859375 0.54296875
9 0.794921875 0.560546875 0.75390625 0.560546875 0.75390625 0.607421875 0.794921875 0.607421875
6 0.78515625 0.626953125 0.744140625 0.626953125 0.744140625 0.67578125 0.78515625 0.67578125
8 0.775390625 0.6953125 0.734375 0.6953125 0.734375 0.744140625 0.775390625 0.744140625
5 0.763671875 0.763671875 0.72265625 0.763671875 0.72265625 0.814453125 0.763671875 0.814453125
4 0.751953125 0.837890625 0.7109375 0.837890625 0.7109375 0.888671875 0.751953125 0.888671875