10 0.9359056249841649 0.21446731387187126 0.9266717491137166 0.1565330159449451 0.18181630186392675 0.2752520301980738 0.191050177734375 0.333186328125
2 0.779296875 0.1796875000000001 0.720703125 0.1796875000000001 0.720703125 0.2441406250000001 0.779296875 0.2441406250000001
0 0.7109375 0.19140625000000008 0.654296875 0.19140625000000006 0.654296875 0.2558593750000001 0.7109375 0.2558593750000001
3 0.646484375 0.20312500000000006 0.591796875 0.20312500000000006 0.591796875 0.2675781250000001 0.646484375 0.2675781250000001
7 0.583984375 0.21484375000000006 0.529296875 0.21484375000000006 0.529296875 0.2773437500000001 0.583984375 0.2773437500000001
1 0.521484375 0.22656250000000006 0.46875 0.22656250000000006 0.46875 0.2871093750000001 0.521484375 0.2871093750000001
9 0.462890625 0.23828125000000006 0.41015625 0.23828125000000006 0.41015625 0.29687500000000006 0.462890625 0.2968750000000001
6 0.40234375 0.24609375000000006 0.349609375 0.24609375000000006 0.349609375 0.30859375 0.40234375 0.30859375
8 0.345703125 0.2578125 0.296875 0.2578125 0.296875 0.318359375 0.345703125 0.318359375
5 0.2890625 0.265625 0.24023437500000006 0.265625 0.24023437500000006 0.326171875 0.2890625 0.326171875
4 0.23242187500000006 0.275390625 0.18164062500000006 0.275390625 0.18164062500000006 0.333984375 0.23242187500000006 0.333984375