2 0.2640221084512566 0.6778550293322023 0.03415798979078999 0.029277611810526682
0 0.31861970611413304 0.6555927102021721 0.03604291016287642 0.0274382433876168
3 0.3691746445211823 0.6370091279179623 0.03220486479078999 0.029163855233437008
7 0.4227615773701019 0.6156664929993871 0.03220486479078999 0.029163855233437008
1 0.47237405559110796 0.5960494699266324 0.03213666016287642 0.027210730233437008
9 0.5210099713121141 0.5763755685653329 0.03213666016287631 0.027210730233437008
6 0.5696117847191633 0.5576782297040332 0.02829861479078999 0.028936342079257216
8 0.6172711379401693 0.5379474500541888 0.02829861479078999 0.028936342079257216
5 0.6638857240332618 0.5201129171157992 0.02829861479078999 0.028936342079257216
4 0.711510974940311 0.5013586999659547 0.028230410162876307 0.026983217079257438
10 0.5790426328125 0.538824837890625 0.48277942578125 0.577302904296875 0.382961935546875 0.615690369140625 0.279859509765625 0.656182998046875 0.1099732109375 0.72108840234375 0.129476732421875 0.74537034375 0.29465443359375 0.681360857421875 0.50593686328125 0.59766519140625 0.735092912109375 0.506393283203125 0.721000478515625 0.48290589453125 0.5790426328125 0.538824837890625