10 0.5511829893278071 0.9231593869920051 0.5154323497445554 0.1148306645399322 0.4647292276042484 0.11707315450105216 0.5004798671875 0.925401876953125
2 0.529296875 0.3652343750000001 0.48046875 0.3652343750000001 0.48046875 0.4042968750000001 0.529296875 0.4042968750000001
0 0.529296875 0.4218750000000001 0.48046875 0.4218750000000001 0.48046875000000006 0.4609375000000001 0.529296875 0.4609375000000001
3 0.533203125 0.4785156250000001 0.4824218750000001 0.4785156250000001 0.4824218750000001 0.517578125 0.533203125 0.517578125
7 0.53515625 0.53515625 0.4863281250000001 0.53515625 0.4863281250000001 0.57421875 0.53515625 0.57421875
1 0.537109375 0.591796875 0.4882812500000001 0.591796875 0.4882812500000001 0.6328125 0.537109375 0.6328125
9 0.541015625 0.650390625 0.4902343750000001 0.650390625 0.4902343750000001 0.689453125 0.541015625 0.689453125
6 0.541015625 0.70703125 0.4921875000000001 0.70703125 0.4921875000000001 0.748046875 0.541015625 0.748046875
8 0.544921875 0.767578125 0.4960937500000001 0.767578125 0.4960937500000001 0.8046875 0.544921875 0.8046875
5 0.548828125 0.826171875 0.4960937500000001 0.826171875 0.4960937500000001 0.8671875 0.548828125 0.8671875
4 0.5507812500000001 0.88671875 0.5 0.88671875 0.5000000000000001 0.92578125 0.5507812500000002 0.92578125