2 0.2300497653797341 0.9063487183816085 0.023326835990419403 0.03691000416747481
0 0.25126163288861686 0.838447670654997 0.023531553878243794 0.04081625416747503
3 0.2743242664535874 0.7726591801254287 0.019625303878243794 0.04049738977338846
7 0.29538259554660184 0.7076878198988172 0.019625303878243794 0.04049738977338846
1 0.316287386223748 0.6456461471722057 0.019318227046507208 0.03463801477338846
9 0.3351878724289381 0.5844216047485511 0.019420585990419403 0.03659113977338846
6 0.353985999690216 0.5251501873248964 0.017467460990419403 0.036431707576345396
8 0.3758161733954061 0.4641647931968065 0.017262743102595124 0.032525457576345396
5 0.3925588167127717 0.4066870685761087 0.017262743102595124 0.032525457576345396
4 0.41331006897404965 0.3475750833494972 0.013151775214770733 0.028300343182259047
10 0.212891412109375 1 0.25141571875 0.8809979453125 0.429466037109375 0.338465509765625 0.408768861328125 0.31664758984375 0.18043328125 1 0.212891412109375 1