10 0.48174245638405966 0.9267595435410492 0.44256826731167576 0.07445017866738333 0.40778556483386613 0.07604887536070919 0.44695975390625 0.9283582402343751
2 0.453125 0.24218750000000006 0.416015625 0.24218750000000006 0.416015625 0.287109375 0.453125 0.287109375
0 0.45703125 0.31054687500000006 0.41796875 0.310546875 0.41796875 0.35742187500000006 0.45703125 0.3574218750000001
3 0.4609375 0.37890625000000006 0.419921875 0.37890625 0.419921875 0.42773437500000006 0.4609375 0.4277343750000001
7 0.46484375000000006 0.44921875000000006 0.423828125 0.44921875 0.42382812500000006 0.49609375000000006 0.4648437500000001 0.4960937500000001
1 0.4687500000000001 0.517578125 0.4277343750000001 0.517578125 0.4277343750000001 0.56640625 0.4687500000000001 0.56640625
9 0.4707031250000001 0.58984375 0.4296875000000001 0.58984375 0.4296875000000001 0.634765625 0.4707031250000001 0.634765625
6 0.4746093750000001 0.658203125 0.4316406250000001 0.658203125 0.4316406250000001 0.708984375 0.4746093750000001 0.708984375
8 0.4765625000000001 0.728515625 0.4355468750000001 0.728515625 0.4355468750000001 0.779296875 0.4765625000000001 0.779296875
5 0.4804687500000001 0.80078125 0.4394531250000001 0.80078125 0.4394531250000001 0.8515625 0.4804687500000001 0.8515625
4 0.4824218750000001 0.875 0.4433593750000001 0.875 0.4433593750000001 0.92578125 0.4824218750000001 0.92578125