10 0.7280581708631197 0.5589907573491377 0.015274189453125031 0.4373955781250001 0.007614772832313821 0.48229463998826805 0.7203987542423085 0.6038898192124056
2 0.16406250000000006 0.466796875 0.11328125000000006 0.466796875 0.11328125000000006 0.501953125 0.16406250000000006 0.501953125
0 0.24218750000000006 0.482421875 0.20117187500000006 0.482421875 0.20117187500000006 0.513671875 0.24218750000000006 0.513671875
3 0.3183593750000001 0.4921875 0.2734375000000001 0.4921875 0.2734375000000001 0.525390625 0.3183593750000001 0.525390625
7 0.3886718750000001 0.505859375 0.3496093750000001 0.505859375 0.3496093750000001 0.537109375 0.3886718750000001 0.537109375
1 0.4531250000000001 0.517578125 0.4121093750000001 0.517578125 0.4121093750000001 0.544921875 0.4531250000000001 0.544921875
9 0.51171875 0.52734375 0.4746093750000001 0.52734375 0.4746093750000001 0.5546875 0.51171875 0.5546875
6 0.5703125 0.533203125 0.53515625 0.533203125 0.53515625 0.560546875 0.5703125 0.560546875
8 0.623046875 0.54296875 0.58984375 0.54296875 0.58984375 0.568359375 0.623046875 0.568359375
5 0.673828125 0.55078125 0.640625 0.55078125 0.640625 0.578125 0.673828125 0.578125
4 0.724609375 0.556640625 0.693359375 0.556640625 0.693359375 0.58203125 0.724609375 0.58203125