10 0.5425919316406251 0.970286955078125 0.5050777321947538 0.30940250905520056 0.45617544525260506 0.3121783803239932 0.49368964469847626 0.9730628263469177
4 0.5078125 0.3125000000000001 0.46484375 0.3125000000000001 0.46484375 0.3457031250000001 0.5078125 0.3457031250000001
5 0.509765625 0.3691406250000001 0.466796875 0.3691406250000001 0.466796875 0.4003906250000001 0.509765625 0.4003906250000001
8 0.513671875 0.4238281250000001 0.470703125 0.4238281250000001 0.47070312500000006 0.4570312500000001 0.513671875 0.4570312500000001
6 0.515625 0.4785156250000001 0.4726562500000001 0.4785156250000001 0.4726562500000001 0.509765625 0.515625 0.509765625
9 0.51953125 0.53125 0.4746093750000001 0.53125 0.4746093750000001 0.564453125 0.51953125 0.564453125
1 0.521484375 0.583984375 0.4785156250000001 0.583984375 0.4785156250000001 0.6171875 0.521484375 0.6171875
7 0.5234375 0.63671875 0.4804687500000001 0.63671875 0.4804687500000001 0.671875 0.5234375 0.671875
3 0.52734375 0.693359375 0.4843750000000001 0.693359375 0.4843750000000001 0.724609375 0.52734375 0.724609375
0 0.529296875 0.74609375 0.4863281250000001 0.74609375 0.4863281250000001 0.78125 0.529296875 0.78125
2 0.53125 0.80078125 0.4882812500000001 0.80078125 0.4882812500000001 0.833984375 0.53125 0.833984375