2 0.028072282499645624 0.2351705410570747 0.05614456499929125 0.050191909669270895
0 0.11779200715037162 0.23730713703893241 0.0601624564420121 0.046285659669270895
3 0.21248446733641485 0.24048848475425366 0.062251990697839266 0.050237369158246614
7 0.31014071733641485 0.24276145920303846 0.06420511569783927 0.05028282864722228
1 0.4077287627085013 0.24698755865182326 0.06811136569783927 0.05037374762517366
9 0.5053168080805877 0.25121365810060803 0.06420511569783915 0.05028282864722233
6 0.6059027455805877 0.25355482178285643 0.06817957032575261 0.05232687262517366
8 0.7074652455805877 0.25591871520959264 0.06811136569783915 0.05037374762517366
5 0.8119574330805877 0.2583507978697923 0.06420511569783915 0.05028282864722233
4 0.9213324330805877 0.26089652925243134 0.060298865697839155 0.050191909669270895
10 0 0.2623920390625 0.949904830078125 0.290613296875 0.957272279296875 0.237518955078125 0 0.213146791015625 0 0.2623920390625