2 0.72265625 0.3105468750000001 0.666015625 0.3105468750000001 0.666015625 0.3613281250000001 0.72265625 0.3613281250000001
10 0.7474053989465682 0.20388040648228517 0.6942353088948745 0.1931615666261668 0.5511532363281251 0.9029106425781251 0.6043233263798187 0.9136294824342435
0 0.7109375 0.3691406250000001 0.654296875 0.3691406250000001 0.654296875 0.4199218750000001 0.7109375 0.4199218750000001
3 0.701171875 0.4257812500000001 0.642578125 0.4257812500000001 0.642578125 0.4765625000000001 0.701171875 0.4765625000000001
7 0.6875 0.4843750000000001 0.62890625 0.4843750000000001 0.62890625 0.53515625 0.6875 0.53515625
1 0.67578125 0.544921875 0.6171875 0.544921875 0.6171875 0.59375 0.67578125 0.59375
9 0.6640625 0.603515625 0.603515625 0.603515625 0.603515625 0.65234375 0.6640625 0.65234375
6 0.650390625 0.666015625 0.59375 0.666015625 0.59375 0.71484375 0.650390625 0.71484375
8 0.640625 0.7265625 0.580078125 0.7265625 0.580078125 0.78125 0.640625 0.78125
5 0.62890625 0.7890625 0.564453125 0.7890625 0.564453125 0.84375 0.62890625 0.84375
4 0.6152343750000001 0.857421875 0.552734375 0.857421875 0.5527343750000001 0.912109375 0.6152343750000002 0.912109375