2 0.9747583955371616 0.693349224609274 0.050483208925676815 0.05787268415851465
0 0.8774386547303403 0.7040336225408543 0.0667244125677866 0.05855522362105359
3 0.7690743060768889 0.7162064875693388 0.0725837875677866 0.05889649335232283
7 0.6626460380001632 0.7253359085207336 0.06865481167008758 0.05476273019814348
1 0.5601410643467117 0.7371675038179487 0.06671304961893698 0.05660209862105359
9 0.457619046269986 0.7460694116151638 0.06474856167008758 0.05453521704396369
6 0.3570615161421098 0.756810687835289 0.06474856167008758 0.05453521704396369
8 0.2594393549886584 0.7683578916897795 0.06474856167008758 0.05453521704396369
5 0.1608349498607822 0.7789854113328151 0.06279543667008758 0.054421460466874017
4 0.063207107232906 0.7895560526873057 0.06084231167008758 0.05430770388978412
10 1 0.663989423828125 0.028279306640625 0.768858099609375 0.029069927734375 0.81898519921875 1 0.718692091796875 1 0.663989423828125