4 0.1247148287122247 0.5012431580110872 0.05292539913731509 0.060298865697839155
5 0.1915990940282448 0.4920882631620259 0.04874599752816072 0.05625620644201201
8 0.25562195974655344 0.48205911275483493 0.05069912252816078 0.056324411069925695
6 0.32048481216028496 0.4739489850336871 0.05292539913731509 0.060298865697839155
9 0.38353111537859363 0.46395393694045284 0.04874599752816078 0.056256206442012124
1 0.4444877177923252 0.4559802184751322 0.04874599752816078 0.056256206442012124
7 0.5064891706083452 0.44699583519585473 0.04874599752816078 0.056256206442012124
3 0.5694671859243654 0.4379773496026205 0.04874599752816078 0.056256206442012124
0 0.630560364142674 0.42805050613729984 0.04874599752816078 0.056256206442012124
2 0.6925618169586941 0.41906612285802236 0.05069912252816078 0.056324411069925695
10 0.9612041484375 0.4023426640625 0.9596833125 0.35157244140625 0.1032284765625 0.477761638671875 0.104591609375 0.533004771484375 0.9612041484375 0.4023426640625