10 0.3738990585937504 0.03988298046875008 0.30997488101987436 0.03379999017872147 0.22691100500604805 0.9066913983708722 0.2908351825799241 0.9127743886609008
2 0.3105468750000001 0.666015625 0.24804687500000006 0.666015625 0.24804687500000008 0.71484375 0.3105468750000001 0.71484375
0 0.3164062500000001 0.59375 0.2539062500000001 0.59375 0.2539062500000001 0.646484375 0.3164062500000001 0.646484375
3 0.3261718750000001 0.52734375 0.2597656250000001 0.52734375 0.2597656250000001 0.580078125 0.3261718750000001 0.580078125
7 0.3339843750000001 0.45703125 0.2675781250000001 0.45703125 0.2675781250000001 0.509765625 0.3339843750000001 0.509765625
1 0.341796875 0.388671875 0.2734375 0.388671875 0.2734375 0.439453125 0.341796875 0.439453125
9 0.34765625 0.3203125 0.283203125 0.3203125 0.283203125 0.37109375 0.34765625 0.37109375
6 0.353515625 0.25 0.2890625 0.25 0.2890625 0.30078125 0.353515625 0.30078125
8 0.361328125 0.17773437500000006 0.294921875 0.17773437500000006 0.294921875 0.23046875000000006 0.361328125 0.23046875000000006
5 0.3671875 0.10937500000000004 0.30078125 0.10937500000000003 0.30078125 0.16015625000000006 0.3671875 0.16015625000000006
4 0.373046875 0.03710937500000004 0.30859375 0.03710937500000004 0.30859375 0.08789062500000004 0.373046875 0.08789062500000006