2 0.08923917457522867 0.24391267415261428 0.0594845394272453 0.04948719834102239
0 0.17499640811485734 0.22925218914108073 0.06350454600433508 0.05148577667488602
3 0.25587082915448606 0.21464852079687669 0.06741079600433508 0.051531230008749596
7 0.34157118440556977 0.20096459828534313 0.06361830258142498 0.053438901674885964
1 0.4253184146566536 0.18730340244074134 0.06350454600433508 0.051485776674885964
9 0.5130856514848272 0.17164362826227597 0.06350454600433508 0.051485776674885964
6 0.598786006735911 0.15795970575074245 0.06741079600433508 0.051531230008749596
8 0.6875866843526295 0.14131200573881117 0.06741079600433508 0.051531230008749596
5 0.779260171180803 0.1256067782264822 0.06741079600433508 0.051531230008749596
4 0.8709336580089766 0.10990155071415322 0.06545767100433508 0.05150850334181778
10 0 0.280256314453125 0.128028744140625 0.258521900390625 0.30235002734375 0.22982441015625 0.471863478515625 0.20125651953125 0.63974160546875 0.172339369140625 0.90429967578125 0.127636486328125 0.899913787109375 0.0841750859375 0.83099802734375 0.095770060546875 0.640908767578125 0.128039787109375 0.472237267578125 0.157076958984375 0.298757556640625 0.186243521484375 0.054775630859375 0.227244248046875 0 0.237283888671875 0 0.280256314453125