10 0.46605021289062504 0.06788470507812511 0.42834935228015303 0.04470129027195782 0.09206561750541536 0.5915657757807385 0.12976647811588737 0.6147491905869058
2 0.19335937500000006 0.486328125 0.16796875000000006 0.486328125 0.16796875000000006 0.505859375 0.19335937500000006 0.505859375
0 0.21484375000000006 0.451171875 0.18750000000000006 0.451171875 0.18750000000000006 0.46875 0.21484375000000006 0.46875
3 0.23828125000000006 0.41015625 0.21093750000000006 0.41015625 0.21093750000000006 0.431640625 0.23828125000000006 0.431640625
7 0.263671875 0.369140625 0.23632812500000006 0.369140625 0.23632812500000006 0.388671875 0.263671875 0.388671875
1 0.291015625 0.326171875 0.259765625 0.326171875 0.259765625 0.34765625 0.291015625 0.34765625
9 0.3203125 0.27734375 0.2890625 0.27734375 0.2890625 0.3046875 0.3203125 0.3046875
9 0.349609375 0.22851562500000006 0.314453125 0.22851562500000006 0.314453125 0.255859375 0.349609375 0.255859375
8 0.380859375 0.17773437500000006 0.345703125 0.17773437500000006 0.345703125 0.20312500000000006 0.380859375 0.20312500000000006
5 0.4140625 0.12109375000000006 0.380859375 0.12109375000000006 0.380859375 0.15234375000000006 0.4140625 0.15234375000000006
4 0.453125 0.058593750000000056 0.416015625 0.058593750000000056 0.416015625 0.09375000000000006 0.453125 0.09375000000000006