10 0.6387903752203957 0.4841673591547087 5.551115123125783e-17 0.4329635 -0.00431763769435721 0.48682790491742844 0.6344727375260384 0.5380317640721372
4 0.63671875 0.4804687500000001 0.59375 0.4804687500000001 0.59375 0.53125 0.63671875 0.53125
5 0.57421875 0.4746093750000001 0.53515625 0.4746093750000001 0.53515625 0.52734375 0.57421875 0.52734375
8 0.513671875 0.4707031250000001 0.4726562500000001 0.4707031250000001 0.4726562500000001 0.521484375 0.513671875 0.521484375
6 0.4531250000000001 0.466796875 0.4140625000000001 0.466796875 0.4140625000000001 0.517578125 0.4531250000000001 0.517578125
9 0.3945312500000001 0.458984375 0.3535156250000001 0.458984375 0.3535156250000001 0.513671875 0.3945312500000001 0.513671875
1 0.3320312500000001 0.45703125 0.2929687500000001 0.45703125 0.2929687500000001 0.5078125 0.3320312500000001 0.5078125
7 0.27539062500000006 0.451171875 0.23242187500000006 0.451171875 0.23242187500000006 0.505859375 0.2753906250000001 0.505859375
3 0.21289062500000006 0.447265625 0.17382812500000006 0.447265625 0.17382812500000006 0.5 0.21289062500000006 0.5
0 0.15429687500000006 0.443359375 0.11132812500000006 0.443359375 0.11132812500000006 0.494140625 0.15429687500000006 0.494140625
2 0.09375000000000006 0.439453125 0.050781250000000056 0.439453125 0.050781250000000056 0.4921875 0.09375000000000006 0.4921875