2 0.34226340700388935 0.22819635229782792 0.035383508976990496 0.04111011838761658
0 0.37299704393229494 0.3055346878529358 0.02761646077238855 0.04846759207925744
3 0.4017946002839749 0.3859164674851336 0.033453109874689524 0.044902611810526794
7 0.4305807936868053 0.4643451221173313 0.033453109874689524 0.044902611810526794
1 0.45839042458963575 0.5428306550380739 0.033453109874689524 0.04490261181052668
9 0.4871709365180414 0.6202827471702717 0.03539487192584001 0.0430632433876168
6 0.5169393738952965 0.6996310860139245 0.0334417469258399 0.04294948681052668
8 0.5447433233237022 0.7771400564346671 0.03152271077238833 0.04869510523343701
5 0.5745174421753821 0.85746495777832 0.03152271077238855 0.04869510523343701
4 0.604291561027062 0.9377898591219729 0.02956958577238855 0.048581348656347334
10 0.4840416015625 0.678270927734375 0.58933317578125 0.9660141015625 0.613583060546875 0.96460170703125 0.63040372265625 0.949965802734375 0.493455921875 0.569357404296875 0.28879817578125 0.0148167421875 0.25259951171875 0.048931865234375 0.3350796796875 0.272123470703125 0.4840416015625 0.678270927734375