2 0.5082676038245415 0.9421236026865203 0.060785862123122314 0.05507321991840963
0 0.5339774155635124 0.847810745320556 0.06871785568468347 0.080907841806521
3 0.5618994699157893 0.7444868270105361 0.06465217348764041 0.07865871888111342
7 0.5896620920710229 0.6392097837005162 0.06238018409355428 0.07460446991840963
1 0.6147341750218213 0.5370844263345519 0.06465217348764041 0.07865871888111342
9 0.6411016848667059 0.43879131948723576 0.06644586629059734 0.07685359284381721
6 0.6691831714160259 0.33742052617721585 0.06206131969946771 0.07069821991840963
8 0.6937569884579537 0.24122854329260346 0.06206131969946771 0.07069821991840963
5 0.7198853500072737 0.14000574894528733 0.06206131969946771 0.07069821991840963
4 0.7479668365565937 0.03863495563526739 0.06206131969946771 0.07069821991840963
10 0.731831580078125 0 0.474332998046875 0.958956447265625 0.520237005859375 0.966764294921875 0.528259423828125 0.966156392578125 0.780682357421875 0.014822888671875 0.747019591796875 0 0.731831580078125 0