2 0.1708984375 0.458984375 0.0380859375 0.0361328125
0 0.2490234375 0.4580078125 0.041015625 0.037109375
3 0.3271484375 0.4580078125 0.0419921875 0.0390625
7 0.41015625 0.45703125 0.0478515625 0.0400390625
1 0.4921875 0.45703125 0.05078125 0.0380859375
9 0.5751953125 0.455078125 0.0537109375 0.0390625
6 0.6640625 0.4541015625 0.0576171875 0.041015625
8 0.75390625 0.4541015625 0.0595703125 0.0419921875
5 0.8486328125 0.453125 0.0595703125 0.041015625
4 0.94921875 0.4521484375 0.0595703125 0.0419921875
10 0.979403109375 0.4719756953125 0.9855251328125 0.429110119140625 0.01370304296875 0.440012400390625 0.012126322265625 0.47886483203125 0.979403109375 0.4719756953125