10 0.863877001953125 0.18104860546875023 0.8443727067660187 0.14664428574286698 0.17531075000000002 0.525944966796875 0.19481504518710624 0.5603492865227582
2 0.75 0.2187500000000001 0.716796875 0.2187500000000001 0.716796875 0.2500000000000001 0.75 0.2500000000000001
0 0.69140625 0.2519531250000001 0.658203125 0.2519531250000001 0.658203125 0.2812500000000001 0.69140625 0.2812500000000001
3 0.6328125 0.2871093750000001 0.599609375 0.2871093750000001 0.599609375 0.3164062500000001 0.6328125 0.3164062500000001
7 0.57421875 0.3203125000000001 0.537109375 0.3203125000000001 0.537109375 0.3476562500000001 0.57421875 0.3476562500000001
1 0.515625 0.3496093750000001 0.48046875 0.3496093750000001 0.48046875 0.3808593750000001 0.515625 0.3808593750000001
9 0.455078125 0.38476562500000006 0.423828125 0.384765625 0.423828125 0.41210937500000006 0.455078125 0.4121093750000001
6 0.3984375 0.41796875 0.3671875 0.41796875 0.3671875 0.447265625 0.3984375 0.447265625
8 0.34375000000000006 0.44921875 0.306640625 0.44921875 0.30664062500000006 0.4765625 0.3437500000000001 0.4765625
5 0.2851562500000001 0.48046875 0.2519531250000001 0.48046875 0.2519531250000001 0.509765625 0.2851562500000001 0.509765625
4 0.22851562500000006 0.515625 0.18945312500000006 0.515625 0.18945312500000006 0.541015625 0.22851562500000006 0.541015625