10 0.6970910201715778 0.09103304240700981 0.6584744088671306 0.08164950886335419 0.4353224453125001 1.0000000000000002 0.47393905661694724 1.0093835335436558
4 0.697265625 0.08398437500000008 0.6484375 0.08398437500000008 0.6484375 0.14062500000000008 0.697265625 0.1406250000000001
5 0.677734375 0.16015625000000006 0.62890625 0.16015625000000006 0.62890625 0.21679687500000006 0.677734375 0.21679687500000006
8 0.658203125 0.23437500000000006 0.611328125 0.23437500000000006 0.611328125 0.2890625000000001 0.658203125 0.2890625000000001
6 0.640625 0.3066406250000001 0.59375 0.3066406250000001 0.59375 0.3632812500000001 0.640625 0.3632812500000001
9 0.623046875 0.3828125000000001 0.576171875 0.3828125000000001 0.576171875 0.4355468750000001 0.623046875 0.4355468750000001
1 0.60546875 0.4531250000000001 0.556640625 0.4531250000000001 0.556640625 0.509765625 0.60546875 0.509765625
7 0.587890625 0.52734375 0.5390625 0.52734375 0.5390625 0.583984375 0.587890625 0.583984375
3 0.568359375 0.6015625 0.521484375 0.6015625 0.521484375 0.658203125 0.568359375 0.658203125
0 0.552734375 0.67578125 0.50390625 0.67578125 0.50390625 0.734375 0.552734375 0.734375
2 0.53515625 0.75 0.4843750000000001 0.75 0.4843750000000001 0.810546875 0.53515625 0.810546875