10 0.383629488846456 0.9727216396596097 0.302954809164622 -0.002396137255064882 0.27399261132812497 3.469446951953614e-18 0.354667291009959 0.9751177769146746
2 0.3125 0.06640625000000003 0.287109375 0.06640625000000003 0.287109375 0.13281250000000006 0.3125 0.13281250000000006
0 0.322265625 0.17187500000000006 0.296875 0.17187500000000006 0.296875 0.24218750000000006 0.322265625 0.24218750000000006
3 0.333984375 0.27734375 0.306640625 0.27734375 0.306640625 0.345703125 0.333984375 0.345703125
7 0.341796875 0.37890625 0.318359375 0.37890625 0.318359375 0.447265625 0.341796875 0.447265625
1 0.3496093750000001 0.48046875 0.3242187500000001 0.48046875 0.3242187500000001 0.5390625 0.3496093750000001 0.5390625
9 0.3554687500000001 0.578125 0.3320312500000001 0.578125 0.3320312500000001 0.626953125 0.3554687500000001 0.626953125
6 0.3632812500000001 0.673828125 0.3378906250000001 0.673828125 0.3378906250000001 0.720703125 0.3632812500000001 0.720703125
8 0.3691406250000001 0.76171875 0.3476562500000001 0.76171875 0.3476562500000001 0.8046875 0.3691406250000001 0.8046875
5 0.3750000000000001 0.8515625 0.3554687500000001 0.8515625 0.3554687500000001 0.888671875 0.3750000000000001 0.888671875
4 0.3808593750000001 0.943359375 0.3593750000000001 0.943359375 0.3593750000000001 0.97265625 0.3808593750000001 0.97265625