10 0.807813298828125 0.42629253125000016 0.779007410467581 0.3815685260912755 -0.012466792657418735 0.8913421354662754 0.01633909570312514 0.936066140625
2 0.2597656250000001 0.748046875 0.2148437500000001 0.748046875 0.2148437500000001 0.77734375 0.2597656250000001 0.77734375
0 0.3300781250000001 0.70703125 0.2773437500000001 0.70703125 0.2773437500000001 0.732421875 0.3300781250000001 0.732421875
3 0.3906250000000001 0.6640625 0.3457031250000001 0.6640625 0.3457031250000001 0.693359375 0.3906250000000001 0.693359375
7 0.4531250000000001 0.625 0.4101562500000001 0.625 0.4101562500000001 0.654296875 0.4531250000000001 0.654296875
1 0.509765625 0.5859375 0.4707031250000001 0.5859375 0.4707031250000001 0.6171875 0.509765625 0.6171875
9 0.56640625 0.548828125 0.53125 0.548828125 0.53125 0.580078125 0.56640625 0.580078125
6 0.625 0.513671875 0.5859375 0.513671875 0.5859375 0.54296875 0.625 0.54296875
8 0.68359375 0.4804687500000001 0.63671875 0.4804687500000001 0.63671875 0.505859375 0.68359375 0.505859375
5 0.732421875 0.4433593750000001 0.697265625 0.4433593750000001 0.697265625 0.4746093750000001 0.732421875 0.4746093750000001
4 0.7890625 0.4121093750000001 0.748046875 0.4121093750000001 0.748046875 0.4375000000000001 0.7890625 0.4375000000000001