10 0.9992050273437503 0.2576386406250001 0.9981313766798138 0.20709617639934838 -0.0007717326951864525 0.2283154224930983 0.00030191796874999913 0.27885788671875
2 0.07617187500000003 0.2265625 0.003906250000000028 0.2265625 0.00390625000000003 0.275390625 0.07617187500000003 0.275390625
0 0.18750000000000003 0.224609375 0.11914062500000003 0.224609375 0.11914062500000003 0.2734375 0.18750000000000006 0.2734375
3 0.298828125 0.22460937500000003 0.224609375 0.224609375 0.22460937500000003 0.26953125 0.298828125 0.26953125
7 0.40234375 0.22265625000000006 0.3359375 0.22265625000000006 0.3359375 0.267578125 0.40234375 0.267578125
1 0.505859375 0.22070312500000006 0.44140625 0.22070312500000006 0.44140625 0.26562500000000006 0.505859375 0.2656250000000001
9 0.60546875 0.21875000000000006 0.546875 0.21875000000000006 0.546875 0.2636718750000001 0.60546875 0.2636718750000001
6 0.703125 0.21875000000000008 0.6484375 0.21875000000000006 0.6484375 0.2617187500000001 0.703125 0.2617187500000001
8 0.80078125 0.2148437500000001 0.748046875 0.2148437500000001 0.748046875 0.2578125000000001 0.80078125 0.2578125000000001
5 0.90234375 0.2148437500000001 0.84375 0.2148437500000001 0.84375 0.2578125000000001 0.90234375 0.2578125000000001
4 0.994140625 0.2128906250000001 0.9453125 0.2128906250000001 0.9453125 0.2539062500000001 0.994140625 0.2539062500000001