2 0.259765625 0.11718750000000003 0.20703125 0.11718750000000003 0.20703125 0.17773437500000003 0.259765625 0.17773437500000006
0 0.265625 0.21093750000000003 0.21875 0.2109375 0.21875000000000003 0.26953125 0.265625 0.26953125
3 0.2734375 0.302734375 0.22851562500000006 0.302734375 0.22851562500000006 0.35546875 0.2734375 0.35546875
7 0.28125 0.388671875 0.23632812500000006 0.388671875 0.23632812500000006 0.44140625 0.28125 0.44140625
1 0.2890625000000001 0.470703125 0.24414062500000006 0.470703125 0.24414062500000006 0.521484375 0.2890625000000001 0.521484375
9 0.2949218750000001 0.556640625 0.2500000000000001 0.556640625 0.2500000000000001 0.6015625 0.2949218750000001 0.6015625
6 0.3007812500000001 0.634765625 0.2578125000000001 0.634765625 0.2578125000000001 0.67578125 0.3007812500000001 0.67578125
8 0.3066406250000001 0.71484375 0.2675781250000001 0.71484375 0.2675781250000001 0.75 0.3066406250000001 0.75
5 0.3125000000000001 0.791015625 0.2714843750000001 0.791015625 0.2714843750000001 0.82421875 0.3125000000000001 0.82421875
4 0.3183593750000001 0.865234375 0.2792968750000001 0.865234375 0.2792968750000001 0.896484375 0.3183593750000001 0.896484375
10 0.32280537294561584 0.9123786281785299 0.2435989422412141 0.030789313216548927 0.20094609273428 0.034621460352953305 0.2801525234386818 0.9162107753149342