10 0.640758947265625 0.912419453125 0.6311470030315967 0.04496057186334794 0.5603939335937499 0.045744556640624996 0.5700058778277782 0.913203437902277
2 0.634765625 0.19726562500000006 0.55859375 0.19726562500000006 0.55859375 0.2636718750000001 0.634765625 0.2636718750000001
0 0.6328125 0.2812500000000001 0.55859375 0.2812500000000001 0.55859375 0.3457031250000001 0.6328125 0.3457031250000001
3 0.63671875 0.3574218750000001 0.560546875 0.3574218750000001 0.560546875 0.4218750000000001 0.63671875 0.4218750000000001
7 0.63671875 0.4335937500000001 0.560546875 0.4335937500000001 0.560546875 0.4960937500000001 0.63671875 0.4960937500000001
1 0.638671875 0.509765625 0.564453125 0.509765625 0.564453125 0.5703125 0.638671875 0.5703125
9 0.640625 0.580078125 0.56640625 0.580078125 0.56640625 0.638671875 0.640625 0.638671875
6 0.642578125 0.65234375 0.568359375 0.65234375 0.568359375 0.7109375 0.642578125 0.7109375
8 0.642578125 0.72265625 0.568359375 0.72265625 0.568359375 0.779296875 0.642578125 0.779296875
5 0.646484375 0.79296875 0.572265625 0.79296875 0.572265625 0.85546875 0.646484375 0.85546875
4 0.6445312500000001 0.861328125 0.576171875 0.861328125 0.5761718750000001 0.9140625 0.6445312500000002 0.9140625