2 0.03248287419250568 0.2992752514681237 0.043268539867109726 0.03634968279884543
0 0.12207630031838237 0.3005673153373195 0.0472999518041714 0.038416468065402
3 0.21674028184985156 0.29878761637331946 0.05120620180417135 0.03853012833195879
7 0.3151853514442591 0.29884738214276274 0.05498728986710977 0.03669066359851547
1 0.4116147150701358 0.29994054054548436 0.05901870180417146 0.03875744886507215
9 0.5128017292589508 0.3028447486150101 0.060971826804171236 0.03881427899835055
6 0.61430164829042 0.3008661441845358 0.06512840067829462 0.04283418926490723
8 0.7186686738533583 0.299778857054144 0.06903465067829462 0.04294784953146391
5 0.8278559309477659 0.29952605709055635 0.06903465067829462 0.04294784953146391
4 0.9438791255421735 0.29907435166049445 0.07294090067829462 0.0430615097980207
10 0 0.319364748046875 0.977417439453125 0.323298939453125 0.97839678515625 0.308016474609375 0.9751149453125 0.2778924921875 0 0.285398369140625 0 0.319364748046875