10 0.97274983984375 0.33281520507812495 0.9445834087539645 0.28353301757888444 0.05400240820312491 0.79253007421875 0.0821688392929103 0.8418122617179904
2 0.787109375 0.4121093750000001 0.744140625 0.4121093750000001 0.744140625 0.4335937500000001 0.787109375 0.4335937500000001
0 0.73046875 0.4433593750000001 0.681640625 0.4433593750000001 0.681640625 0.4726562500000001 0.73046875 0.4726562500000001
3 0.66796875 0.4765625000000001 0.623046875 0.4765625000000001 0.623046875 0.509765625 0.66796875 0.509765625
7 0.6015625 0.513671875 0.556640625 0.513671875 0.556640625 0.54296875 0.6015625 0.54296875
1 0.533203125 0.548828125 0.4882812500000001 0.548828125 0.4882812500000001 0.5859375 0.533203125 0.5859375
9 0.4648437500000001 0.58984375 0.4160156250000001 0.58984375 0.4160156250000001 0.623046875 0.4648437500000001 0.623046875
6 0.3886718750000001 0.6328125 0.3378906250000001 0.6328125 0.3378906250000001 0.666015625 0.3886718750000001 0.666015625
8 0.3085937500000001 0.673828125 0.2636718750000001 0.673828125 0.2636718750000001 0.712890625 0.3085937500000001 0.712890625
5 0.2207031250000001 0.71875 0.1835937500000001 0.71875 0.1835937500000001 0.763671875 0.2207031250000001 0.763671875
4 0.1425781250000001 0.78125 0.07031250000000008 0.78125 0.0703125000000001 0.80859375 0.1425781250000001 0.80859375