10 0.81076651953125 0.2731697460937501 0.8058755205953853 0.21204314075943254 0.028250813564135228 0.27426419154068243 0.03314181249999999 0.335390796875
2 0.23046875000000006 0.259765625 0.18164062500000006 0.259765625 0.18164062500000006 0.3203125 0.23046875000000006 0.3203125
0 0.30078125 0.255859375 0.251953125 0.255859375 0.251953125 0.31640625 0.30078125 0.31640625
3 0.3671875 0.251953125 0.322265625 0.251953125 0.322265625 0.30859375 0.3671875 0.30859375
7 0.43359375 0.24609375000000006 0.388671875 0.24609375000000006 0.388671875 0.306640625 0.43359375 0.306640625
1 0.498046875 0.24218750000000006 0.453125 0.24218750000000006 0.453125 0.30273437500000006 0.498046875 0.3027343750000001
9 0.560546875 0.23828125000000006 0.517578125 0.23828125000000006 0.517578125 0.2949218750000001 0.560546875 0.2949218750000001
6 0.623046875 0.23437500000000006 0.58203125 0.23437500000000006 0.58203125 0.2910156250000001 0.623046875 0.2910156250000001
8 0.68359375 0.23046875000000008 0.642578125 0.23046875000000006 0.642578125 0.2851562500000001 0.68359375 0.2851562500000001
5 0.74609375 0.2265625000000001 0.705078125 0.2265625000000001 0.705078125 0.2792968750000001 0.74609375 0.2792968750000001
4 0.806640625 0.2226562500000001 0.765625 0.2226562500000001 0.765625 0.2753906250000001 0.806640625 0.2753906250000001