2 0.650390625 0.783203125 0.6171875 0.783203125 0.6171875 0.828125 0.650390625 0.828125
0 0.599609375 0.7265625 0.56640625 0.7265625 0.56640625 0.771484375 0.599609375 0.771484375
3 0.548828125 0.666015625 0.513671875 0.666015625 0.513671875 0.716796875 0.548828125 0.716796875
7 0.4941406250000001 0.607421875 0.4570312500000001 0.607421875 0.4570312500000001 0.658203125 0.4941406250000001 0.658203125
1 0.4394531250000001 0.544921875 0.4003906250000001 0.544921875 0.4003906250000001 0.599609375 0.4394531250000001 0.599609375
9 0.3828125000000001 0.482421875 0.3417968750000001 0.482421875 0.3417968750000001 0.53515625 0.3828125000000001 0.53515625
6 0.32031250000000006 0.4140625 0.28125 0.4140625 0.28125000000000006 0.470703125 0.3203125000000001 0.470703125
8 0.259765625 0.34765625 0.21484375000000006 0.34765625 0.21484375000000006 0.40234375 0.259765625 0.40234375
5 0.18945312500000006 0.2734375 0.14843750000000006 0.2734375 0.14843750000000006 0.33203125 0.18945312500000006 0.33203125
4 0.12109375000000003 0.1953125 0.07617187500000003 0.1953125 0.07617187500000003 0.25390625 0.12109375000000003 0.25390625
10 0.831873267387816 0.984489717060508 0.0850559368085479 0.16992182460639907 0.04380806041560467 0.20773896572527387 0.7906253909948727 1.0223068581793828