10 1.0055775649505172 0.48174864977774645 0.9994435255356531 0.4417995407432592 0.10395855859374999 0.579297978515625 0.11009259800861407 0.6192470875501123
2 0.873046875 0.4609375000000001 0.8125 0.4609375000000001 0.8125 0.513671875 0.873046875 0.513671875
0 0.79296875 0.4746093750000001 0.73828125 0.4746093750000001 0.73828125 0.5234375 0.79296875 0.5234375
3 0.71875 0.4863281250000001 0.66015625 0.4863281250000001 0.66015625 0.53515625 0.71875 0.53515625
7 0.640625 0.5 0.58203125 0.5 0.58203125 0.548828125 0.640625 0.548828125
1 0.560546875 0.51171875 0.505859375 0.51171875 0.505859375 0.560546875 0.560546875 0.560546875
9 0.4824218750000001 0.525390625 0.4277343750000001 0.525390625 0.4277343750000001 0.572265625 0.4824218750000001 0.572265625
6 0.4062500000000001 0.53515625 0.3476562500000001 0.53515625 0.3476562500000001 0.583984375 0.4062500000000001 0.583984375
8 0.3261718750000001 0.546875 0.2695312500000001 0.546875 0.2695312500000001 0.595703125 0.3261718750000001 0.595703125
5 0.24609375000000006 0.556640625 0.18945312500000006 0.556640625 0.18945312500000006 0.609375 0.24609375000000006 0.609375
4 0.16601562500000006 0.568359375 0.10546875000000008 0.568359375 0.10546875000000008 0.623046875 0.16601562500000006 0.623046875