10 0.9158296953125 0.4171775800781252 0.9032484322819514 0.3781500293228276 0.0017202382812500083 0.668774552734375 0.014301501311798692 0.7078021034896727
2 0.2558593750000001 0.6015625 0.21289062500000006 0.6015625 0.21289062500000006 0.6328125 0.2558593750000001 0.6328125
0 0.3359375000000001 0.576171875 0.2929687500000001 0.576171875 0.2929687500000001 0.60546875 0.3359375000000001 0.60546875
3 0.4101562500000001 0.548828125 0.3691406250000001 0.548828125 0.3691406250000001 0.58203125 0.4101562500000001 0.58203125
7 0.4843750000000001 0.52734375 0.4433593750000001 0.52734375 0.4433593750000001 0.556640625 0.4843750000000001 0.556640625
1 0.556640625 0.505859375 0.515625 0.505859375 0.515625 0.53515625 0.556640625 0.53515625
9 0.626953125 0.4804687500000001 0.587890625 0.4804687500000001 0.587890625 0.51171875 0.626953125 0.51171875
6 0.697265625 0.4589843750000001 0.65625 0.4589843750000001 0.65625 0.4882812500000001 0.697265625 0.4882812500000001
8 0.767578125 0.4375000000000001 0.724609375 0.4375000000000001 0.724609375 0.4648437500000001 0.767578125 0.4648437500000001
5 0.8359375 0.4160156250000001 0.791015625 0.4160156250000001 0.791015625 0.4433593750000001 0.8359375 0.4433593750000001
4 0.90625 0.3925781250000001 0.865234375 0.3925781250000001 0.865234375 0.4199218750000001 0.90625 0.4199218750000001