10 0.6296856347656251 0.9895198281249998 0.2767509697325556 0.04365485675334668 0.23541535156249999 0.05907859375000002 0.5883500165955695 1.0049435651216532
2 0.568359375 0.79296875 0.521484375 0.79296875 0.521484375 0.84375 0.568359375 0.84375
0 0.541015625 0.716796875 0.4921875000000001 0.716796875 0.4921875000000001 0.76953125 0.541015625 0.76953125
3 0.513671875 0.638671875 0.4648437500000001 0.638671875 0.4648437500000001 0.693359375 0.513671875 0.693359375
7 0.4804687500000001 0.560546875 0.4355468750000001 0.560546875 0.4355468750000001 0.619140625 0.4804687500000001 0.619140625
1 0.4531250000000001 0.48046875 0.4023437500000001 0.48046875 0.4023437500000001 0.53515625 0.4531250000000001 0.53515625
9 0.42578125000000006 0.40234375 0.375 0.40234375 0.37500000000000006 0.45703125 0.4257812500000001 0.45703125
6 0.39453125 0.31640625 0.34375 0.31640625 0.34375 0.376953125 0.39453125 0.376953125
8 0.36328125 0.23046875000000006 0.30859375 0.23046875000000006 0.30859375 0.29296875 0.36328125 0.29296875
5 0.330078125 0.14257812500000006 0.275390625 0.14257812500000006 0.275390625 0.20703125000000006 0.330078125 0.20703125000000006
4 0.29296875 0.048828125000000035 0.240234375 0.04882812500000003 0.240234375 0.11523437500000003 0.29296875 0.11523437500000003