10 0.455920361328125 0.9636887265625 0.48981769921875 0.961120140625 0.491200529296875 0.9609431015625 0.61311077734375 0.1296030390625 0.579626015625 0.1182519765625 0.455920361328125 0.9636887265625
2 0.4991889451963535 0.7927375254021465 0.030251524268489538 0.04323560944055682
0 0.5086607165439664 0.7208564670513313 0.03415777426848954 0.0435316073659644
3 0.5201083426360671 0.6478508472378124 0.03415777426848976 0.0435316073659644
7 0.5295573842391922 0.5769463513869972 0.03411231477951393 0.0415784823659644
1 0.5399829883423173 0.5059678560548303 0.034203233757465146 0.045484732365964176
9 0.5494320299454423 0.43506336020401515 0.03220464926848976 0.0433836084032605
6 0.5608341965485674 0.36401086539049626 0.03220464926848954 0.0433836084032605
8 0.5702605084072045 0.2940829320396811 0.03220464926848976 0.0433836084032605
5 0.5826392375103296 0.22295643774481033 0.030251524268489538 0.04323560944055671
4 0.5921337386024303 0.15009881689399523 0.03220464926848976 0.0433836084032605