10 0.8748718455383683 0.4455339192840391 0.043581970371797965 0.4084322695495927 0.042035490067804784 0.44308230339055377 0.8733253652343751 0.4801839531250002
2 0.23632812500000006 0.416015625 0.19140625000000006 0.416015625 0.19140625000000006 0.451171875 0.23632812500000006 0.451171875
0 0.30468750000000006 0.41796875 0.259765625 0.41796875 0.25976562500000006 0.45703125 0.3046875000000001 0.45703125
3 0.37695312500000006 0.419921875 0.33203125 0.419921875 0.33203125000000006 0.4609375 0.3769531250000001 0.4609375
7 0.44726562500000006 0.423828125 0.404296875 0.423828125 0.40429687500000006 0.462890625 0.4472656250000001 0.462890625
1 0.517578125 0.4277343750000001 0.47265625 0.4277343750000001 0.47265625000000006 0.4648437500000001 0.517578125 0.4648437500000001
9 0.5859375 0.4316406250000001 0.541015625 0.4316406250000001 0.541015625 0.4687500000000001 0.5859375 0.4687500000000001
6 0.65625 0.4355468750000001 0.611328125 0.4355468750000001 0.611328125 0.4707031250000001 0.65625 0.4707031250000001
8 0.724609375 0.4375000000000001 0.6796875 0.4375000000000001 0.6796875 0.4746093750000001 0.724609375 0.4746093750000001
5 0.794921875 0.4414062500000001 0.75 0.4414062500000001 0.75 0.4765625000000001 0.794921875 0.4765625000000001
4 0.865234375 0.4433593750000001 0.8203125 0.4433593750000001 0.8203125 0.4804687500000001 0.865234375 0.4804687500000001