10 0.7188726386718751 0.17680812890625006 0.07926173172748854 0.14268646181594438 0.07650893359375002 0.19428768359375004 0.7161198405381366 0.2284093506840557
2 0.23046875 0.15039062500000003 0.19140625 0.150390625 0.19140625 0.20117187500000003 0.23046875 0.20117187500000006
0 0.283203125 0.15234375000000006 0.244140625 0.15234375000000006 0.244140625 0.20507812500000006 0.283203125 0.20507812500000006
3 0.337890625 0.15429687500000006 0.29296875 0.15429687500000006 0.29296875 0.20898437500000006 0.337890625 0.20898437500000006
7 0.390625 0.15820312500000006 0.345703125 0.15820312500000006 0.345703125 0.21289062500000006 0.390625 0.21289062500000006
1 0.443359375 0.16210937500000006 0.3984375 0.16210937500000006 0.3984375 0.21679687500000006 0.443359375 0.21679687500000006
9 0.49609375 0.16601562500000006 0.453125 0.16601562500000006 0.453125 0.21875000000000006 0.49609375 0.21875000000000006
6 0.55078125 0.16796875000000006 0.505859375 0.16796875000000006 0.505859375 0.22265625000000006 0.55078125 0.22265625000000006
8 0.603515625 0.17382812500000006 0.5625 0.17382812500000006 0.5625 0.22460937500000006 0.603515625 0.22460937500000006
5 0.66015625 0.17578125000000006 0.6171875 0.17578125000000006 0.6171875 0.22656250000000006 0.66015625 0.22656250000000006
4 0.716796875 0.17773437500000008 0.671875 0.17773437500000006 0.671875 0.23046875000000008 0.716796875 0.2304687500000001