2 0.400390625 0.22070312500000006 0.34375 0.22070312500000006 0.34375 0.26171875 0.400390625 0.26171875
0 0.435546875 0.2890625 0.380859375 0.2890625 0.380859375 0.326171875 0.435546875 0.326171875
3 0.46484375 0.34960937500000006 0.416015625 0.349609375 0.416015625 0.38085937500000006 0.46484375 0.3808593750000001
7 0.4921875 0.40234375000000006 0.443359375 0.40234375 0.443359375 0.43359375000000006 0.4921875 0.4335937500000001
1 0.513671875 0.4472656250000001 0.46875 0.4472656250000001 0.46875000000000006 0.4785156250000001 0.513671875 0.4785156250000001
9 0.537109375 0.4921875000000001 0.4941406250000001 0.4921875000000001 0.4941406250000001 0.515625 0.537109375 0.515625
6 0.5546875 0.533203125 0.517578125 0.533203125 0.517578125 0.556640625 0.5546875 0.556640625
8 0.572265625 0.5703125 0.5390625 0.5703125 0.5390625 0.587890625 0.572265625 0.587890625
5 0.591796875 0.603515625 0.560546875 0.603515625 0.560546875 0.626953125 0.591796875 0.626953125
4 0.603515625 0.634765625 0.578125 0.634765625 0.578125 0.650390625 0.603515625 0.650390625
10 0.6141643135013737 0.6477972775112634 0.2967706717770417 0.03414188419285599 0.23924961523437488 0.06389281250000005 0.5566432569587069 0.6775482058184074