2 0.330078125 0.33203125 0.28125 0.33203125 0.28125 0.388671875 0.330078125 0.388671875
10 0.8659267547307328 0.4810970265789194 0.1799505703125 0.30171797265625 0.16666462808176707 0.35252568826483055 0.8526408124999998 0.5319047421875
0 0.38671875 0.34375 0.337890625 0.34375 0.337890625 0.404296875 0.38671875 0.404296875
3 0.44140625 0.359375 0.392578125 0.359375 0.392578125 0.41796875 0.44140625 0.41796875
7 0.5 0.37500000000000006 0.44921875 0.375 0.44921875 0.43359375000000006 0.5 0.4335937500000001
1 0.556640625 0.3906250000000001 0.505859375 0.3906250000000001 0.505859375 0.4511718750000001 0.556640625 0.4511718750000001
9 0.61328125 0.4062500000000001 0.564453125 0.4062500000000001 0.564453125 0.4648437500000001 0.61328125 0.4648437500000001
6 0.673828125 0.4218750000000001 0.623046875 0.4218750000000001 0.623046875 0.4804687500000001 0.673828125 0.4804687500000001
8 0.734375 0.4375000000000001 0.68359375 0.4375000000000001 0.68359375 0.4960937500000001 0.734375 0.4960937500000001
5 0.796875 0.4511718750000001 0.744140625 0.4511718750000001 0.744140625 0.513671875 0.796875 0.513671875
4 0.86328125 0.4687500000000001 0.80859375 0.4687500000000001 0.80859375 0.529296875 0.86328125 0.529296875