10 0.5804257223522217 0.059592384594887145 0.5244682734375 0.04783312695312506 0.3619636213977784 0.821125629076988 0.41792107031250003 0.8328848867187502
2 0.4648437500000001 0.61328125 0.3984375000000001 0.61328125 0.3984375000000001 0.66796875 0.4648437500000001 0.66796875
0 0.4765625000000001 0.5546875 0.4121093750000001 0.5546875 0.4121093750000001 0.60546875 0.4765625000000001 0.60546875
3 0.4882812500000001 0.49218750000000006 0.4238281250000001 0.4921875 0.4238281250000001 0.546875 0.4882812500000001 0.546875
7 0.501953125 0.43164062500000006 0.435546875 0.431640625 0.43554687500000006 0.48632812500000006 0.501953125 0.4863281250000001
1 0.515625 0.36914062500000006 0.447265625 0.369140625 0.447265625 0.42382812500000006 0.515625 0.4238281250000001
9 0.52734375 0.3085937500000001 0.4609375 0.3085937500000001 0.4609375 0.3632812500000001 0.52734375 0.3632812500000001
6 0.541015625 0.24609375000000006 0.47265625 0.24609375000000006 0.47265625 0.3007812500000001 0.541015625 0.3007812500000001
8 0.5546875 0.18164062500000006 0.484375 0.18164062500000006 0.484375 0.23828125000000006 0.5546875 0.23828125000000006
5 0.568359375 0.11718750000000007 0.5 0.11718750000000006 0.5 0.17382812500000006 0.568359375 0.17382812500000006
4 0.58203125 0.05078125000000007 0.513671875 0.05078125000000007 0.513671875 0.10546875000000007 0.58203125 0.10546875000000008