2 0.107421875 0.1474609375 0.0556640625 0.0390625
0 0.1884765625 0.1474609375 0.0546875 0.037109375
3 0.2685546875 0.1474609375 0.0546875 0.0400390625
7 0.349609375 0.1494140625 0.0537109375 0.0400390625
1 0.427734375 0.150390625 0.05078125 0.0400390625
9 0.50390625 0.15234375 0.048828125 0.0400390625
6 0.5810546875 0.150390625 0.0517578125 0.0390625
8 0.654296875 0.15234375 0.0517578125 0.0390625
5 0.728515625 0.1533203125 0.0498046875 0.037109375
4 0.8046875 0.15234375 0.046875 0.037109375
10 0.829149470703125 0.133833333984375 0.547395171875 0.132323908203125 0.307233134765625 0.12930505859375 0.00067096484375 0.129808283203125 0 0.169052580078125 0.138193783203125 0.167543154296875 0.30992989453125 0.169052580078125 0.550762896484375 0.17056200390625 0.830491072265625 0.171065228515625 0.829149470703125 0.133833333984375