10 0.7726122423163878 0.2709679023442543 0.011337093750000023 0.16734707421875 0.003797834454422746 0.22273604228769422 0.7650729830208105 0.3263568704131985
4 0.765625 0.2675781250000001 0.734375 0.2675781250000001 0.734375 0.3144531250000001 0.765625 0.3144531250000001
5 0.720703125 0.2617187500000001 0.689453125 0.2617187500000001 0.689453125 0.3085937500000001 0.720703125 0.3085937500000001
8 0.673828125 0.2578125000000001 0.642578125 0.2578125000000001 0.642578125 0.3046875000000001 0.673828125 0.3046875000000001
6 0.62890625 0.2519531250000001 0.595703125 0.2519531250000001 0.595703125 0.2988281250000001 0.62890625 0.2988281250000001
9 0.580078125 0.24609375000000006 0.546875 0.24609375000000006 0.546875 0.2949218750000001 0.580078125 0.2949218750000001
7 0.48046875 0.23242187500000006 0.447265625 0.23242187500000006 0.447265625 0.28125000000000006 0.48046875 0.2812500000000001
1 0.53125 0.23828125000000006 0.498046875 0.23828125000000006 0.498046875 0.2851562500000001 0.53125 0.2851562500000001
3 0.42578125 0.22460937500000006 0.390625 0.22460937500000006 0.390625 0.2734375 0.42578125 0.2734375
0 0.37109375 0.21679687500000006 0.3359375 0.21679687500000006 0.3359375 0.267578125 0.37109375 0.267578125
2 0.314453125 0.20898437500000006 0.27734375 0.20898437500000006 0.27734375 0.259765625 0.314453125 0.259765625