4 0.8613153676402716 0.5987728934920409 0.059519349552418 0.04656994886507215
5 0.7824888620108881 0.5815716789564532 0.05548793761535631 0.04450316359851558
8 0.7084825879129737 0.5652049515876698 0.059519349552418 0.04656994886507215
6 0.6353902953465286 0.5497863716522471 0.05548793761535631 0.04450316359851536
9 0.5604074587486143 0.5334480593501028 0.05548793761535631 0.04450316359851536
1 0.48542462215070004 0.5171097470479585 0.05548793761535631 0.04450316359851558
7 0.41135576708425486 0.5017195821791751 0.05548793761535631 0.04450316359851536
3 0.33637293048634054 0.48538126987703073 0.05548793761535631 0.04450316359851547
0 0.2623040754198954 0.46999110500824726 0.05548793761535631 0.04450316359851558
2 0.18530553285345025 0.4546861853393813 0.059519349552418 0.04656994886507215
10 0 0.43364598046875 0.882995576171875 0.622506517578125 0.895629173828125 0.585412056640625 0 0.39446884765625 0 0.43364598046875