2 0.1416015625 0.427734375 0.052734375 0.037109375
0 0.228515625 0.42578125 0.052734375 0.037109375
3 0.3125 0.421875 0.052734375 0.037109375
7 0.3935546875 0.41796875 0.052734375 0.037109375
1 0.47265625 0.4150390625 0.052734375 0.037109375
9 0.552734375 0.412109375 0.048828125 0.03515625
6 0.6328125 0.408203125 0.052734375 0.03515625
8 0.7119140625 0.4052734375 0.04296875 0.0341796875
5 0.7919921875 0.4013671875 0.04296875 0.0341796875
4 0.8720703125 0.3974609375 0.0419921875 0.0341796875
10 0.90180489453125 0.412302580078125 0.897707341796875 0.38660019921875 0.89398247265625 0.379336556640625 0.88876752734375 0.377380953125 0.580796296875 0.389357390625 0.25256712890625 0.403692212890625 0.113611111328125 0.40927976171875 0.0007450390625 0.415705357421875 0.000365080078125 0.453370287109375 0.590033400390625 0.43107068359375 0.88764980078125 0.4167725703125 0.899197419921875 0.415934275390625 0.90180489453125 0.412302580078125