2 0.6655596916233817 0.33063297233499733 0.049794237265731844 0.034908240697839266
0 0.6314727639214022 0.4022072579513984 0.04985106739901024 0.036861365697839266
3 0.6031315509528663 0.46967067968405873 0.049794237265731844 0.034908240697839155
7 0.5699359405509693 0.5382811754865029 0.049907897532288636 0.038814490697839155
1 0.5396416025824333 0.6058128018470769 0.053814147532288636 0.038950899953666296
9 0.509318849547258 0.6723678657076508 0.049907897532288636 0.038814490697839155
6 0.47807636414536114 0.7409101568821814 0.049794237265732066 0.034908240697839155
8 0.44769678097690757 0.8055120957427553 0.049794237265732066 0.034908240697839155
5 0.4164542955750107 0.8740543869172861 0.049794237265732066 0.034908240697839155
4 0.38518339510647465 0.9416201155918167 0.045887987265731955 0.034771831442012235
10 0.459724341796875 0.85625035546875 0.77932098046875 0.154117126953125 0.728241419921875 0.13095782421875 0.572241994140625 0.4574032265625 0.3491398125 0.95016569921875 0.404089615234375 0.973392576171875 0.459724341796875 0.85625035546875