2 0.8516928104444219 0.7876055177934833 0.05423487681409833 0.04481027495366652
0 0.8420387854907555 0.734598324281829 0.054234876814098554 0.04481027495366652
3 0.8314764026650027 0.6835101534562179 0.05625620644201201 0.04683160458157998
7 0.8208458152113363 0.6304688576306068 0.056256206442012235 0.04683160458157998
1 0.8112258925716267 0.5784382266189525 0.056256206442012235 0.04683160458157998
9 0.8015718676179603 0.5254310331072982 0.05430308144201201 0.04676339995366652
6 0.7899306153503372 0.4713790724677304 0.054303081442012235 0.04676339995366641
8 0.7812531528966707 0.4184059812700329 0.05430308144201201 0.04676339995366641
5 0.7715309233150909 0.36344566275837864 0.054303081442012235 0.04676339995366641
4 0.761774591419554 0.30750878174672436 0.054303081442012235 0.04676339995366641
10 0.8500115546875 0.9206435859375 0.9004549921875 0.914777548828125 0.78587090234375 0.28300894140625 0.736454609375 0.29277063671875 0.8500115546875 0.9206435859375