10 0.5285327382812501 0.06632589257812506 0.4719854492187501 0.06632589257812506 0.47198544921875013 0.965375248046875 0.5285327382812502 0.965375248046875
4 0.525390625 0.07031250000000006 0.47265625 0.07031250000000006 0.47265625 0.11132812500000006 0.525390625 0.11132812500000006
5 0.52734375 0.14062500000000006 0.47265625 0.14062500000000006 0.47265625 0.18164062500000006 0.52734375 0.18164062500000006
8 0.52734375 0.21093750000000006 0.474609375 0.21093750000000006 0.474609375 0.2500000000000001 0.52734375 0.2500000000000001
6 0.52734375 0.2753906250000001 0.474609375 0.2753906250000001 0.474609375 0.3203125000000001 0.52734375 0.3203125000000001
9 0.525390625 0.3437500000000001 0.47265625 0.3437500000000001 0.47265625 0.3867187500000001 0.525390625 0.3867187500000001
1 0.525390625 0.4121093750000001 0.47265625 0.4121093750000001 0.47265625 0.4531250000000001 0.525390625 0.4531250000000001
7 0.52734375 0.4785156250000001 0.4746093750000001 0.4785156250000001 0.4746093750000001 0.51953125 0.52734375 0.51953125
3 0.5234375 0.546875 0.4746093750000001 0.546875 0.4746093750000001 0.5859375 0.5234375 0.5859375
0 0.525390625 0.61328125 0.4726562500000001 0.61328125 0.4726562500000001 0.654296875 0.525390625 0.654296875
2 0.52734375 0.677734375 0.4746093750000001 0.677734375 0.4746093750000001 0.71875 0.52734375 0.71875