10 0.7291477821229565 0.8693241278191319 0.5133400310140223 -0.009566144947911581 0.47408466490669077 0.00007284246733149646 0.689892416015625 0.878963115234375
2 0.5546875 0.13085937500000006 0.51171875 0.13085937500000006 0.51171875 0.17968750000000006 0.5546875 0.17968750000000006
0 0.57421875 0.20898437500000006 0.529296875 0.20898437500000006 0.529296875 0.2558593750000001 0.57421875 0.2558593750000001
3 0.59375 0.2871093750000001 0.548828125 0.2871093750000001 0.548828125 0.3339843750000001 0.59375 0.3339843750000001
7 0.611328125 0.3632812500000001 0.56640625 0.3632812500000001 0.56640625 0.4101562500000001 0.611328125 0.4101562500000001
1 0.630859375 0.4355468750000001 0.5859375 0.4355468750000001 0.5859375 0.4863281250000001 0.630859375 0.4863281250000001
9 0.646484375 0.513671875 0.603515625 0.513671875 0.603515625 0.560546875 0.646484375 0.560546875
6 0.666015625 0.587890625 0.625 0.587890625 0.625 0.63671875 0.666015625 0.63671875
8 0.68359375 0.6640625 0.640625 0.6640625 0.640625 0.712890625 0.68359375 0.712890625
5 0.703125 0.740234375 0.662109375 0.740234375 0.662109375 0.787109375 0.703125 0.787109375
4 0.720703125 0.81640625 0.6796875 0.81640625 0.6796875 0.865234375 0.720703125 0.865234375