10 0.7002061933593748 0.9457514980468752 0.24593622332067155 0.17857832850436695 0.19114352929687498 0.21102299218750004 0.6454134993355783 0.9781961617300082
2 0.34375 0.33984375 0.30078125 0.33984375 0.30078125 0.38671875 0.34375 0.38671875
0 0.380859375 0.404296875 0.337890625 0.404296875 0.337890625 0.44921875 0.380859375 0.44921875
3 0.4199218750000001 0.470703125 0.3750000000000001 0.470703125 0.3750000000000001 0.513671875 0.4199218750000001 0.513671875
7 0.4589843750000001 0.53515625 0.4140625000000001 0.53515625 0.4140625000000001 0.578125 0.4589843750000001 0.578125
1 0.4960937500000001 0.595703125 0.4472656250000001 0.595703125 0.4472656250000001 0.640625 0.4960937500000001 0.640625
9 0.53515625 0.662109375 0.4863281250000001 0.662109375 0.4863281250000001 0.703125 0.53515625 0.703125
6 0.572265625 0.724609375 0.521484375 0.724609375 0.521484375 0.767578125 0.572265625 0.767578125
8 0.611328125 0.7890625 0.55859375 0.7890625 0.55859375 0.833984375 0.611328125 0.833984375
5 0.64453125 0.85546875 0.599609375 0.85546875 0.599609375 0.89453125 0.64453125 0.89453125
4 0.6855468750000002 0.91796875 0.6347656250000002 0.91796875 0.6347656250000002 0.958984375 0.6855468750000002 0.958984375