10 1.0380664486723907 0.9146527846575725 0.7319883670726157 0.09747632348780677 0.6763470316065145 0.11831710149153804 0.9824251132062896 0.9354935626613038
4 0.75 0.11132812500000008 0.6875 0.11132812500000008 0.6875 0.1601562500000001 0.75 0.1601562500000001
5 0.775390625 0.1738281250000001 0.708984375 0.1738281250000001 0.708984375 0.2285156250000001 0.775390625 0.2285156250000001
8 0.80078125 0.2402343750000001 0.734375 0.2402343750000001 0.734375 0.2968750000000001 0.80078125 0.2968750000000001
6 0.82421875 0.3066406250000001 0.7578125 0.3066406250000001 0.7578125 0.3632812500000001 0.82421875 0.3632812500000001
9 0.84765625 0.3769531250000001 0.78125 0.3769531250000001 0.78125 0.4316406250000001 0.84765625 0.4316406250000001
1 0.876953125 0.4414062500000001 0.8046875 0.4414062500000001 0.8046875 0.501953125 0.876953125 0.501953125
7 0.8984375 0.51171875 0.83203125 0.51171875 0.83203125 0.56640625 0.8984375 0.56640625
3 0.927734375 0.5781250000000001 0.85546875 0.578125 0.85546875 0.6386718750000001 0.927734375 0.6386718750000002
0 0.955078125 0.6523437500000001 0.884765625 0.65234375 0.884765625 0.7109375000000001 0.955078125 0.7109375000000002
2 0.984375 0.7226562500000002 0.912109375 0.7226562500000002 0.912109375 0.7812500000000002 0.984375 0.7812500000000002