10 1.0002751948281774 0.49007616631799766 0.9909596464812837 0.44242793497811217 0.027993851562500005 0.630694197265625 0.03730939990939383 0.6783424286055105
4 1 0.4414062500000001 0.9609375 0.4414062500000001 0.9609375 0.4941406250000001 1 0.4941406250000001
5 0.939453125 0.4531250000000001 0.865234375 0.4531250000000001 0.865234375 0.5175781250000001 0.939453125 0.5175781250000002
8 0.84375 0.4726562500000001 0.77734375 0.4726562500000001 0.77734375 0.533203125 0.84375 0.533203125
6 0.75390625 0.4843750000000001 0.6875 0.4843750000000001 0.6875 0.55078125 0.75390625 0.55078125
9 0.6640625 0.50390625 0.595703125 0.50390625 0.595703125 0.56640625 0.6640625 0.56640625
1 0.572265625 0.5234375 0.5078125 0.5234375 0.5078125 0.5859375 0.572265625 0.5859375
7 0.4843750000000001 0.54296875 0.4199218750000001 0.54296875 0.4199218750000001 0.603515625 0.4843750000000001 0.603515625
3 0.3906250000000001 0.55859375 0.3261718750000001 0.55859375 0.3261718750000001 0.62109375 0.3906250000000001 0.62109375
0 0.3046875000000001 0.576171875 0.23437500000000006 0.576171875 0.23437500000000006 0.640625 0.3046875000000001 0.640625
2 0.21289062500000006 0.59375 0.14062500000000006 0.59375 0.14062500000000006 0.658203125 0.21289062500000006 0.658203125