10 0.608244369140625 0.9562500937499999 0.447492240234375 0.042997851562499995 0.3816770722522368 0.05458274331388428 0.5424292011584867 0.9678349855013841
2 0.568359375 0.705078125 0.501953125 0.705078125 0.501953125 0.76171875 0.568359375 0.76171875
0 0.556640625 0.6328125 0.4902343750000001 0.6328125 0.4902343750000001 0.689453125 0.556640625 0.689453125
3 0.54296875 0.560546875 0.4765625000000001 0.560546875 0.4765625000000001 0.6171875 0.54296875 0.6171875
7 0.529296875 0.4863281250000001 0.4628906250000001 0.4863281250000001 0.4628906250000001 0.54296875 0.529296875 0.54296875
1 0.51953125 0.41406250000000006 0.451171875 0.4140625 0.45117187500000006 0.47070312500000006 0.51953125 0.4707031250000001
9 0.505859375 0.34179687500000006 0.439453125 0.341796875 0.439453125 0.39843750000000006 0.505859375 0.3984375000000001
6 0.490234375 0.26757812500000006 0.423828125 0.267578125 0.423828125 0.32617187500000006 0.490234375 0.3261718750000001
8 0.48046875 0.19531250000000006 0.412109375 0.19531250000000006 0.412109375 0.25195312500000006 0.48046875 0.2519531250000001
5 0.46875 0.11914062500000006 0.396484375 0.11914062500000006 0.396484375 0.17773437500000006 0.46875 0.17773437500000006
4 0.455078125 0.04492187500000005 0.384765625 0.04492187500000004 0.384765625 0.10156250000000006 0.455078125 0.10156250000000006