2 0.08984375 0.263671875 0.046875 0.0380859375
0 0.169921875 0.263671875 0.048828125 0.0380859375
3 0.251953125 0.265625 0.048828125 0.0380859375
7 0.337890625 0.265625 0.05078125 0.0390625
1 0.4208984375 0.2666015625 0.05078125 0.0390625
9 0.5068359375 0.2666015625 0.05078125 0.0390625
6 0.5966796875 0.2666015625 0.052734375 0.041015625
8 0.6865234375 0.2666015625 0.0537109375 0.0400390625
5 0.7802734375 0.265625 0.0546875 0.041015625
4 0.8779296875 0.2646484375 0.05078125 0.0400390625
10 0 0.285034474609375 0.909837962890625 0.287358134765625 0.910870701171875 0.24320858203125 0 0.244757689453125 0 0.285034474609375