10 0.957717209339089 0.6283541326235709 0.9480098578384166 0.5873059246666998 -0.009707351500672284 0.8137932197775042 2.7755575615628914e-17 0.8548414277343752
2 0.775390625 0.6328125 0.71484375 0.6328125 0.71484375 0.681640625 0.775390625 0.681640625
0 0.693359375 0.65234375 0.6328125 0.65234375 0.6328125 0.701171875 0.693359375 0.701171875
3 0.61328125 0.669921875 0.552734375 0.669921875 0.552734375 0.720703125 0.61328125 0.720703125
7 0.529296875 0.689453125 0.4707031250000001 0.689453125 0.4707031250000001 0.73828125 0.529296875 0.73828125
1 0.4511718750000001 0.708984375 0.3906250000000001 0.708984375 0.3906250000000001 0.7578125 0.4511718750000001 0.7578125
9 0.3671875000000001 0.7265625 0.3085937500000001 0.7265625 0.3085937500000001 0.77734375 0.3671875000000001 0.77734375
6 0.2851562500000001 0.74609375 0.2265625000000001 0.74609375 0.2265625000000001 0.796875 0.2851562500000001 0.796875
8 0.2050781250000001 0.765625 0.1445312500000001 0.765625 0.1445312500000001 0.818359375 0.2050781250000001 0.818359375
5 0.1191406250000001 0.787109375 0.0605468750000001 0.787109375 0.0605468750000001 0.837890625 0.11914062500000011 0.837890625
4 0.037109375000000104 0.80859375 9.902417477480551e-17 0.80859375 1.0201403512428636e-16 0.857421875 0.03710937500000011 0.857421875