10 0.46637397875234327 0.1585945822756253 0.4198556105306854 0.1481560933938434 0.23045824414062507 0.9921917128906252 0.276976612362283 1.0026302017724071
2 0.3007812500000001 0.857421875 0.2558593750000001 0.857421875 0.2558593750000001 0.912109375 0.3007812500000001 0.912109375
0 0.3242187500000001 0.76171875 0.2812500000000001 0.76171875 0.2812500000000001 0.8125 0.3242187500000001 0.8125
3 0.3437500000000001 0.671875 0.3007812500000001 0.671875 0.3007812500000001 0.720703125 0.3437500000000001 0.720703125
7 0.3632812500000001 0.5859375 0.3242187500000001 0.5859375 0.3242187500000001 0.6328125 0.3632812500000001 0.6328125
1 0.3808593750000001 0.5078125 0.3417968750000001 0.5078125 0.3417968750000001 0.552734375 0.3808593750000001 0.552734375
9 0.40039062500000006 0.435546875 0.361328125 0.435546875 0.36132812500000006 0.474609375 0.4003906250000001 0.474609375
6 0.416015625 0.361328125 0.376953125 0.361328125 0.376953125 0.3984375 0.416015625 0.3984375
8 0.431640625 0.29296875 0.392578125 0.29296875 0.392578125 0.330078125 0.431640625 0.330078125
5 0.4453125 0.22851562500000006 0.41015625 0.22851562500000006 0.41015625 0.26171875 0.4453125 0.26171875
4 0.458984375 0.16210937500000006 0.423828125 0.16210937500000006 0.423828125 0.19531250000000006 0.458984375 0.19531250000000006