10 0.8831744735924154 0.8558035843310329 0.0017430546875001037 0.850726685546875 0.0014988384466707158 0.8931265593331279 0.882930257351586 0.8982034581172857
2 0.1718750000000001 0.853515625 0.1250000000000001 0.853515625 0.1250000000000001 0.89453125 0.1718750000000001 0.89453125
0 0.2460937500000001 0.853515625 0.1992187500000001 0.853515625 0.1992187500000001 0.89453125 0.2460937500000001 0.89453125
3 0.3242187500000001 0.853515625 0.2753906250000001 0.853515625 0.2753906250000001 0.896484375 0.3242187500000001 0.896484375
7 0.4023437500000001 0.85546875 0.3554687500000001 0.85546875 0.3554687500000001 0.8984375 0.4023437500000001 0.8984375
1 0.4804687500000001 0.853515625 0.4296875000000001 0.853515625 0.4296875000000001 0.8984375 0.4804687500000001 0.8984375
9 0.5625 0.853515625 0.509765625 0.853515625 0.509765625 0.896484375 0.5625 0.896484375
6 0.638671875 0.85546875 0.5859375 0.85546875 0.5859375 0.8984375 0.638671875 0.8984375
8 0.71875 0.85546875 0.666015625 0.85546875 0.666015625 0.8984375 0.71875 0.8984375
5 0.796875 0.857421875 0.744140625 0.857421875 0.744140625 0.8984375 0.796875 0.8984375
4 0.880859375 0.85546875 0.82421875 0.85546875 0.82421875 0.8984375 0.880859375 0.8984375