10 0.954354166015625 0.279068701171875 0.0011978874360802708 0.25202778248606555 -0.00003663334001948945 0.29554299150867497 0.9531196452395252 0.3225839101944844
2 0.19335937500000006 0.2578125 0.13867187500000006 0.2578125 0.13867187500000006 0.296875 0.19335937500000006 0.296875
0 0.27734375 0.26171875 0.22265625000000006 0.26171875 0.22265625000000006 0.296875 0.27734375 0.296875
3 0.359375 0.265625 0.306640625 0.265625 0.306640625 0.302734375 0.359375 0.302734375
7 0.447265625 0.267578125 0.39453125 0.267578125 0.39453125 0.3046875 0.447265625 0.3046875
1 0.52734375 0.2695312500000001 0.4765625 0.2695312500000001 0.4765625 0.3085937500000001 0.52734375 0.3085937500000001
9 0.609375 0.2714843750000001 0.560546875 0.2714843750000001 0.560546875 0.3105468750000001 0.609375 0.3105468750000001
6 0.693359375 0.2734375000000001 0.642578125 0.2734375000000001 0.642578125 0.3125000000000001 0.693359375 0.3125000000000001
8 0.77734375 0.2753906250000001 0.7265625 0.2753906250000001 0.7265625 0.3144531250000001 0.77734375 0.3144531250000001
5 0.859375 0.2773437500000001 0.8125 0.2773437500000001 0.8125 0.3164062500000001 0.859375 0.3164062500000001
4 0.947265625 0.2812500000000001 0.896484375 0.2812500000000001 0.896484375 0.3183593750000001 0.947265625 0.3183593750000001