2 0.25615030011732415 0.8470492611232767 0.047579526674885964 0.06382469430985216
0 0.2531858384388588 0.760271774427854 0.047511346674090627 0.05796531930985216
3 0.2492448142603934 0.6735625756347197 0.04753407334102233 0.05991844430985216
7 0.24529242674846216 0.5858768143415855 0.04948719834102239 0.0600550201144292
1 0.24136276590346267 0.5001441780484511 0.04944174500715881 0.0561487701144292
9 0.23644517922499733 0.4135032671576055 0.05144032334102239 0.06019159591900636
6 0.23248142837960015 0.3248409433644712 0.05141759667409057 0.05823847091900647
8 0.22657591586766887 0.23729175787591417 0.05144032334102239 0.06019159591900636
5 0.22164696585573762 0.14967428448506853 0.05144032334102233 0.06019159591900636
4 0.21664983584301092 0.05619743609422285 0.049441745007158755 0.05614877011442922
10 0.206125759765625 0.02600612109375 0.19189870703125 0.029260314453125 0.20722759765625 0.288257158203125 0.243343771484375 0.98379741796875 0.288663287109375 0.980628369140625 0.238744896484375 0.02949695703125 0.206125759765625 0.02600612109375