10 0.3989766855468752 0.10184953710937505 0.36953797837350644 0.10056676014107634 0.33107170884225634 0.9833369320160764 0.3605104160156251 0.9846197089843751
4 0.396484375 0.10546875000000006 0.37109375 0.10546875000000006 0.37109375 0.14257812500000006 0.396484375 0.14257812500000006
5 0.39453125 0.16601562500000006 0.369140625 0.16601562500000006 0.369140625 0.20507812500000006 0.39453125 0.20507812500000006
8 0.392578125 0.22851562500000006 0.365234375 0.22851562500000006 0.365234375 0.265625 0.392578125 0.265625
6 0.390625 0.2890625 0.365234375 0.2890625 0.365234375 0.326171875 0.390625 0.326171875
9 0.388671875 0.3515625 0.36328125 0.3515625 0.36328125 0.388671875 0.388671875 0.388671875
1 0.384765625 0.412109375 0.359375 0.412109375 0.359375 0.451171875 0.384765625 0.451171875
7 0.3828125000000001 0.474609375 0.3574218750000001 0.474609375 0.3574218750000001 0.51171875 0.3828125000000001 0.51171875
3 0.3789062500000001 0.537109375 0.3535156250000001 0.537109375 0.3535156250000001 0.576171875 0.3789062500000001 0.576171875
0 0.3789062500000001 0.59765625 0.3515625000000001 0.59765625 0.3515625000000001 0.634765625 0.3789062500000001 0.634765625
2 0.3750000000000001 0.662109375 0.3496093750000001 0.662109375 0.3496093750000001 0.69921875 0.3750000000000001 0.69921875