2 0.29418227548172693 0.6431023950312649 0.05614220364722233 0.06568518415851488
0 0.36862832292660536 0.6290140201018521 0.048284244158246614 0.06327703285015529
3 0.4363293518494352 0.6114175431922536 0.048284244158246614 0.06327703285015551
7 0.500964314805338 0.5998510761482898 0.04428707518029529 0.05914326969597594
1 0.5627377794947044 0.5855255564699609 0.044287075180295066 0.05914326969597594
9 0.6204686157171435 0.5772869249458112 0.04028990620234385 0.05500950654179615
6 0.6793123929065099 0.563132040133117 0.04028990620234385 0.05500950654179615
8 0.7342044606069005 0.5511577934746023 0.04028990620234385 0.05500950654179615
5 0.7890510688183154 0.5411366718160875 0.04028990620234385 0.05500950654179615
4 0.8380383020297304 0.5314568198888423 0.03638365620234385 0.0547819933876168
10 0.5254324765625 0.5645168828125 0.264886123046875 0.61567966796875 0.1082486953125 0.648685544921875 0.11389636328125 0.7147493828125 0.5973296953125 0.6095953125 0.857556564453125 0.558473408203125 0.854991435546875 0.50371253515625 0.5254324765625 0.5645168828125