10 0.3563567832031252 6.245004513516506e-17 0.3206848537566406 -0.0038597277277781852 0.22888779713929086 0.8445364178039629 0.2645597265857755 0.8483961455317413
2 0.337890625 0.18359375000000006 0.29296875 0.18359375000000006 0.29296875 0.24023437500000006 0.337890625 0.24023437500000006
0 0.330078125 0.255859375 0.28515625 0.255859375 0.28515625 0.3125 0.330078125 0.3125
3 0.322265625 0.326171875 0.27734375 0.326171875 0.27734375 0.3828125 0.322265625 0.3828125
7 0.318359375 0.396484375 0.271484375 0.396484375 0.271484375 0.453125 0.318359375 0.453125
1 0.3085937500000001 0.46484375 0.2636718750000001 0.46484375 0.2636718750000001 0.521484375 0.3085937500000001 0.521484375
9 0.3027343750000001 0.533203125 0.2597656250000001 0.533203125 0.2597656250000001 0.587890625 0.3027343750000001 0.587890625
6 0.2968750000000001 0.6015625 0.2500000000000001 0.6015625 0.2500000000000001 0.654296875 0.2968750000000001 0.654296875
8 0.2851562500000001 0.66796875 0.24218750000000006 0.66796875 0.24218750000000008 0.720703125 0.2851562500000001 0.720703125
5 0.2792968750000001 0.732421875 0.2363281250000001 0.732421875 0.2363281250000001 0.78515625 0.2792968750000001 0.78515625
4 0.2714843750000001 0.8046875 0.2285156250000001 0.8046875 0.2285156250000001 0.8515625 0.2714843750000001 0.8515625