10 0.7525967051335363 0.036955385775281735 0.7168757724937144 -0.0003084950869600145 -0.033712997092946784 0.7192013964815083 0.0020079355468750615 0.7564652773437501
2 0.21875000000000006 0.51171875 0.17773437500000006 0.51171875 0.17773437500000006 0.5390625 0.21875000000000006 0.5390625
0 0.28515625000000006 0.451171875 0.24609375000000006 0.451171875 0.24609375000000006 0.474609375 0.2851562500000001 0.474609375
3 0.345703125 0.39453125 0.3046875 0.39453125 0.3046875 0.41796875 0.345703125 0.41796875
7 0.408203125 0.3359375 0.365234375 0.3359375 0.365234375 0.359375 0.408203125 0.359375
1 0.46484375 0.28320312500000006 0.42578125 0.283203125 0.42578125 0.30468750000000006 0.46484375 0.3046875000000001
9 0.51953125 0.23242187500000006 0.48046875 0.23242187500000006 0.48046875 0.2519531250000001 0.51953125 0.2519531250000001
6 0.576171875 0.17773437500000006 0.53515625 0.17773437500000006 0.53515625 0.19921875000000006 0.576171875 0.19921875000000006
8 0.62890625 0.13085937500000006 0.587890625 0.13085937500000006 0.587890625 0.14843750000000006 0.62890625 0.14843750000000006
5 0.681640625 0.08203125000000008 0.642578125 0.08203125000000008 0.642578125 0.09960937500000008 0.681640625 0.09960937500000008
4 0.728515625 0.03710937500000008 0.69140625 0.03710937500000008 0.69140625 0.05468750000000008 0.728515625 0.05468750000000008