10 0.8217592597656255 0.13392857226562513 0.7672852656866541 0.1317205597126526 0.7358468782643831 0.9073386729283796 0.7903208723433545 0.9095466854813521
2 0.8046875 0.72265625 0.748046875 0.72265625 0.748046875 0.763671875 0.8046875 0.763671875
0 0.806640625 0.66015625 0.75 0.66015625 0.75 0.701171875 0.806640625 0.701171875
3 0.80859375 0.59765625 0.751953125 0.59765625 0.751953125 0.638671875 0.80859375 0.638671875
7 0.810546875 0.533203125 0.751953125 0.533203125 0.751953125 0.57421875 0.810546875 0.57421875
1 0.8125 0.4707031250000001 0.755859375 0.4707031250000001 0.755859375 0.51171875 0.8125 0.51171875
9 0.8125 0.4062500000000001 0.755859375 0.4062500000000001 0.755859375 0.4472656250000001 0.8125 0.4472656250000001
6 0.81640625 0.3398437500000001 0.759765625 0.3398437500000001 0.759765625 0.3828125000000001 0.81640625 0.3828125000000001
8 0.8203125 0.2753906250000001 0.76171875 0.2753906250000001 0.76171875 0.3183593750000001 0.8203125 0.3183593750000001
5 0.822265625 0.2070312500000001 0.765625 0.2070312500000001 0.765625 0.2480468750000001 0.822265625 0.2480468750000001
4 0.826171875 0.1367187500000001 0.767578125 0.1367187500000001 0.767578125 0.1796875000000001 0.826171875 0.1796875000000001