10 0.802284212890625 0.008455033203125156 0.7204025055156367 -0.010635149421347634 0.5215382913189774 0.8423342387988226 0.6034199986939658 0.8614244214232954
2 0.740234375 0.2500000000000001 0.658203125 0.2500000000000001 0.658203125 0.3222656250000001 0.740234375 0.3222656250000001
0 0.71875 0.3339843750000001 0.63671875 0.3339843750000001 0.63671875 0.4023437500000001 0.71875 0.4023437500000001
3 0.69921875 0.4121093750000001 0.623046875 0.4121093750000001 0.623046875 0.4726562500000001 0.69921875 0.4726562500000001
7 0.6796875 0.4843750000000001 0.607421875 0.4843750000000001 0.607421875 0.541015625 0.6796875 0.541015625
1 0.6640625 0.546875 0.595703125 0.546875 0.595703125 0.599609375 0.6640625 0.599609375
9 0.646484375 0.607421875 0.58203125 0.607421875 0.58203125 0.654296875 0.646484375 0.654296875
6 0.634765625 0.6640625 0.5703125 0.6640625 0.5703125 0.708984375 0.634765625 0.708984375
8 0.62109375 0.71484375 0.560546875 0.71484375 0.560546875 0.7578125 0.62109375 0.7578125
5 0.609375 0.76171875 0.55078125 0.76171875 0.55078125 0.80078125 0.609375 0.80078125
4 0.595703125 0.80859375 0.541015625 0.80859375 0.541015625 0.84765625 0.595703125 0.84765625