10 0.9372930312500002 0.34376141015625006 0.019244162109375025 0.16383305859375 0.012769919832894265 0.19686660082792648 0.9308187889735194 0.3767949523904265
2 0.21093750000000003 0.20703125 0.181640625 0.20703125 0.18164062500000003 0.23046875 0.21093750000000006 0.23046875
0 0.28125 0.22070312500000006 0.25 0.22070312500000006 0.25 0.24609375000000006 0.28125 0.24609375000000006
3 0.349609375 0.23828125000000006 0.314453125 0.23828125000000006 0.314453125 0.263671875 0.349609375 0.263671875
7 0.423828125 0.24804687500000006 0.384765625 0.24804687500000006 0.384765625 0.275390625 0.423828125 0.275390625
1 0.5 0.2617187500000001 0.455078125 0.2617187500000001 0.455078125 0.2910156250000001 0.5 0.2910156250000001
9 0.580078125 0.2773437500000001 0.533203125 0.2773437500000001 0.533203125 0.3066406250000001 0.580078125 0.3066406250000001
6 0.6640625 0.2910156250000001 0.609375 0.2910156250000001 0.609375 0.3222656250000001 0.6640625 0.3222656250000001
8 0.74609375 0.3066406250000001 0.689453125 0.3066406250000001 0.689453125 0.3359375000000001 0.74609375 0.3359375000000001
5 0.833984375 0.3222656250000001 0.77734375 0.3222656250000001 0.77734375 0.3515625000000001 0.833984375 0.3515625000000001
4 0.927734375 0.3359375000000001 0.865234375 0.3359375000000001 0.865234375 0.3710937500000001 0.927734375 0.3710937500000001