10 1.021760532299623 0.4857842325184113 0.9893152944874728 0.4341031030528999 0.08957407421875008 0.9989575898437502 0.12201931203090027 1.0506387193092617
2 0.2929687500000001 0.904296875 0.2402343750000001 0.904296875 0.2402343750000001 0.947265625 0.2929687500000001 0.947265625
0 0.3808593750000001 0.8515625 0.3261718750000001 0.8515625 0.3261718750000001 0.890625 0.3808593750000001 0.890625
3 0.4687500000000001 0.794921875 0.4160156250000001 0.794921875 0.4160156250000001 0.8359375 0.4687500000000001 0.8359375
7 0.5546875 0.740234375 0.501953125 0.740234375 0.501953125 0.78125 0.5546875 0.78125
1 0.6328125 0.6875 0.5859375 0.6875 0.5859375 0.73046875 0.6328125 0.73046875
9 0.7109375 0.638671875 0.666015625 0.638671875 0.666015625 0.677734375 0.7109375 0.677734375
6 0.787109375 0.58984375 0.740234375 0.58984375 0.740234375 0.630859375 0.787109375 0.630859375
8 0.861328125 0.548828125 0.814453125 0.548828125 0.814453125 0.58203125 0.861328125 0.58203125
5 0.9296875 0.5058593750000001 0.88671875 0.505859375 0.88671875 0.5371093750000001 0.9296875 0.5371093750000002
4 1 0.4628906250000001 0.955078125 0.4628906250000001 0.955078125 0.4882812500000001 1 0.4882812500000001