4 0.053212675532773035 0.7601148808600962 0.042038382710637756 0.06122215067829462
5 0.11062531149064547 0.7755259080034149 0.042038382710637756 0.06122215067829462
8 0.1670784309103619 0.7898977916782027 0.043991507710637756 0.06134731261535631
6 0.22546762936823433 0.8053713997900522 0.045944632710637756 0.061472474552418
9 0.2868035612879508 0.8200561883074944 0.04597872463432573 0.063425599552418
1 0.3471458847458232 0.8356549583564055 0.04793184963432573 0.06355076148947969
7 0.4084306787800077 0.8532694343738476 0.04991906655801359 0.06562904842654138
3 0.4736217228141923 0.8711342342654129 0.053859408481701565 0.06783249730066476
0 0.5407829378102207 0.8881476335940398 0.053859408481701454 0.06783249730066454
2 0.6098461399207173 0.9082158823597284 0.053859408481701454 0.06783249730066476
10 0.940260408203125 1 0.944939587890625 0.962078244140625 0.52561159765625 0.851076138671875 0.33111569921875 0.80126146875 0.200960072265625 0.768770216796875 0.036169623046875 0.728002064453125 0.028294833984375 0.782025498046875 0.082173931640625 0.795971396484375 0.251312126953125 0.840685984375 0.495794751953125 0.906996302734375 0.630696005859375 0.945105421875 0.828094240234375 1 0.940260408203125 1