10 0.925928240234375 0.5024650292968751 0.9256157277323633 0.46505905901980304 0.00081363267250276 0.4727854250103683 0.0011261451745145082 0.5101913952874403
2 0.23242187500000006 0.474609375 0.18554687500000006 0.474609375 0.18554687500000006 0.5078125 0.23242187500000006 0.5078125
0 0.3066406250000001 0.474609375 0.2617187500000001 0.474609375 0.2617187500000001 0.5078125 0.3066406250000001 0.5078125
3 0.3828125000000001 0.474609375 0.3339843750000001 0.474609375 0.3339843750000001 0.505859375 0.3828125000000001 0.505859375
7 0.4589843750000001 0.47265625000000006 0.4121093750000001 0.47265625 0.4121093750000001 0.505859375 0.4589843750000001 0.505859375
1 0.533203125 0.4726562500000001 0.4882812500000001 0.4726562500000001 0.4882812500000001 0.505859375 0.533203125 0.505859375
9 0.609375 0.4726562500000001 0.564453125 0.4726562500000001 0.564453125 0.505859375 0.609375 0.505859375
6 0.685546875 0.4707031250000001 0.638671875 0.4707031250000001 0.638671875 0.50390625 0.685546875 0.50390625
8 0.763671875 0.4707031250000001 0.716796875 0.4707031250000001 0.716796875 0.50390625 0.763671875 0.50390625
5 0.83984375 0.4667968750000001 0.794921875 0.4667968750000001 0.794921875 0.50390625 0.83984375 0.50390625
4 0.921875 0.4667968750000001 0.875 0.4667968750000001 0.875 0.5019531250000001 0.921875 0.5019531250000002