10 0.49282050154757184 0.9684424335755439 0.4561825503430021 -0.0013837227289369494 0.419554669921875 0 0.45619262112644476 0.9698261563044809
2 0.4882812500000001 0.8984375 0.4589843750000001 0.8984375 0.4589843750000001 0.935546875 0.4882812500000001 0.935546875
0 0.4882812500000001 0.796875 0.4550781250000001 0.796875 0.4550781250000001 0.83984375 0.4882812500000001 0.83984375
3 0.4863281250000001 0.69921875 0.4531250000000001 0.69921875 0.4531250000000001 0.748046875 0.4863281250000001 0.748046875
7 0.4843750000000001 0.59375 0.4492187500000001 0.59375 0.4492187500000001 0.646484375 0.4843750000000001 0.646484375
1 0.4804687500000001 0.49218750000000006 0.4453125000000001 0.4921875 0.4453125000000001 0.55078125 0.4804687500000001 0.55078125
9 0.4765625 0.38867187500000006 0.439453125 0.388671875 0.439453125 0.45312500000000006 0.4765625 0.4531250000000001
6 0.47265625 0.29296875000000006 0.435546875 0.29296875 0.435546875 0.35546875000000006 0.47265625 0.3554687500000001
8 0.466796875 0.19140625000000006 0.43359375 0.19140625000000006 0.43359375 0.24804687500000006 0.466796875 0.24804687500000006
5 0.4609375 0.08984375000000006 0.427734375 0.08984375000000006 0.427734375 0.14062500000000006 0.4609375 0.14062500000000006
4 0.45703125 5.3697891876675935e-17 0.419921875 5.14255980110705e-17 0.419921875 0.025390625000000052 0.45703125 0.025390625000000056