10 0.16855178483802313 0.982422689363858 0.1521784527614534 0.020852632708220423 0.104258571793485 0.02166859834559387 0.12063190387005476 0.9832386550012315
2 0.154296875 0.11328125000000001 0.1015625 0.11328125 0.10156250000000001 0.171875 0.154296875 0.171875
0 0.15625000000000003 0.197265625 0.10351562500000003 0.197265625 0.10351562500000003 0.2578125 0.15625000000000006 0.2578125
3 0.15820312500000006 0.279296875 0.10546875000000003 0.279296875 0.10546875000000004 0.34375 0.15820312500000006 0.34375
7 0.16210937500000006 0.369140625 0.10742187500000006 0.369140625 0.10742187500000006 0.431640625 0.16210937500000006 0.431640625
1 0.16406250000000006 0.455078125 0.10937500000000006 0.455078125 0.10937500000000006 0.51953125 0.16406250000000006 0.51953125
9 0.16601562500000006 0.54296875 0.11132812500000006 0.54296875 0.11132812500000007 0.607421875 0.16601562500000006 0.607421875
6 0.16796875000000008 0.6328125 0.11328125000000008 0.6328125 0.11328125000000008 0.697265625 0.1679687500000001 0.697265625
8 0.1699218750000001 0.724609375 0.11328125000000008 0.724609375 0.11328125000000008 0.787109375 0.1699218750000001 0.787109375
5 0.1718750000000001 0.818359375 0.11523437500000011 0.818359375 0.11523437500000011 0.880859375 0.1718750000000001 0.880859375
4 0.1718750000000001 0.91015625 0.11718750000000011 0.91015625 0.11718750000000011 0.978515625 0.1718750000000001 0.978515625