2 0.6977584633808167 0.8025622025809456 0.06172882171336802 0.052190494158246725
0 0.6990516092776916 0.732181513347482 0.06172882171336802 0.052190494158246725
3 0.7023206099190544 0.6627319271250428 0.059684777735416805 0.048238784669270895
7 0.703659215304905 0.5943043628915793 0.061637902735416805 0.0482842441582465
1 0.7050887396687071 0.5297830486581157 0.061637902735416805 0.048284244158246725
9 0.7084941187769969 0.4661928374356765 0.057686193246440975 0.04624020018029529
6 0.7099691026297746 0.40362464820221294 0.05959385875746537 0.044332534669270895
8 0.712466108471528 0.34298685422426156 0.05564214926848976 0.04228849069131946
5 0.7149176548243058 0.2803959352463102 0.05173589926848954 0.04219757171336813
4 0.7163926386770836 0.21782774601284663 0.05173589926848976 0.042197571713368076
10 0.6603202109375 0.976243859375 0.72187868359375 0.9803943359375 0.7445319296875 0.20103553515625 0.690958955078125 0.194174087890625 0.6603202109375 0.976243859375