2 0.12753883471360833 0.9261197466283853 0.07140344155801359 0.06413654160312499
0 0.22769862316750925 0.899364520446137 0.07925003348170151 0.06627150455902786
3 0.32787545758325415 0.8735858567638887 0.07530969155801359 0.06422746058107642
7 0.430022462960843 0.8487382960926646 0.07729690848170145 0.06622604507005203
1 0.5292227348765879 0.8229823621549042 0.07729690848170145 0.06622604507005203
9 0.6264869277541768 0.7982484502061193 0.07332247463432573 0.062228876092100815
6 0.7237511206317657 0.7735145382573345 0.07328838271063765 0.060275751092100815
8 0.8200557969711986 0.7497799185530376 0.07133525771063765 0.060230291603124986
5 0.9154009567724752 0.7270445910932284 0.06938213271063765 0.06018483211414938
4 0.9894667999164506 0.701720522300737 0.02106640016709882 0.059366561312586885
10 1 0.68234564453125 0.09195890625 0.908650810546875 0.103462857421875 0.9584180234375 1 0.73036003125 1 0.68234564453125