2 0.6438821617210446 0.5999204990655738 0.022033894695975942 0.04399233943912195
0 0.6055494478773917 0.5685252657153739 0.02226140785015529 0.04789858943912195
3 0.5634242406108287 0.5349721894773496 0.02226140785015529 0.04789858943912195
7 0.5184831024213554 0.499312449823457 0.02421453285015529 0.04800094838303415
1 0.4699201056746068 0.45856517978174016 0.024669559158514764 0.05581344838303415
9 0.41756461550494794 0.4156600668521988 0.026622684158514653 0.05591580732694623
6 0.3626207075665585 0.3667420405067892 0.028575809158514653 0.05601816627085843
8 0.29796805291671397 0.31633565694181864 0.036615822312694335 0.06033385204650721
5 0.23084073707522867 0.25796323496097984 0.03707084862105359 0.06814635204650721
4 0.1540046745222883 0.19810245576058005 0.04074958546687396 0.0644448199343316
10 0.750532966796875 0.71792119921875 0.77051598046875 0.67587229296875 0.138807392578125 0.1388733203125 0.107266109375 0.203310076171875 0.750532966796875 0.71792119921875