2 0.947265625 0.6250000000000002 0.91015625 0.6250000000000002 0.91015625 0.6542968750000002 0.947265625 0.6542968750000002
0 0.853515625 0.630859375 0.8125 0.630859375 0.8125 0.66015625 0.853515625 0.66015625
3 0.759765625 0.63671875 0.7109375 0.63671875 0.7109375 0.666015625 0.759765625 0.666015625
7 0.662109375 0.64453125 0.611328125 0.64453125 0.611328125 0.677734375 0.662109375 0.677734375
1 0.5703125 0.65234375 0.513671875 0.65234375 0.513671875 0.681640625 0.5703125 0.681640625
9 0.4765625000000001 0.662109375 0.4218750000000001 0.662109375 0.4218750000000001 0.689453125 0.4765625000000001 0.689453125
6 0.3828125000000001 0.669921875 0.3222656250000001 0.669921875 0.3222656250000001 0.69921875 0.3828125000000001 0.69921875
8 0.2812500000000001 0.6796875 0.22851562500000006 0.6796875 0.22851562500000008 0.708984375 0.2812500000000001 0.708984375
5 0.1816406250000001 0.69140625 0.1347656250000001 0.69140625 0.1347656250000001 0.716796875 0.1816406250000001 0.716796875
4 0.07226562500000008 0.703125 0.03320312500000008 0.703125 0.03320312500000008 0.732421875 0.07226562500000008 0.732421875
10 1.002547621317871 0.6519855300670905 0.998937077695586 0.6110848938781654 0.018004270830839914 0.697677695842325 0.021614814453125 0.73857833203125