10 0.7133051754520431 0.9006049029802442 0.6081515390003528 0.04051514494693727 0.5407858158420564 0.048751204842000434 0.6459394522937467 0.9088409628753074
4 0.611328125 0.04296875000000007 0.546875 0.04296875000000007 0.546875 0.09765625000000007 0.611328125 0.09765625000000008
5 0.6171875 0.12109375000000007 0.5546875 0.12109375000000006 0.5546875 0.16992187500000006 0.6171875 0.16992187500000006
8 0.626953125 0.19335937500000006 0.564453125 0.19335937500000006 0.564453125 0.24218750000000006 0.626953125 0.24218750000000006
6 0.63671875 0.2636718750000001 0.5703125 0.2636718750000001 0.5703125 0.3164062500000001 0.63671875 0.3164062500000001
9 0.642578125 0.3359375000000001 0.578125 0.3359375000000001 0.578125 0.3867187500000001 0.642578125 0.3867187500000001
1 0.6484375 0.4082031250000001 0.587890625 0.4082031250000001 0.587890625 0.4570312500000001 0.6484375 0.4570312500000001
7 0.66015625 0.4785156250000001 0.59765625 0.4785156250000001 0.59765625 0.525390625 0.66015625 0.525390625
3 0.669921875 0.548828125 0.607421875 0.548828125 0.607421875 0.603515625 0.669921875 0.603515625
0 0.677734375 0.619140625 0.6171875 0.619140625 0.6171875 0.671875 0.677734375 0.671875
2 0.6875 0.69140625 0.626953125 0.69140625 0.626953125 0.744140625 0.6875 0.744140625