2 0.2138337363164166 0.546391344604038 0.04122387496470642 0.03847346755827141
0 0.26490900935387773 0.5328651719643285 0.04719700654179626 0.040631206442012235
3 0.31782365081424907 0.5173176696967052 0.047310763118886046 0.042584331442012235
7 0.3774035949089857 0.49860176373138454 0.04937764469597583 0.044605661069925695
1 0.43704041729226717 0.4808624202660639 0.05133076969597583 0.044673865697839266
9 0.5024797363870037 0.46194190041700256 0.05523701969597594 0.044810274953666296
6 0.5717115489046505 0.440931846312114 0.05948453942724541 0.05080605920949355
8 0.6447927331337524 0.4188088204513984 0.06339078942724541 0.05094246846532069
5 0.7246529765743095 0.3954705158929852 0.06729703942724541 0.05107887772114772
4 0.8140513318606868 0.36788493819500423 0.06936392100433508 0.0531002073490614
10 0.851759015625 0.38027386328125 0.836852232421875 0.336802287109375 0.0762266484375 0.57200469140625 0.086645208984375 0.60333494921875 0.851759015625 0.38027386328125