2 0.8413791341586829 0.048844455259549314 0.05385201831736586 0.05977569671336809
0 0.8440791885738533 0.15619814102608576 0.05292248275648759 0.07926148722439241
3 0.8460073983768481 0.2674353470481344 0.05487560775648759 0.07930694671336813
7 0.8451594590957112 0.38153405133671947 0.0546708898686632 0.07540069671336802
1 0.8480130519267499 0.4918174246032559 0.05477324881257539 0.07735382171336813
9 0.8478345983138764 0.6000794836363288 0.05467088986866342 0.07540069671336802
6 0.8497116286449152 0.7103401271583774 0.0546708898686632 0.07540069671336802
8 0.8533882455600856 0.8177165426694017 0.0546708898686632 0.07540069671336802
5 0.8541863544472121 0.9260013314469624 0.05446617198083881 0.07149444671336802
4 0.8545791800915241 0.9983156156784074 0.049954073383033926 0.0033687686431851382
10 0.881501177734375 1 0.872065474609375 0.546369140625 0.868764072265625 0.325200583984375 0.866708107421875 0.02017285546875 0.81173425 0.01889332421875 0.82074357421875 0.627771927734375 0.824102818359375 0.859346091796875 0.829844169921875 1 0.881501177734375 1