10 1.0006576548155046 0.515259936881396 0.0009567428565565618 0.4882250545086086 -0.0000315994589478695 0.5247721605959627 0.9996693125000001 0.55180704296875
2 0.09570312500000006 0.501953125 0.06250000000000006 0.501953125 0.06250000000000006 0.521484375 0.09570312500000006 0.521484375
0 0.18750000000000006 0.501953125 0.14453125000000006 0.501953125 0.14453125000000006 0.5234375 0.18750000000000006 0.5234375
3 0.2773437500000001 0.505859375 0.23632812500000006 0.505859375 0.23632812500000006 0.52734375 0.2773437500000001 0.52734375
7 0.3730468750000001 0.509765625 0.3281250000000001 0.509765625 0.3281250000000001 0.53125 0.3730468750000001 0.53125
1 0.4648437500000001 0.509765625 0.4218750000000001 0.509765625 0.4218750000000001 0.533203125 0.4648437500000001 0.533203125
9 0.564453125 0.5078125 0.515625 0.5078125 0.515625 0.53515625 0.564453125 0.53515625
6 0.666015625 0.509765625 0.6171875 0.509765625 0.6171875 0.537109375 0.666015625 0.537109375
8 0.771484375 0.515625 0.71875 0.515625 0.71875 0.541015625 0.771484375 0.541015625
5 0.880859375 0.51953125 0.833984375 0.51953125 0.833984375 0.544921875 0.880859375 0.544921875
4 1 0.5214843750000002 0.951171875 0.5214843750000002 0.951171875 0.5468750000000002 1 0.5468750000000002