10 1.0019256285746918 0.7894991453944815 0.04793698242187509 0.7480462695312501 0.04590632556392543 0.7947794224518812 0.999894971716742 0.8362322983151127
2 0.91796875 0.7851562500000001 0.859375 0.78515625 0.859375 0.8359375000000001 0.91796875 0.8359375000000002
0 0.828125 0.78125 0.765625 0.78125 0.765625 0.83203125 0.828125 0.83203125
3 0.734375 0.77734375 0.673828125 0.77734375 0.673828125 0.830078125 0.734375 0.830078125
7 0.642578125 0.771484375 0.58203125 0.771484375 0.58203125 0.82421875 0.642578125 0.82421875
1 0.5546875 0.767578125 0.4882812500000001 0.767578125 0.4882812500000001 0.8203125 0.5546875 0.8203125
9 0.4648437500000001 0.76171875 0.3984375000000001 0.76171875 0.3984375000000001 0.81640625 0.4648437500000001 0.81640625
6 0.3671875000000001 0.7578125 0.3066406250000001 0.7578125 0.3066406250000001 0.810546875 0.3671875000000001 0.810546875
8 0.2773437500000001 0.75390625 0.2128906250000001 0.75390625 0.2128906250000001 0.80859375 0.2773437500000001 0.80859375
5 0.1835937500000001 0.75 0.12109375000000008 0.75 0.1210937500000001 0.802734375 0.1835937500000001 0.802734375
4 0.0898437500000001 0.74609375 0.0488281250000001 0.74609375 0.0488281250000001 0.796875 0.08984375000000011 0.796875