4 0.163897790083589 0.2558460569161741 0.05278882333273793 0.058914831472058005
5 0.23845797959503195 0.26418566325370235 0.04860942172358351 0.05482664495429346
8 0.3099519058018977 0.2704356922029071 0.04470317172358351 0.0546447084365288
6 0.375654744911052 0.2773893788754649 0.04470317172358351 0.05464470843652869
9 0.4423341465202064 0.28438854967746385 0.04470317172358351 0.05464470843652869
1 0.5058789969224949 0.28832158059113927 0.04275004672358351 0.05455374017764647
7 0.5685155727270721 0.2931856898753736 0.04275004672358351 0.05455374017764647
3 0.6291990235316492 0.2979588309007255 0.0444300201144292 0.05073845843652869
0 0.6879293493362264 0.3026410036671952 0.04275004672358351 0.05455374017764647
2 0.745614824738515 0.3063011298042237 0.04066034591900647 0.05250964691876414
10 0.284804310546875 0.297043412109375 0.486172955078125 0.31485895703125 0.78033567578125 0.3361743046875 0.861671 0.337607716796875 0.948142548828125 0.332819681640625 0.939631224609375 0.279084359375 0.87258697265625 0.283133115234375 0.770617736328125 0.280975111328125 0.654039345703125 0.27381473828125 0.4779937890625 0.2601608671875 0.34710970703125 0.24751776953125 0.19194305078125 0.2302424140625 0.136839681640625 0.22428341796875 0.1422954375 0.283298236328125 0.213083935546875 0.29089026953125 0.284804310546875 0.297043412109375