10 0.9147917167968752 1.3183898417423734e-16 0.8551530270533906 -0.003419231794416104 0.8108994192174505 0.7684580045097895 0.8705381089609351 0.7718772363042058
4 0.873046875 0.7265625 0.81640625 0.7265625 0.81640625 0.76953125 0.873046875 0.76953125
5 0.875 0.66015625 0.8203125 0.66015625 0.8203125 0.703125 0.875 0.703125
8 0.880859375 0.595703125 0.8203125 0.595703125 0.8203125 0.63671875 0.880859375 0.63671875
6 0.8828125 0.529296875 0.826171875 0.529296875 0.826171875 0.57421875 0.8828125 0.57421875
9 0.884765625 0.4648437500000001 0.830078125 0.4648437500000001 0.830078125 0.505859375 0.884765625 0.505859375
1 0.88671875 0.3964843750000001 0.83203125 0.3964843750000001 0.83203125 0.4414062500000001 0.88671875 0.4414062500000001
7 0.892578125 0.3320312500000001 0.8359375 0.3320312500000001 0.8359375 0.3808593750000001 0.892578125 0.3808593750000001
3 0.89453125 0.2656250000000001 0.83984375 0.2656250000000001 0.83984375 0.3125000000000001 0.89453125 0.3125000000000001
0 0.896484375 0.2011718750000001 0.845703125 0.2011718750000001 0.845703125 0.2460937500000001 0.896484375 0.2460937500000001
2 0.904296875 0.1347656250000001 0.849609375 0.1347656250000001 0.849609375 0.1816406250000001 0.904296875 0.1816406250000001