2 0.8282267689704927 0.4500915320344244 0.037654845779006685 0.03362807680417135
0 0.7572956716692159 0.46603093383167415 0.037654845779006685 0.03362807680417146
3 0.6893113078297832 0.4831346410345163 0.037654845779006685 0.03362807680417146
7 0.6203333355285063 0.49919920476882773 0.03762075385531882 0.03167495180417146
1 0.5562040838035416 0.5136235483457932 0.037620753855319045 0.031674951804171236
9 0.49306844054042087 0.5290870353912895 0.03371450385531882 0.03142462793004808
6 0.4308923138154561 0.5436365409053167 0.03371450385531882 0.03142462793004808
8 0.3706693120904915 0.5583112083564055 0.03176137885531882 0.03129946599298661
5 0.3094527019036828 0.5719467323389635 0.03371450385531882 0.03142462793004808
4 0.2511657792168741 0.5857699992271139 0.03172728693163096 0.029346340992986386
10 0.22151081640625 0.57357152734375 0.242514220703125 0.6053954375 0.996837697265625 0.430489076171875 0.974999658203125 0.394742458984375 0.22151081640625 0.57357152734375