2 0.7705246320105311 0.7030798053626063 0.02175264184733794 0.02630030758882329
0 0.7489676569280082 0.6456659501621065 0.02582976814328708 0.02843536910658795
3 0.7285581206414341 0.590250704091048 0.02617152073518514 0.03234161910658795
7 0.7095890804670129 0.5290670512788718 0.02829552203113428 0.034385712365470056
1 0.6886669152925917 0.46779243020781314 0.02863727462303234 0.03829196236547017
9 0.6683795600262725 0.4026570432661957 0.02880815091898148 0.04024508736547017
6 0.645968203464004 0.335477563065696 0.0333979061027776 0.048239523883234825
8 0.6234714087537612 0.26732152036519624 0.03161565739872696 0.050101680624352496
5 0.5995708608036455 0.19423718103525536 0.03161565739872674 0.050101680624352496
4 0.5762196846136572 0.11631551333475562 0.03603453628657394 0.056142992142117154
10 0.7508258046875 0.67313175 0.770055435546875 0.72772127734375 0.817453931640625 0.8521615859375 0.837310931640625 0.84942390625 0.796452455078125 0.738416814453125 0.77191650390625 0.67048483984375 0.710489478515625 0.4911516640625 0.670816275390625 0.367264884765625 0.626669421875 0.22969866796875 0.57931644921875 0.082482390625 0.55816541015625 0.094094810546875 0.605351921875 0.237331595703125 0.62714869921875 0.304430576171875 0.669326552734375 0.435919763671875 0.7103102578125 0.558795861328125 0.7508258046875 0.67313175