10 0.7501850733026487 0.4724267379448641 0.06100564648437502 0.23526740234375004 0.04261036556110849 0.28872365415321244 0.7317897923793822 0.5258829897543266
2 0.23632812500000006 0.28515625 0.18359375000000006 0.28515625 0.18359375000000006 0.34375 0.23632812500000006 0.34375
0 0.296875 0.30859375 0.24804687500000006 0.30859375 0.24804687500000006 0.36328125 0.296875 0.36328125
3 0.357421875 0.330078125 0.310546875 0.330078125 0.310546875 0.38671875 0.357421875 0.38671875
7 0.4140625 0.353515625 0.369140625 0.353515625 0.369140625 0.40625 0.4140625 0.40625
1 0.470703125 0.37304687500000006 0.427734375 0.373046875 0.427734375 0.42968750000000006 0.470703125 0.4296875000000001
9 0.52734375 0.3964843750000001 0.486328125 0.3964843750000001 0.486328125 0.4433593750000001 0.52734375 0.4433593750000001
6 0.58203125 0.4140625000000001 0.5390625 0.4140625000000001 0.5390625 0.4628906250000001 0.58203125 0.4628906250000001
8 0.63671875 0.4296875000000001 0.58984375 0.4296875000000001 0.58984375 0.4824218750000001 0.63671875 0.4824218750000001
5 0.6875 0.4531250000000001 0.646484375 0.4531250000000001 0.646484375 0.5 0.6875 0.5
4 0.740234375 0.4687500000000001 0.6953125 0.4687500000000001 0.6953125 0.51953125 0.740234375 0.51953125