10 0.8844628671875 0.5042470605468751 0.1332635031243756 0.49571499015363246 0.13266349609375006 0.5485421328124999 0.8838628601568744 0.5570742032057425
2 0.72265625 0.501953125 0.68359375 0.501953125 0.68359375 0.552734375 0.72265625 0.552734375
0 0.662109375 0.5 0.625 0.5 0.625 0.552734375 0.662109375 0.552734375
3 0.60546875 0.5 0.56640625 0.5 0.56640625 0.552734375 0.60546875 0.552734375
7 0.544921875 0.4980468750000001 0.505859375 0.4980468750000001 0.505859375 0.55078125 0.544921875 0.55078125
1 0.4863281250000001 0.49804687500000006 0.4472656250000001 0.498046875 0.4472656250000001 0.55078125 0.4863281250000001 0.55078125
9 0.4277343750000001 0.498046875 0.3886718750000001 0.498046875 0.3886718750000001 0.55078125 0.4277343750000001 0.55078125
6 0.3652343750000001 0.49609375 0.3261718750000001 0.49609375 0.3261718750000001 0.55078125 0.3652343750000001 0.55078125
8 0.3046875000000001 0.494140625 0.2636718750000001 0.494140625 0.2636718750000001 0.55078125 0.3046875000000001 0.55078125
5 0.24218750000000006 0.49609375 0.20117187500000006 0.49609375 0.20117187500000006 0.55078125 0.24218750000000006 0.55078125
4 0.17578125000000006 0.494140625 0.13671875000000006 0.494140625 0.13671875000000006 0.548828125 0.17578125000000006 0.548828125