4 0.45240254725425366 0.2154987182726164 0.04964639580156249 0.03572441667329518
5 0.46055680993454884 0.2720597999383551 0.04964639580156249 0.03572441667329518
8 0.4686656131258683 0.32666775660409375 0.04964639580156249 0.03572441667329507
6 0.47584331330616353 0.38324020160329836 0.04773873029053821 0.03765481500636336
9 0.48208991047543437 0.4417771349359688 0.04964639580156249 0.03572441667329507
1 0.49022144341124174 0.4973616541017076 0.04973731477951393 0.03963066667329518
7 0.49749006256948836 0.5578403491009121 0.04978277426848954 0.04158379167329507
3 0.5038048489722228 0.6193069699335826 0.05178135875746537 0.043559643340226994
0 0.5130493228749572 0.6807395007658554 0.05178135875746537 0.043559643340226994
2 0.5213626937666673 0.7441365199315941 0.05582398722439241 0.049464471674090404
10 0.42662559765625 0.19840166015625 0.468998076171875 0.532588046875 0.51006291015625 0.87951970703125 0.5646468984375 0.873380658203125 0.54089516796875 0.702190095703125 0.489783048828125 0.300013244140625 0.472481345703125 0.192598171875 0.42662559765625 0.19840166015625