2 0.30118466980993897 0.29248872116616986 0.05564214926848954 0.043881675429541245
0 0.29387059116271674 0.35468164433443333 0.05559668977951393 0.041928550429541356
3 0.2875558047599823 0.41594918447465284 0.05368902426848954 0.04377931648562916
7 0.28219485111276 0.4782444665868285 0.05759527426848954 0.04398403437345344
1 0.27394966945451343 0.5384330852831358 0.05564214926848965 0.043881675429541245
9 0.2686569050407547 0.5977986798953114 0.05759527426848954 0.04398403437345344
6 0.26231938889353246 0.660042782535531 0.05759527426848965 0.04398403437345344
8 0.25505076973528584 0.7202825807037945 0.05759527426848965 0.04398403437345344
5 0.24771396134357573 0.7834520663720579 0.057595274268489594 0.04398403437345344
4 0.23940059045186562 0.8465703725683651 0.05759527426848965 0.04398403437345344
10 0.344395869140625 0.13835205859375 0.29156877734375 0.13322321484375 0.21295948046875 0.8644003671875 0.266569875 0.871355646484375 0.344395869140625 0.13835205859375