10 0.8152353803861473 0.6010086053610493 0.8117091789722415 0.5493647563874888 -0.0035262014139057912 0.6050283873545644 6.938893903907228e-18 0.6566722363281249
2 0.2714843750000001 0.595703125 0.21679687500000006 0.595703125 0.21679687500000006 0.638671875 0.2714843750000001 0.638671875
0 0.3496093750000001 0.58984375 0.3027343750000001 0.58984375 0.3027343750000001 0.6328125 0.3496093750000001 0.6328125
3 0.4238281250000001 0.591796875 0.3828125000000001 0.591796875 0.3828125000000001 0.626953125 0.4238281250000001 0.626953125
7 0.4941406250000001 0.583984375 0.4531250000000001 0.583984375 0.4531250000000001 0.625 0.4941406250000001 0.625
1 0.5546875 0.58203125 0.517578125 0.58203125 0.517578125 0.6171875 0.5546875 0.6171875
9 0.609375 0.578125 0.57421875 0.578125 0.57421875 0.615234375 0.609375 0.615234375
6 0.666015625 0.576171875 0.634765625 0.576171875 0.634765625 0.611328125 0.666015625 0.611328125
8 0.71484375 0.572265625 0.685546875 0.572265625 0.685546875 0.607421875 0.71484375 0.607421875
5 0.765625 0.572265625 0.736328125 0.572265625 0.736328125 0.603515625 0.765625 0.603515625
4 0.8125 0.5703125 0.783203125 0.5703125 0.783203125 0.599609375 0.8125 0.599609375