2 0.13178796846160917 0.11874156099006503 0.063425599552418 0.04986427310833824
0 0.21325598974483173 0.13422677576587813 0.061472474552418 0.04970484091129507
3 0.29277088602805434 0.14955255834464806 0.061472474552418 0.04970484091129507
7 0.373199763842746 0.16593461952193958 0.06159763648947969 0.05165796591129507
1 0.45167551665743777 0.18215724850218792 0.057566224552418 0.04938597651720872
9 0.5262450194721295 0.19806101308834995 0.057566224552418 0.049385976517208774
6 0.6049710961609446 0.2103773920685983 0.057566224552418 0.04938597651720872
8 0.6766109114756363 0.22604200835919555 0.057566224552418 0.04938597651720872
5 0.7512429952588588 0.24096921044535755 0.057566224552418 0.04938597651720872
4 0.8259376600106123 0.25491985003151957 0.05340965067829462 0.045160862123122425
10 0.3342678984375 0.1383082578125 0.036360833984375 0.08280534375 0.029702345703125 0.1218234453125 0.158999294921875 0.1446793359375 0.330201982421875 0.17841759375 0.570390201171875 0.2251251171875 0.849581990234375 0.278130591796875 0.854573146484375 0.240782103515625 0.57352958203125 0.18639378515625 0.3342678984375 0.1383082578125