2 0.3532070726322333 0.2921411652822726 0.043578769439236 0.03001280539744644
0 0.4139119858627308 0.3487867329571667 0.04731414314328697 0.028127864244822276
3 0.47019802020538115 0.39964110947943665 0.045531894439236 0.030046897321134303
7 0.5233834907520825 0.44859349888723854 0.0489255155513888 0.02425570616851025
1 0.5714298343548602 0.49470143060426025 0.0411130155513888 0.024119338473758467
9 0.6192198635137143 0.537879674821282 0.0450192655513888 0.024187522321134303
6 0.6651422058205428 0.5820685734619916 0.0450192655513888 0.024187522321134303
8 0.7085987942395242 0.6204321890263891 0.0411130155513888 0.024119338473758578
5 0.7513351346024293 0.6617425380526305 0.04077126295949074 0.020213088473758578
4 0.7916057210774871 0.69722760400256 0.03881813795949074 0.020178996550070494
10 0.266352322265625 0.173858755859375 0.220864908203125 0.20106533203125 0.520469947265625 0.47681338671875 0.784910302734375 0.715489751953125 0.8226770078125 0.702543798828125 0.464924421875 0.363826169921875 0.266352322265625 0.173858755859375