10 0.42375177220792715 0.006780199413749549 0.36083713751786073 -0.01585851913430192 0.054411876953125105 0.8357194218749999 0.11732651164319152 0.8583581404230514
4 0.1347656250000001 0.7890625 0.06250000000000008 0.7890625 0.0625000000000001 0.84765625 0.1347656250000001 0.84765625
5 0.1621093750000001 0.71484375 0.08789062500000008 0.71484375 0.08789062500000008 0.7734375 0.1621093750000001 0.7734375
8 0.18359375000000008 0.646484375 0.11718750000000008 0.646484375 0.11718750000000008 0.701171875 0.1835937500000001 0.701171875
6 0.21093750000000006 0.576171875 0.14062500000000006 0.576171875 0.14062500000000006 0.6328125 0.21093750000000006 0.6328125
9 0.23437500000000006 0.5078125 0.16406250000000006 0.5078125 0.16406250000000006 0.5625 0.23437500000000006 0.5625
1 0.25781250000000006 0.439453125 0.19140625000000006 0.439453125 0.19140625000000006 0.494140625 0.2578125000000001 0.494140625
7 0.28125 0.373046875 0.21289062500000006 0.373046875 0.21289062500000006 0.427734375 0.28125 0.427734375
3 0.306640625 0.3046875 0.23632812500000006 0.3046875 0.23632812500000006 0.359375 0.306640625 0.359375
0 0.328125 0.24023437500000006 0.2578125 0.24023437500000006 0.2578125 0.294921875 0.328125 0.294921875
2 0.349609375 0.17578125000000006 0.279296875 0.17578125000000006 0.279296875 0.23046875000000006 0.349609375 0.23046875000000006