10 0.6369422762813817 0.8917936705274869 0.4914865298280419 -0.009523173316292724 0.4308986969060351 0.0002545741249702499 0.5763544433593749 0.90157141796875
4 0.6328125 0.841796875 0.5703125 0.841796875 0.5703125 0.89453125 0.6328125 0.89453125
5 0.623046875 0.771484375 0.55859375 0.771484375 0.55859375 0.826171875 0.623046875 0.826171875
8 0.61328125 0.703125 0.548828125 0.703125 0.548828125 0.755859375 0.61328125 0.755859375
6 0.6015625 0.63671875 0.53515625 0.63671875 0.53515625 0.69140625 0.6015625 0.69140625
9 0.587890625 0.56640625 0.525390625 0.56640625 0.525390625 0.62109375 0.587890625 0.62109375
1 0.578125 0.501953125 0.515625 0.501953125 0.515625 0.5546875 0.578125 0.5546875
7 0.568359375 0.4335937500000001 0.501953125 0.4335937500000001 0.501953125 0.4863281250000001 0.568359375 0.4863281250000001
3 0.55859375 0.3671875000000001 0.494140625 0.3671875000000001 0.494140625 0.4160156250000001 0.55859375 0.4160156250000001
0 0.544921875 0.2988281250000001 0.484375 0.2988281250000001 0.484375 0.3476562500000001 0.544921875 0.3476562500000001
2 0.537109375 0.23046875000000006 0.47265625 0.23046875000000006 0.47265625 0.2851562500000001 0.537109375 0.2851562500000001