4 0.2002318273156788 0.8509498235746524 0.04518322282353904 0.04885202980682868
5 0.271873141230014 0.7966399333767935 0.045205948721238065 0.05275827980682868
8 0.3425378926443492 0.7422446050309599 0.04713634782353893 0.0490229061027776
6 0.40928503110983483 0.6894606490932285 0.04518322282353904 0.04885202980682868
9 0.47797961310089576 0.6378241319514458 0.0412542469258399 0.0446040272149304
1 0.5447153886175319 0.5869933010137143 0.04323009782353893 0.04868115351087976
7 0.6114341197108937 0.5390921575759826 0.04125424692584012 0.0446040272149304
3 0.6781698952275299 0.488261326638251 0.0412542469258399 0.04460402721493051
0 0.7419816647185908 0.4361976187565958 0.04125424692584012 0.04460402721493051
2 0.8077351962608021 0.3862579121708897 0.04123152102814087 0.0406977772149304
10 0.98044979296875 0.29011527734375 0.950972064453125 0.234039798828125 0.828142076171875 0.33074803515625 0.564703423828125 0.532889916015625 0.36474398046875 0.685567236328125 0.163740201171875 0.839479865234375 0.192517302734375 0.898903703125 0.341671509765625 0.78497737890625 0.98044979296875 0.29011527734375