2 0.4179687500000001 0.744140625 0.3554687500000001 0.744140625 0.3554687500000001 0.822265625 0.4179687500000001 0.822265625
0 0.4199218750000001 0.63671875 0.3613281250000001 0.63671875 0.3613281250000001 0.70703125 0.4199218750000001 0.70703125
3 0.4257812500000001 0.5390625 0.3691406250000001 0.5390625 0.3691406250000001 0.60546875 0.4257812500000001 0.60546875
7 0.42773437500000006 0.4453125 0.375 0.4453125 0.37500000000000006 0.509765625 0.4277343750000001 0.509765625
1 0.431640625 0.359375 0.37890625 0.359375 0.37890625 0.419921875 0.431640625 0.419921875
9 0.43359375 0.279296875 0.384765625 0.279296875 0.384765625 0.3359375 0.43359375 0.3359375
6 0.4375 0.20117187500000006 0.38671875 0.20117187500000006 0.38671875 0.255859375 0.4375 0.255859375
8 0.439453125 0.12890625000000006 0.392578125 0.12890625000000006 0.392578125 0.18164062500000006 0.439453125 0.18164062500000006
5 0.44140625 0.05859375000000005 0.396484375 0.05859375000000004 0.396484375 0.10742187500000006 0.44140625 0.10742187500000006
4 0.443359375 5.154519242504973e-17 0.3984375 4.8794520903527353e-17 0.3984375 0.041015625000000056 0.443359375 0.041015625000000056
10 0.4483306798744829 0.0003204524365810618 0.3941058842578336 -0.00213173283633852 0.3504140735239759 0.9640185549614555 0.4046388691406252 0.9664707402343751