10 0.9578272148437501 0.1448064687500001 0.9534085777219506 0.10468251204410989 0.028071007812500003 0.206584998046875 0.032489644934299386 0.24670895475276522
2 0.267578125 0.18164062500000003 0.21484375 0.181640625 0.21484375 0.22460937500000003 0.267578125 0.22460937500000006
0 0.341796875 0.17187500000000006 0.2890625 0.17187500000000006 0.2890625 0.21679687500000006 0.341796875 0.21679687500000006
3 0.416015625 0.16796875000000006 0.365234375 0.16796875000000006 0.365234375 0.21093750000000006 0.416015625 0.21093750000000006
7 0.4921875 0.15820312500000006 0.44140625 0.15820312500000006 0.44140625 0.20117187500000006 0.4921875 0.20117187500000006
1 0.572265625 0.15039062500000006 0.51953125 0.15039062500000006 0.51953125 0.19335937500000006 0.572265625 0.19335937500000006
9 0.6484375 0.14062500000000006 0.595703125 0.14062500000000006 0.595703125 0.18359375000000006 0.6484375 0.18359375000000006
6 0.7265625 0.13085937500000008 0.673828125 0.13085937500000006 0.673828125 0.17773437500000008 0.7265625 0.1777343750000001
8 0.802734375 0.1250000000000001 0.751953125 0.1250000000000001 0.751953125 0.1679687500000001 0.802734375 0.1679687500000001
5 0.8828125 0.11328125000000011 0.830078125 0.11328125000000011 0.830078125 0.1582031250000001 0.8828125 0.1582031250000001
4 0.95703125 0.10546875000000011 0.91015625 0.10546875000000011 0.91015625 0.1484375000000001 0.95703125 0.1484375000000001