2 0.8257683849119453 0.17104858180417404 0.051423065286966274 0.037393448721238065
0 0.7467351103142338 0.17248534373257968 0.051423065286966274 0.037393448721238065
3 0.6687466861188109 0.17489298668656056 0.05155964109154332 0.039346573721238065
7 0.5887368490210996 0.17633543008939095 0.051423065286966274 0.037393448721238065
1 0.5077504494233881 0.17778355496664613 0.053376190286966274 0.03740481167008758
9 0.42774061232567673 0.17922599836947656 0.051696216896120584 0.041299698721238065
6 0.34570936232567673 0.17970324222115647 0.055602466896120584 0.04132242461893709
8 0.26374640022796525 0.1811570485728364 0.051423065286966274 0.037393448721238065
5 0.1796937373256767 0.18066909287336586 0.05560246689612053 0.04132242461893709
4 0.09486937563025385 0.18311650614832006 0.05560246689612053 0.04132242461893709
10 1 0.157873037109375 0.999058875 0.14889873828125 0.06134589453125 0.16353153125 0.066353212890625 0.202794583984375 1 0.190153115234375 1 0.157873037109375