10 0.9709742070312501 0.6226049101562501 0.9702102551016731 0.5884924799061315 0.0011377279920063103 0.6101949743211362 0.0019016799215832558 0.6443074045712548
2 0.23437500000000006 0.607421875 0.18554687500000006 0.607421875 0.18554687500000006 0.6328125 0.23437500000000006 0.6328125
0 0.3183593750000001 0.60546875 0.2695312500000001 0.60546875 0.2695312500000001 0.626953125 0.3183593750000001 0.626953125
3 0.4023437500000001 0.59765625 0.3535156250000001 0.59765625 0.3535156250000001 0.626953125 0.4023437500000001 0.626953125
7 0.4902343750000001 0.599609375 0.4375000000000001 0.599609375 0.4375000000000001 0.623046875 0.4902343750000001 0.623046875
1 0.564453125 0.59765625 0.515625 0.59765625 0.515625 0.623046875 0.564453125 0.623046875
9 0.640625 0.599609375 0.599609375 0.599609375 0.599609375 0.623046875 0.640625 0.623046875
6 0.716796875 0.59765625 0.681640625 0.59765625 0.681640625 0.62109375 0.716796875 0.62109375
8 0.794921875 0.595703125 0.76171875 0.595703125 0.76171875 0.62109375 0.794921875 0.62109375
5 0.87109375 0.59765625 0.841796875 0.59765625 0.841796875 0.62109375 0.87109375 0.62109375
4 0.947265625 0.5957031250000002 0.919921875 0.5957031250000002 0.919921875 0.6210937500000002 0.947265625 0.6210937500000002