2 0.24971527517770303 0.20657036373627585 0.05309798936318477 0.0646487611215607
0 0.31324865242195066 0.19421826701587871 0.05309798936318466 0.0646487611215607
3 0.3758054671661982 0.18190596216810306 0.053109352312034286 0.0666018861215607
7 0.4393445258848706 0.1685773029477059 0.05309798936318466 0.0646487611215607
1 0.501907022103543 0.15528843559993025 0.05309798936318466 0.0646487611215607
9 0.5644638368477906 0.1429761307521546 0.05309798936318488 0.0646487611215607
6 0.6280142585153126 0.12769434653175743 0.053109352312034286 0.0666018861215607
8 0.6915533172339849 0.11436568731136026 0.053109352312034286 0.0666018861215607
5 0.756074619927082 0.10002067371834161 0.05309798936318466 0.0646487611215607
4 0.8215781665946039 0.08465930575270147 0.05309798936318466 0.0646487611215607
10 0.100279251953125 0.20949157421875 0.11095008203125 0.26563376953125 0.847068962890625 0.108015720703125 0.838039775390625 0.053282505859375 0.100279251953125 0.20949157421875