10 0.323434345703125 0.854958935546875 0.2721890420121011 0.004828165092910713 0.20485445711699163 0.00888704799867394 0.2560997608080156 0.8590178184526381
4 0.3203125000000001 0.8046875 0.2578125000000001 0.8046875 0.2578125000000001 0.853515625 0.3203125000000001 0.853515625
5 0.3183593750000001 0.728515625 0.2539062500000001 0.728515625 0.2539062500000001 0.775390625 0.3183593750000001 0.775390625
8 0.3105468750000001 0.658203125 0.2500000000000001 0.658203125 0.2500000000000001 0.703125 0.3105468750000001 0.703125
6 0.3085937500000001 0.5859375 0.24609375000000006 0.5859375 0.24609375000000006 0.630859375 0.3085937500000001 0.630859375
9 0.3027343750000001 0.515625 0.24023437500000006 0.515625 0.24023437500000006 0.560546875 0.3027343750000001 0.560546875
1 0.29882812500000006 0.447265625 0.23828125000000006 0.447265625 0.23828125000000006 0.4921875 0.2988281250000001 0.4921875
7 0.29296875 0.380859375 0.23046875000000006 0.380859375 0.23046875000000006 0.423828125 0.29296875 0.423828125
3 0.2890625 0.30859375 0.22851562500000006 0.30859375 0.22851562500000006 0.353515625 0.2890625 0.353515625
0 0.28515625 0.24414062500000003 0.22265625000000006 0.244140625 0.22265625000000006 0.287109375 0.28515625 0.287109375
2 0.279296875 0.17773437500000003 0.21484375 0.177734375 0.21484375 0.22265625000000003 0.279296875 0.22265625000000006