10 0.9272602768239357 0.44797806573560994 0.917387068359375 0.388910388671875 0.014358031769814233 0.5398523991081401 0.02423124023437502 0.598920076171875
4 0.91796875 0.3925781250000001 0.87109375 0.3925781250000001 0.87109375 0.4550781250000001 0.91796875 0.4550781250000001
5 0.84765625 0.4023437500000001 0.798828125 0.4023437500000001 0.798828125 0.4667968750000001 0.84765625 0.4667968750000001
8 0.78125 0.4140625000000001 0.732421875 0.4140625000000001 0.732421875 0.4785156250000001 0.78125 0.4785156250000001
6 0.71484375 0.4238281250000001 0.6640625 0.4238281250000001 0.6640625 0.4902343750000001 0.71484375 0.4902343750000001
9 0.646484375 0.4375000000000001 0.59765625 0.4375000000000001 0.59765625 0.4980468750000001 0.646484375 0.4980468750000001
1 0.580078125 0.4492187500000001 0.53125 0.4492187500000001 0.53125 0.51171875 0.580078125 0.51171875
7 0.51171875 0.4589843750000001 0.4648437500000001 0.4589843750000001 0.4648437500000001 0.5234375 0.51171875 0.5234375
3 0.4433593750000001 0.470703125 0.3984375000000001 0.470703125 0.3984375000000001 0.53515625 0.4433593750000001 0.53515625
0 0.3750000000000001 0.484375 0.3300781250000001 0.484375 0.3300781250000001 0.546875 0.3750000000000001 0.546875
2 0.3125000000000001 0.494140625 0.2636718750000001 0.494140625 0.2636718750000001 0.556640625 0.3125000000000001 0.556640625