4 0.2184987129231927 0.38019026321999605 0.03933521077238855 0.047102258976990496
5 0.28004487632089176 0.3766419461087559 0.03933521077238855 0.047102258976990496
8 0.33964359619301554 0.37210570354866634 0.03542896077238855 0.04707953307929147
6 0.39533038459071457 0.36852329759087776 0.03542896077238855 0.04707953307929136
9 0.4519937354884136 0.3649465731075139 0.031499984874689524 0.04315055718159244
1 0.5028090743349622 0.35938263477760146 0.033453109874689524 0.043161920130441844
7 0.5536130502326613 0.35577182144768904 0.031499984874689524 0.04315055718159233
3 0.606375832604785 0.35119580856662613 0.031499984874689524 0.04315055718159244
0 0.6532792399769088 0.3465857068390147 0.031499984874689524 0.04315055718159233
2 0.7031123348490327 0.3419926495346775 0.029546859874689524 0.04313919423274282
10 0.676284650390625 0.32159774609375 0.476165337890625 0.338345681640625 0.293919287109375 0.348616060546875 0.194327560546875 0.354790380859375 0.197760654296875 0.407411640625 0.365917787109375 0.393543517578125 0.52613627734375 0.3810215546875 0.684389099609375 0.366014896484375 0.81636295703125 0.355075373046875 0.8130392734375 0.3118567109375 0.676284650390625 0.32159774609375