10 0.327522486328125 0.87132564453125 0.30543490476669916 0.13268809072637572 0.2515935839843749 0.134298115234375 0.2736811655458007 0.8729356690392494
2 0.3222656250000001 0.693359375 0.2695312500000001 0.693359375 0.2695312500000001 0.732421875 0.3222656250000001 0.732421875
0 0.3203125000000001 0.6328125 0.2675781250000001 0.6328125 0.2675781250000001 0.669921875 0.3203125000000001 0.669921875
3 0.3183593750000001 0.5703125 0.2656250000000001 0.5703125 0.2656250000000001 0.607421875 0.3183593750000001 0.607421875
7 0.3183593750000001 0.505859375 0.2636718750000001 0.505859375 0.2636718750000001 0.546875 0.3183593750000001 0.546875
1 0.31445312500000006 0.447265625 0.26171875 0.447265625 0.26171875000000006 0.486328125 0.3144531250000001 0.486328125
9 0.314453125 0.38671875 0.259765625 0.38671875 0.259765625 0.42578125 0.314453125 0.42578125
6 0.3125 0.322265625 0.2578125 0.322265625 0.2578125 0.36328125 0.3125 0.36328125
8 0.310546875 0.26171875 0.255859375 0.26171875 0.255859375 0.302734375 0.310546875 0.302734375
5 0.30859375 0.19921875000000006 0.251953125 0.19921875000000006 0.251953125 0.23828125000000006 0.30859375 0.23828125000000006
4 0.302734375 0.13476562500000006 0.25 0.13476562500000006 0.25 0.17578125000000006 0.302734375 0.17578125000000006