10 0.8731700967848577 0.2354234734784291 0.8673038275458848 0.20696853108645527 0.1414921396468996 0.35660182569505006 0.14735840888587254 0.3850567680870239
2 0.763671875 0.2343750000000001 0.740234375 0.2343750000000001 0.740234375 0.2539062500000001 0.763671875 0.2539062500000001
0 0.708984375 0.2441406250000001 0.6875 0.2441406250000001 0.6875 0.2675781250000001 0.708984375 0.2675781250000001
3 0.654296875 0.2539062500000001 0.630859375 0.2539062500000001 0.630859375 0.2773437500000001 0.654296875 0.2773437500000001
7 0.59765625 0.2675781250000001 0.572265625 0.2675781250000001 0.572265625 0.2929687500000001 0.59765625 0.2929687500000001
1 0.54296875 0.2773437500000001 0.51171875 0.2773437500000001 0.51171875 0.3046875000000001 0.54296875 0.3046875000000001
9 0.478515625 0.29296875000000006 0.4453125 0.29296875 0.4453125 0.32031250000000006 0.478515625 0.3203125000000001
6 0.4140625 0.3046875 0.376953125 0.3046875 0.376953125 0.3359375 0.4140625 0.3359375
8 0.349609375 0.318359375 0.30859375 0.318359375 0.30859375 0.349609375 0.349609375 0.349609375
5 0.275390625 0.33203125 0.23242187500000006 0.33203125 0.23242187500000006 0.36328125 0.275390625 0.36328125
6 0.20117187500000006 0.345703125 0.15039062500000006 0.345703125 0.15039062500000006 0.3828125 0.20117187500000006 0.3828125