10 0.8449861212304488 0.7534109198303998 0.17010717489724927 -0.042300452986323546 0.12023311718750002 1.3877787807814457e-17 0.7951120635206995 0.7957113728167233
2 0.3203125 0.12695312500000006 0.275390625 0.12695312500000006 0.275390625 0.18750000000000006 0.3203125 0.18750000000000006
0 0.376953125 0.19335937500000006 0.330078125 0.19335937500000006 0.330078125 0.25390625 0.376953125 0.25390625
3 0.43359375 0.2578125 0.38671875 0.2578125 0.38671875 0.3203125 0.43359375 0.3203125
7 0.48828125 0.32226562500000006 0.443359375 0.322265625 0.443359375 0.38867187500000006 0.48828125 0.3886718750000001
1 0.54296875 0.3867187500000001 0.498046875 0.3867187500000001 0.498046875 0.4531250000000001 0.54296875 0.4531250000000001
9 0.595703125 0.4531250000000001 0.55078125 0.4531250000000001 0.55078125 0.515625 0.595703125 0.515625
6 0.65234375 0.517578125 0.607421875 0.517578125 0.607421875 0.583984375 0.65234375 0.583984375
8 0.70703125 0.580078125 0.662109375 0.580078125 0.662109375 0.64453125 0.70703125 0.64453125
5 0.759765625 0.64453125 0.716796875 0.64453125 0.716796875 0.708984375 0.759765625 0.708984375
4 0.818359375 0.712890625 0.7734375 0.712890625 0.7734375 0.77734375 0.818359375 0.77734375