10 0.586579095703125 0.05237615429687506 0.521816130859375 0.04419323437500006 0.40816973809417845 0.9436371259858801 0.47293270293792855 0.951820045907755
2 0.55859375 0.24804687500000006 0.49609375 0.24804687500000006 0.49609375 0.2988281250000001 0.55859375 0.2988281250000001
0 0.548828125 0.3183593750000001 0.486328125 0.3183593750000001 0.486328125 0.3710937500000001 0.548828125 0.3710937500000001
3 0.541015625 0.3906250000000001 0.478515625 0.3906250000000001 0.478515625 0.4414062500000001 0.541015625 0.4414062500000001
7 0.53125 0.4628906250000001 0.4687500000000001 0.4628906250000001 0.4687500000000001 0.513671875 0.53125 0.513671875
1 0.5234375 0.533203125 0.4589843750000001 0.533203125 0.4589843750000001 0.583984375 0.5234375 0.583984375
9 0.513671875 0.60546875 0.4492187500000001 0.60546875 0.4492187500000001 0.65625 0.513671875 0.65625
6 0.505859375 0.677734375 0.4433593750000001 0.677734375 0.4433593750000001 0.728515625 0.505859375 0.728515625
8 0.4960937500000001 0.75 0.4316406250000001 0.75 0.4316406250000001 0.80078125 0.4960937500000001 0.80078125
5 0.4902343750000001 0.822265625 0.4218750000000001 0.822265625 0.4218750000000001 0.873046875 0.4902343750000001 0.873046875
4 0.4804687500000001 0.896484375 0.4121093750000001 0.896484375 0.4121093750000001 0.947265625 0.4804687500000001 0.947265625