10 0.9253030598556666 0.7694826025081546 8.326672684688674e-17 0.6588844375000001 -0.004621886853076615 0.6975527648374675 0.92068117300259 0.808150929845622
2 0.2871093750000001 0.689453125 0.2363281250000001 0.689453125 0.2363281250000001 0.7265625 0.2871093750000001 0.7265625
0 0.3613281250000001 0.697265625 0.3125000000000001 0.697265625 0.3125000000000001 0.732421875 0.3613281250000001 0.732421875
3 0.4316406250000001 0.70703125 0.3828125000000001 0.70703125 0.3828125000000001 0.744140625 0.4316406250000001 0.744140625
7 0.50390625 0.71484375 0.4570312500000001 0.71484375 0.4570312500000001 0.751953125 0.50390625 0.751953125
1 0.57421875 0.724609375 0.525390625 0.724609375 0.525390625 0.759765625 0.57421875 0.759765625
9 0.640625 0.732421875 0.59765625 0.732421875 0.59765625 0.767578125 0.640625 0.767578125
6 0.7109375 0.7421875 0.66796875 0.7421875 0.66796875 0.77734375 0.7109375 0.77734375
8 0.78125 0.75 0.734375 0.75 0.734375 0.787109375 0.78125 0.787109375
5 0.84765625 0.759765625 0.802734375 0.759765625 0.802734375 0.796875 0.84765625 0.796875
4 0.91796875 0.7695312500000001 0.87109375 0.76953125 0.87109375 0.8066406250000001 0.91796875 0.8066406250000002