10 0.9617984875277806 0.36070574827272495 0.9507951785521479 0.3134683596315808 -0.010977350536228711 0.537500225199559 0.000025958439404005773 0.5847376138407031
2 0.05664062500000007 0.5234375 6.410260589286927e-17 0.5234375 6.792962714020475e-17 0.5859375 0.05664062500000007 0.5859375
0 0.15820312500000006 0.5 0.08593750000000006 0.5 0.08593750000000006 0.5625 0.15820312500000006 0.5625
3 0.2558593750000001 0.4765625 0.18359375000000006 0.4765625 0.18359375000000006 0.5390625 0.2558593750000001 0.5390625
7 0.3554687500000001 0.455078125 0.2832031250000001 0.455078125 0.2832031250000001 0.517578125 0.3554687500000001 0.517578125
1 0.45507812500000006 0.43164062500000006 0.3828125 0.431640625 0.38281250000000006 0.49414062500000006 0.4550781250000001 0.4941406250000001
9 0.552734375 0.4082031250000001 0.48046875 0.4082031250000001 0.48046875000000006 0.4687500000000001 0.552734375 0.4687500000000001
6 0.65234375 0.3867187500000001 0.580078125 0.3867187500000001 0.580078125 0.4492187500000001 0.65234375 0.4492187500000001
8 0.75 0.3632812500000001 0.67578125 0.3632812500000001 0.67578125 0.4257812500000001 0.75 0.4257812500000001
5 0.8515625 0.3378906250000001 0.779296875 0.3378906250000001 0.779296875 0.4003906250000001 0.8515625 0.4003906250000001
4 0.955078125 0.3144531250000001 0.880859375 0.3144531250000001 0.880859375 0.3769531250000001 0.955078125 0.3769531250000001