2 0.5040246725811326 0.6208076718855509 0.05718606500636336 0.04951307950758732
0 0.4915786692393148 0.557761862332257 0.05718606500636336 0.04951307950758732
3 0.48207371673096294 0.4958290676672865 0.05720879167329518 0.05146620450758732
7 0.47256876422261107 0.43389627300231604 0.05916191667329507 0.05155717276646965
1 0.4610993233807933 0.3708959475784633 0.05718606500636336 0.04951307950758732
9 0.4506064450389755 0.3079411062840517 0.05913919000636336 0.04960404776646965
6 0.43913700419715773 0.24494078086019894 0.059184643340226994 0.05351029776646965
8 0.430585887521874 0.18110034532466962 0.05718606500636336 0.04951307950758732
5 0.4181171575131244 0.1161014107713757 0.061137768340226994 0.05360126602535198
4 0.4075901891709089 0.050216881976964084 0.05916191667329518 0.05155717276646965
10 0.5251664296875 0.917854822265625 0.577334662109375 0.911422361328125 0.431265548828125 0.02767257421875 0.37620071484375 0.033145740234375 0.5251664296875 0.917854822265625