10 0.5120964128971327 0.9354412350825718 0.3343060439639676 0.20731592198394613 0.2763185859375 0.22147503906249996 0.45410895487066505 0.9496003521611256
4 0.34765625 0.21289062500000006 0.27734375 0.21289062500000006 0.27734375 0.2734375 0.34765625 0.2734375
5 0.3671875 0.283203125 0.298828125 0.283203125 0.298828125 0.345703125 0.3671875 0.345703125
8 0.3828125 0.353515625 0.31640625 0.353515625 0.31640625 0.4140625 0.3828125 0.4140625
6 0.39843750000000006 0.419921875 0.333984375 0.419921875 0.33398437500000006 0.478515625 0.3984375000000001 0.478515625
9 0.4140625000000001 0.48828125 0.3515625000000001 0.48828125 0.3515625000000001 0.541015625 0.4140625000000001 0.541015625
1 0.4277343750000001 0.546875 0.3652343750000001 0.546875 0.3652343750000001 0.603515625 0.4277343750000001 0.603515625
7 0.4414062500000001 0.607421875 0.3808593750000001 0.607421875 0.3808593750000001 0.66015625 0.4414062500000001 0.66015625
3 0.4550781250000001 0.669921875 0.3964843750000001 0.669921875 0.3964843750000001 0.72265625 0.4550781250000001 0.72265625
0 0.4687500000000001 0.7265625 0.4082031250000001 0.7265625 0.4082031250000001 0.77734375 0.4687500000000001 0.77734375
2 0.4824218750000001 0.783203125 0.4238281250000001 0.783203125 0.4238281250000001 0.833984375 0.4824218750000001 0.833984375