2 0.27630471385737876 0.3098630860316493 0.03420323375746537 0.045290538677811853
0 0.26794833301562526 0.3697270820087635 0.03420323375746537 0.045290538677811965
3 0.259569222429384 0.4286145154858776 0.03420323375746537 0.045290538677811853
7 0.2511673820986549 0.48652538646299176 0.03420323375746526 0.045290538677811853
1 0.24371937452343795 0.5435279828423945 0.03411231477951393 0.04138428867781174
9 0.23720246995924527 0.5986457421240858 0.03215918977951393 0.0412477128732347
6 0.22875517013954047 0.6546034881012 0.03215918977951393 0.0412477128732347
8 0.22126170307534782 0.7096529594806027 0.03211373029053821 0.0392945878732347
5 0.21276894376666727 0.7636575804577168 0.030115145801562493 0.037204887068657655
4 0.2042761844579868 0.817662201434831 0.03011514580156255 0.03720488706865743
10 0.189903560546875 0.830757548828125 0.215161595703125 0.841639384765625 0.270597041015625 0.4615869609375 0.328816171875 0.02299306640625 0.299723951171875 0.020958740234375 0.213759587890625 0.673261681640625 0.189903560546875 0.830757548828125