10 0.5313260761718751 0.907876201171875 0.4667178263011021 0.030616716825601686 0.42457752053354275 0.03372025854073073 0.48918577040431577 0.910979742887004
2 0.474609375 0.10546875000000006 0.43359375 0.10546875000000006 0.43359375 0.16015625000000006 0.474609375 0.16015625000000006
4 0.529296875 0.845703125 0.4843750000000001 0.845703125 0.4843750000000001 0.90625 0.529296875 0.90625
5 0.5234375 0.759765625 0.4804687500000001 0.759765625 0.4804687500000001 0.818359375 0.5234375 0.818359375
8 0.515625 0.67578125 0.4746093750000001 0.67578125 0.4746093750000001 0.73046875 0.515625 0.73046875
6 0.51171875 0.58984375 0.4667968750000001 0.58984375 0.4667968750000001 0.6484375 0.51171875 0.6484375
9 0.50390625 0.5078125 0.4609375000000001 0.5078125 0.4609375000000001 0.564453125 0.50390625 0.564453125
1 0.5 0.4257812500000001 0.455078125 0.4257812500000001 0.45507812500000006 0.4824218750000001 0.5 0.4824218750000001
7 0.4921875 0.34570312500000006 0.44921875 0.345703125 0.44921875 0.40039062500000006 0.4921875 0.4003906250000001
3 0.486328125 0.26562500000000006 0.443359375 0.265625 0.443359375 0.31835937500000006 0.486328125 0.3183593750000001
0 0.48046875 0.18554687500000006 0.439453125 0.18554687500000006 0.439453125 0.24023437500000006 0.48046875 0.24023437500000006