2 0.2558593750000001 0.732421875 0.2128906250000001 0.732421875 0.2128906250000001 0.7578125 0.2558593750000001 0.7578125
0 0.3007812500000001 0.69140625 0.2636718750000001 0.69140625 0.2636718750000001 0.71875 0.3007812500000001 0.71875
3 0.3554687500000001 0.650390625 0.3183593750000001 0.650390625 0.3183593750000001 0.677734375 0.3554687500000001 0.677734375
7 0.4101562500000001 0.60546875 0.3730468750000001 0.60546875 0.3730468750000001 0.63671875 0.4101562500000001 0.63671875
1 0.4687500000000001 0.5625 0.4277343750000001 0.5625 0.4277343750000001 0.591796875 0.4687500000000001 0.591796875
9 0.529296875 0.517578125 0.4863281250000001 0.517578125 0.4863281250000001 0.546875 0.529296875 0.546875
6 0.5859375 0.4687500000000001 0.544921875 0.4687500000000001 0.544921875 0.5 0.5859375 0.5
8 0.6484375 0.4218750000000001 0.60546875 0.4218750000000001 0.60546875 0.4511718750000001 0.6484375 0.4511718750000001
5 0.716796875 0.3710937500000001 0.669921875 0.3710937500000001 0.669921875 0.4003906250000001 0.716796875 0.4003906250000001
4 0.78125 0.3164062500000001 0.73828125 0.3164062500000001 0.73828125 0.3496093750000001 0.78125 0.3496093750000001
10 0.8058055248406628 0.33105335404812686 0.7732885022656901 0.2889498504478206 0.07796175491509466 0.825958735865548 0.11047877749006746 0.8680622394658543