2 0.486328125 0.2978515625 0.052734375 0.037109375
4 0.4990234375 0.8291015625 0.05078125 0.0400390625
5 0.49609375 0.7685546875 0.0537109375 0.0400390625
8 0.4970703125 0.708984375 0.052734375 0.0390625
6 0.494140625 0.6494140625 0.05078125 0.0380859375
9 0.4931640625 0.5908203125 0.0498046875 0.037109375
0 0.4892578125 0.357421875 0.052734375 0.0400390625
3 0.4892578125 0.4140625 0.0478515625 0.037109375
1 0.4931640625 0.5322265625 0.0517578125 0.0361328125
7 0.490234375 0.4755859375 0.05078125 0.0361328125
10 0.52242691796875 0.737623759765625 0.512884919921875 0.330533482421875 0.506324736328125 0.016996775390625 0.453843583984375 0.018785962890625 0.45861441796875 0.194970734375 0.469945767578125 0.737185515625 0.472331017578125 0.84945362109375 0.52540873046875 0.85034821484375 0.52242691796875 0.737623759765625