10 0.9167500559220313 0.3632823730143863 0.9155562989483358 0.31219183102050785 -0.0009796358747166181 0.33360716781549865 0.00021412109897886444 0.3846977098093771
2 0.05468750000000004 0.3359375 4.1140478408856394e-17 0.3359375 4.377155551639954e-17 0.37890625 0.05468750000000004 0.37890625
0 0.14257812500000006 0.3359375 0.08398437500000003 0.3359375 0.08398437500000004 0.376953125 0.14257812500000006 0.376953125
3 0.23242187500000006 0.333984375 0.17382812500000006 0.333984375 0.17382812500000006 0.376953125 0.23242187500000006 0.376953125
7 0.326171875 0.33203125 0.267578125 0.33203125 0.267578125 0.375 0.326171875 0.375
1 0.416015625 0.330078125 0.357421875 0.330078125 0.357421875 0.373046875 0.416015625 0.373046875
9 0.51171875 0.32812500000000006 0.453125 0.328125 0.453125 0.37109375000000006 0.51171875 0.3710937500000001
6 0.60546875 0.3261718750000001 0.546875 0.3261718750000001 0.546875 0.3691406250000001 0.60546875 0.3691406250000001
8 0.703125 0.3222656250000001 0.642578125 0.3222656250000001 0.642578125 0.3671875000000001 0.703125 0.3671875000000001
5 0.806640625 0.3203125000000001 0.7421875 0.3203125000000001 0.7421875 0.3652343750000001 0.806640625 0.3652343750000001
4 0.9140625 0.3164062500000001 0.84765625 0.3164062500000001 0.84765625 0.3632812500000001 0.9140625 0.3632812500000001