2 0.22773744489977732 0.7520457958278672 0.059071010005567914 0.044428322312694224
0 0.283049928240402 0.7015200424863819 0.059071010005567914 0.044428322312694446
3 0.3324348565802312 0.6565123944136271 0.04921447833784076 0.03604703942724541
7 0.3758922299192651 0.617022851609603 0.049191751670908945 0.03409391442724519
1 0.4114916499244353 0.5809845324972196 0.045285501670908834 0.033866401273065616
9 0.4489760149288101 0.5509193449619261 0.04519459500318157 0.026053901273065616
6 0.4816002941001167 0.5186166409839079 0.03738209500318168 0.025598874964706475
8 0.512191904937162 0.49303611792880003 0.03340766500238623 0.019511986810526794
5 0.5427948791076731 0.46647903237369204 0.03152272000318179 0.025257605233437008
4 0.5655285366108549 0.4443497330102249 0.025595165002386455 0.01905696050216754
10 0.588374998046875 0.449723375 0.58664895703125 0.445915056640625 0.5635768359375 0.428460736328125 0.55908635546875 0.425825626953125 0.55496021875 0.426279041015625 0.04216647265625 0.870200716796875 0.0629908125 0.876290083984375 0.088469255859375 0.884614009765625 0.10751833203125 0.892741212890625 0.119701619140625 0.89957200390625 0.587633537109375 0.4532816640625 0.588374998046875 0.449723375