10 0.5399674648437501 0.17734672070312507 0.4834723026965543 0.17144870773923013 0.3977286223261045 0.9927597416890349 0.45422378447330036 0.9986577546529299
4 0.5390625 0.17187500000000006 0.482421875 0.17187500000000006 0.482421875 0.22070312500000006 0.5390625 0.22070312500000006
5 0.53125 0.23828125000000006 0.474609375 0.23828125000000006 0.474609375 0.2851562500000001 0.53125 0.2851562500000001
8 0.5234375 0.3027343750000001 0.46875 0.3027343750000001 0.46875 0.3457031250000001 0.5234375 0.3457031250000001
6 0.517578125 0.3613281250000001 0.4609375 0.3613281250000001 0.4609375 0.4082031250000001 0.517578125 0.4082031250000001
9 0.513671875 0.4257812500000001 0.455078125 0.4257812500000001 0.45507812500000006 0.4687500000000001 0.513671875 0.4687500000000001
1 0.50390625 0.48828125000000006 0.4492187500000001 0.48828125 0.4492187500000001 0.53125 0.50390625 0.53125
7 0.4980468750000001 0.548828125 0.4453125000000001 0.548828125 0.4453125000000001 0.591796875 0.4980468750000001 0.591796875
3 0.4921875000000001 0.611328125 0.4355468750000001 0.611328125 0.4355468750000001 0.654296875 0.4921875000000001 0.654296875
0 0.4863281250000001 0.671875 0.4316406250000001 0.671875 0.4316406250000001 0.71484375 0.4863281250000001 0.71484375
2 0.4785156250000001 0.734375 0.4238281250000001 0.734375 0.4238281250000001 0.77734375 0.4785156250000001 0.77734375