10 0.9522486777343752 0.7845057050781252 0.9512407579250906 0.7331823715819823 0.0028168165188404218 0.7518081157226071 0.0038247363281250033 0.80313144921875
2 0.0839843750000001 0.7578125 0.02734375000000009 0.7578125 0.027343750000000094 0.8046875 0.08398437500000011 0.8046875
0 0.1718750000000001 0.759765625 0.11523437500000008 0.759765625 0.1152343750000001 0.80078125 0.1718750000000001 0.80078125
3 0.2636718750000001 0.755859375 0.2050781250000001 0.755859375 0.2050781250000001 0.798828125 0.2636718750000001 0.798828125
7 0.3593750000000001 0.75390625 0.2988281250000001 0.75390625 0.2988281250000001 0.798828125 0.3593750000000001 0.798828125
1 0.4550781250000001 0.748046875 0.3925781250000001 0.748046875 0.3925781250000001 0.794921875 0.4550781250000001 0.794921875
9 0.548828125 0.74609375 0.4863281250000001 0.74609375 0.4863281250000001 0.79296875 0.548828125 0.79296875
6 0.646484375 0.744140625 0.58203125 0.744140625 0.58203125 0.791015625 0.646484375 0.791015625
8 0.744140625 0.7421875 0.6796875 0.7421875 0.6796875 0.787109375 0.744140625 0.787109375
5 0.841796875 0.740234375 0.783203125 0.740234375 0.783203125 0.787109375 0.841796875 0.787109375
4 0.947265625 0.7382812500000001 0.890625 0.73828125 0.890625 0.7851562500000001 0.947265625 0.7851562500000002