10 0.865066798828125 0.45902976171875015 0.8565322316730741 0.41964704009419934 0.09649552464182412 0.5843533897035742 0.105030091796875 0.623736111328125
2 0.3515625000000001 0.54296875 0.3066406250000001 0.54296875 0.3066406250000001 0.5703125 0.3515625000000001 0.5703125
0 0.4199218750000001 0.52734375 0.3789062500000001 0.52734375 0.3789062500000001 0.556640625 0.4199218750000001 0.556640625
3 0.4843750000000001 0.513671875 0.4453125000000001 0.513671875 0.4453125000000001 0.54296875 0.4843750000000001 0.54296875
7 0.546875 0.5 0.509765625 0.5 0.509765625 0.529296875 0.546875 0.529296875
1 0.60546875 0.4902343750000001 0.568359375 0.4902343750000001 0.568359375 0.515625 0.60546875 0.515625
9 0.658203125 0.4765625000000001 0.626953125 0.4765625000000001 0.626953125 0.50390625 0.658203125 0.50390625
6 0.712890625 0.4667968750000001 0.681640625 0.4667968750000001 0.681640625 0.4941406250000001 0.712890625 0.4941406250000001
8 0.763671875 0.4550781250000001 0.732421875 0.4550781250000001 0.732421875 0.4824218750000001 0.763671875 0.4824218750000001
5 0.810546875 0.4453125000000001 0.78125 0.4453125000000001 0.78125 0.4726562500000001 0.810546875 0.4726562500000001
4 0.859375 0.4355468750000001 0.830078125 0.4355468750000001 0.830078125 0.4609375000000001 0.859375 0.4609375000000001