10 0.7971825265217667 0.29267042406148336 0.792199398693815 0.22721408228405562 0.0049125479532982005 0.2871494668163223 0.009895675781250005 0.35260580859375007
2 0.21875000000000006 0.2734375 0.16601562500000006 0.2734375 0.16601562500000006 0.333984375 0.21875000000000006 0.333984375
0 0.29296875 0.271484375 0.24218750000000006 0.271484375 0.24218750000000006 0.328125 0.29296875 0.328125
3 0.36328125 0.265625 0.314453125 0.265625 0.314453125 0.32421875 0.36328125 0.32421875
7 0.431640625 0.263671875 0.384765625 0.263671875 0.384765625 0.318359375 0.431640625 0.318359375
1 0.49609375 0.26171875000000006 0.44921875 0.26171875 0.44921875 0.31250000000000006 0.49609375 0.3125000000000001
9 0.5546875 0.2558593750000001 0.515625 0.2558593750000001 0.515625 0.3066406250000001 0.5546875 0.3066406250000001
6 0.619140625 0.2500000000000001 0.578125 0.2500000000000001 0.578125 0.3027343750000001 0.619140625 0.3027343750000001
8 0.677734375 0.24804687500000006 0.638671875 0.24804687500000006 0.638671875 0.3007812500000001 0.677734375 0.3007812500000001
5 0.734375 0.2402343750000001 0.693359375 0.2402343750000001 0.693359375 0.2949218750000001 0.734375 0.2949218750000001
4 0.791015625 0.2382812500000001 0.751953125 0.2382812500000001 0.751953125 0.2851562500000001 0.791015625 0.2851562500000001