4 0.923828125 0.3476562500000001 0.87109375 0.3476562500000001 0.87109375 0.4140625000000001 0.923828125 0.4140625000000001
8 0.86328125 0.3242187500000001 0.8125 0.3242187500000001 0.8125 0.3945312500000001 0.86328125 0.3945312500000001
8 0.806640625 0.3046875000000001 0.75390625 0.3046875000000001 0.75390625 0.3750000000000001 0.806640625 0.3750000000000001
6 0.74609375 0.2812500000000001 0.689453125 0.2812500000000001 0.689453125 0.3554687500000001 0.74609375 0.3554687500000001
9 0.681640625 0.2578125000000001 0.623046875 0.2578125000000001 0.623046875 0.3320312500000001 0.681640625 0.3320312500000001
1 0.61328125 0.23437500000000006 0.5546875 0.23437500000000006 0.5546875 0.3066406250000001 0.61328125 0.3066406250000001
7 0.544921875 0.20703125000000006 0.484375 0.20703125000000006 0.484375 0.2871093750000001 0.544921875 0.2871093750000001
3 0.474609375 0.17773437500000006 0.408203125 0.17773437500000006 0.408203125 0.25781250000000006 0.474609375 0.2578125000000001
0 0.396484375 0.14843750000000006 0.328125 0.14843750000000006 0.328125 0.23046875000000006 0.396484375 0.23046875000000006
2 0.3125 0.11523437500000003 0.240234375 0.11523437500000003 0.240234375 0.20312500000000006 0.3125 0.20312500000000006
10 0.9333459812342304 0.3495757210146092 0.09032078306490574 0.05484660242810689 0.06499910243060805 0.12727519359373993 0.9080243005999328 0.42200431218024226