2 0.2662687731404554 0.92696845855981 0.07752242635658935 0.08708455476935528
0 0.34882540388519523 0.9091988544497625 0.07544413941952777 0.08499485396477802
3 0.4276635275355275 0.8882264112305607 0.07128756554540439 0.08081545235562371
7 0.5052747648117365 0.8710919301090703 0.06945960248246608 0.08263200155104666
1 0.5780031895879455 0.8536160094761369 0.06933444054540439 0.08067887655104666
9 0.6476767649270928 0.8378883501363379 0.06542819054540439 0.08040572494189213
6 0.7163111967977094 0.8230689653942502 0.061271616671281226 0.07622632333273804
8 0.7809142167312642 0.8099295540430081 0.061271616671281226 0.07622632333273782
5 0.8435641116648191 0.796653566887189 0.057240204734219535 0.07400004672358351
4 0.9064017495039665 0.7804478922313698 0.053083630860096154 0.0698206451144292
10 0.0983385 1 0.2384729453125 0.97175717578125 0.476156888671875 0.913278318359375 0.6942090390625 0.8612380234375 0.93351551171875 0.80915265625 0.9221943359375 0.74776605859375 0.7920917890625 0.77089381640625 0.386500748046875 0.8609901953125 0.22796165625 0.89694084765625 0.050669498046875 0.931709318359375 0.06301027734375 1 0.0983385 1