10 1.0033085844335183 0.3695557841377776 0.1433313688877535 0.28697566656587287 0.1400227844542351 0.32143077891247035 1 0.4040108964843751
2 0.8046875 0.3457031250000001 0.7578125 0.3457031250000001 0.7578125 0.3867187500000001 0.8046875 0.3867187500000001
0 0.736328125 0.3398437500000001 0.69140625 0.3398437500000001 0.69140625 0.3789062500000001 0.736328125 0.3789062500000001
3 0.669921875 0.3339843750000001 0.623046875 0.3339843750000001 0.623046875 0.3730468750000001 0.669921875 0.3730468750000001
7 0.6015625 0.3261718750000001 0.556640625 0.3261718750000001 0.556640625 0.3671875000000001 0.6015625 0.3671875000000001
1 0.53515625 0.3183593750000001 0.48828125 0.3183593750000001 0.48828125 0.3593750000000001 0.53515625 0.3593750000000001
9 0.466796875 0.31250000000000006 0.419921875 0.3125 0.419921875 0.35351562500000006 0.466796875 0.3535156250000001
6 0.3984375 0.306640625 0.3515625 0.306640625 0.3515625 0.345703125 0.3984375 0.345703125
8 0.330078125 0.298828125 0.283203125 0.298828125 0.283203125 0.33984375 0.330078125 0.33984375
5 0.259765625 0.29296875 0.21289062500000006 0.29296875 0.21289062500000006 0.33203125 0.259765625 0.33203125
4 0.18750000000000006 0.28515625 0.14257812500000006 0.28515625 0.14257812500000006 0.326171875 0.18750000000000006 0.326171875