2 0.3671875000000001 0.78125 0.3125000000000001 0.78125 0.3125000000000001 0.828125 0.3671875000000001 0.828125
10 0.3858192734375 0.939616248046875 0.25802689294287523 0.229761137501041 0.206620337890625 0.23901565429687502 0.3344127183852498 0.948870764842709
0 0.3574218750000001 0.720703125 0.2988281250000001 0.720703125 0.2988281250000001 0.7734375 0.3574218750000001 0.7734375
3 0.3457031250000001 0.6640625 0.2890625000000001 0.6640625 0.2890625000000001 0.716796875 0.3457031250000001 0.716796875
7 0.3359375000000001 0.60546875 0.2773437500000001 0.60546875 0.2773437500000001 0.658203125 0.3359375000000001 0.658203125
1 0.3242187500000001 0.544921875 0.2675781250000001 0.544921875 0.2675781250000001 0.59765625 0.3242187500000001 0.59765625
9 0.3144531250000001 0.486328125 0.2578125000000001 0.486328125 0.2578125000000001 0.5390625 0.3144531250000001 0.5390625
6 0.30273437500000006 0.42578125 0.24414062500000006 0.42578125 0.24414062500000006 0.478515625 0.3027343750000001 0.478515625
8 0.291015625 0.359375 0.23046875000000006 0.359375 0.23046875000000006 0.416015625 0.291015625 0.416015625
5 0.279296875 0.296875 0.21679687500000006 0.296875 0.21679687500000006 0.3515625 0.279296875 0.3515625
4 0.267578125 0.23046875000000003 0.20507812500000006 0.23046875 0.20507812500000006 0.287109375 0.267578125 0.287109375