10 0.5702614103342637 0.8941759448414713 0.47359535284267695 -0.0038717727437412378 0.4370556202427882 0.0000613722585374385 0.533721677734375 0.89810908984375
4 0.56640625 0.84375 0.53125 0.84375 0.53125 0.892578125 0.56640625 0.892578125
5 0.55859375 0.767578125 0.5234375 0.767578125 0.5234375 0.8125 0.55859375 0.8125
8 0.552734375 0.689453125 0.513671875 0.689453125 0.513671875 0.740234375 0.552734375 0.740234375
6 0.54296875 0.6171875 0.505859375 0.6171875 0.505859375 0.666015625 0.54296875 0.666015625
9 0.53515625 0.54296875 0.4980468750000001 0.54296875 0.4980468750000001 0.58984375 0.53515625 0.58984375
1 0.52734375 0.4667968750000001 0.4882812500000001 0.4667968750000001 0.4882812500000001 0.515625 0.52734375 0.515625
7 0.51953125 0.3945312500000001 0.482421875 0.3945312500000001 0.482421875 0.4394531250000001 0.51953125 0.4394531250000001
3 0.51171875 0.3203125000000001 0.47265625 0.3203125000000001 0.47265625 0.3652343750000001 0.51171875 0.3652343750000001
0 0.50390625 0.24414062500000006 0.46484375 0.24414062500000006 0.46484375 0.2949218750000001 0.50390625 0.2949218750000001
2 0.49609375 0.16796875000000006 0.45703125 0.16796875000000006 0.45703125 0.21679687500000006 0.49609375 0.21679687500000006